25.000000 25.000000 25.000000 25.000000 25.000000 25.000000 25.000000 25.000000 25.000000 25.000000 25.000000 25.000000 25.000000 25.000000 25.000000 25.000000 25.000000 25.000000 25.000000 25.000000 25.000000 25.000000 25.000000 25.000000 25.000000 25.000000 25.000000 25.000000 25.000000 25.000000 25.000000 25.000000 25.000000 25.000000 25.000000 25.000000 25.000000 25.000000 25.000000 25.000000 25.000000 25.000000 25.000000 25.000000 25.000000 25.000000 25.000000 25.000000 25.000000 25.000000 25.000000 25.000000 25.000000 25.000000 25.000000 25.000000 25.000000 25.000000 25.000000 25.000000 25.000000 25.000000 25.000000 25.000000 25.000000 25.000000 25.000000 25.000000 25.000000 25.000000 25.000000 25.000000 25.000000 25.000000 25.000000 25.000000 25.000000 25.000000 25.000000 25.000000 25.000000 25.000000 25.000000 25.000000 25.000000 25.000000 25.000000 25.000000 25.000000 25.000000 25.000000 25.000000 25.000000 25.000000 25.000000 25.000000 25.000000 25.000000 25.000000 25.000000 25.000000 25.000000 25.000000 25.000000 25.000000 25.000000 25.000000 25.000000 25.000000 25.000000 25.000000 25.000000 25.000000 25.000000 25.000000 25.000000 25.000000 25.000000 25.000000 25.000000 25.000000 25.000000 25.000000 25.000000 25.000000 25.000000 25.000000 25.000000 25.000000 25.000000 25.000000 25.000000 25.000000 25.000000 25.000000 25.000000 25.000000 25.000000 25.000000 25.000000 25.000000 25.000000 25.000000 25.000000 25.000000 25.000000 25.000000 25.000000 25.000000 25.000000 25.000000 25.000000 25.000000 25.000000 25.000000 25.000000 25.000000 25.000000 25.000000 25.000000 25.000000 25.000000 25.000000 25.000000 25.000000 25.000000 25.000000 25.000000 25.000000 25.000000 25.000000 25.000000 25.000000 25.000000 25.000000 25.000000 25.000000 25.000000 25.000000 25.000000 25.000000 25.000000 25.000000 25.000000 25.000000 25.000000 25.000000 25.000000 25.000000 25.000000 25.000000 25.000000 25.000000 25.000000 25.000000 25.000000 25.000000 25.000000 25.000000 25.000000 
25.000000 25.000254 25.000515 25.000776 25.001051 25.001328 25.001629 25.001932 25.002270 25.002609 25.002996 25.003382 25.003828 25.004274 25.004795 25.005312 25.005919 25.006521 25.007231 25.007931 25.008759 25.009569 25.010534 25.011471 25.012592 25.013668 25.014965 25.016195 25.017689 25.019089 25.020802 25.022387 25.024338 25.026125 25.028336 25.030336 25.032831 25.035057 25.037855 25.040318 25.043438 25.046146 25.049610 25.052570 25.056391 25.059607 25.063799 25.067266 25.071840 25.075558 25.080521 25.084478 25.089832 25.094013 25.099758 25.104145 25.110270 25.114841 25.121332 25.126055 25.132895 25.137735 25.144899 25.149815 25.157270 25.162216 25.169930 25.174854 25.182779 25.187634 25.195721 25.200443 25.208641 25.213173 25.221422 25.225704 25.233942 25.237913 25.246075 25.249672 25.257689 25.260857 25.268661 25.271341 25.278868 25.281010 25.288189 25.289745 25.296515 25.297445 25.303743 25.304014 25.309786 25.309372 25.314568 25.313452 25.318027 25.316200 25.320122 25.317585 25.320824 25.317585 25.320122 25.316200 25.318027 25.313452 25.314568 25.309372 25.309786 25.304014 25.303743 25.297445 25.296515 25.289745 25.288189 25.281010 25.278868 25.271341 25.268661 25.260857 25.257689 25.249672 25.246075 25.237913 25.233942 25.225704 25.221422 25.213173 25.208641 25.200443 25.195721 25.187634 25.182779 25.174854 25.169930 25.162216 25.157270 25.149815 25.144899 25.137735 25.132895 25.126055 25.121332 25.114841 25.110270 25.104145 25.099758 25.094013 25.089832 25.084476 25.080521 25.075558 25.071840 25.067265 25.063799 25.059605 25.056391 25.052570 25.049610 25.046146 25.043438 25.040316 25.037853 25.035053 25.032829 25.030333 25.028334 25.026119 25.024334 25.022381 25.020794 25.019083 25.017679 25.016186 25.014952 25.013655 25.012575 25.011454 25.010513 25.009546 25.008732 25.007900 25.007196 25.006481 25.005875 25.005260 25.004736 25.004210 25.003756 25.003298 25.002901 25.002504 25.002151 25.001801 25.001482 25.001163 25.000866 25.000570 25.000284 25.000000 
25.000000 25.000515 25.001030 25.001568 25.002104 25.002682 25.003260 25.003901 25.004541 25.005268 25.005993 25.006828 25.007660 25.008629 25.009592 25.010721 25.011843 25.013163 25.014467 25.016006 25.017521 25.019318 25.021069 25.023161 25.025177 25.027603 25.029915 25.032715 25.035353 25.038570 25.041563 25.045240 25.048622 25.052799 25.056597 25.061319 25.065561 25.070873 25.075579 25.081520 25.086712 25.093323 25.099014 25.106325 25.112528 25.120573 25.127285 25.136087 25.143305 25.152884 25.160593 25.170956 25.179132 25.190279 25.198891 25.210812 25.219816 25.232489 25.241831 25.255222 25.264835 25.278904 25.288712 25.303402 25.313318 25.328558 25.338486 25.354198 25.364033 25.380123 25.389753 25.406118 25.415430 25.431955 25.440825 25.457392 25.465696 25.482174 25.489794 25.506050 25.512861 25.528759 25.534651 25.550055 25.554914 25.569689 25.573420 25.587433 25.589945 25.603075 25.604294 25.616421 25.616289 25.627306 25.625778 25.635592 25.632645 25.641178 25.636801 25.643990 25.638193 25.643990 25.636801 25.641178 25.632645 25.635592 25.625778 25.627306 25.616289 25.616421 25.604294 25.603075 25.589945 25.587433 25.573420 25.569689 25.554914 25.550055 25.534651 25.528759 25.512861 25.506050 25.489794 25.482174 25.465696 25.457392 25.440825 25.431955 25.415430 25.406118 25.389753 25.380123 25.364033 25.354198 25.338486 25.328558 25.313318 25.303402 25.288712 25.278904 25.264835 25.255222 25.241831 25.232489 25.219816 25.210812 25.198891 25.190279 25.179132 25.170956 25.160591 25.152884 25.143303 25.136087 25.127283 25.120573 25.112526 25.106325 25.099010 25.093321 25.086710 25.081518 25.075575 25.070869 25.065556 25.061316 25.056589 25.052792 25.048613 25.045227 25.041552 25.038553 25.035336 25.032694 25.029892 25.027576 25.025146 25.023125 25.021029 25.019272 25.017467 25.015947 25.014397 25.013084 25.011755 25.010620 25.009478 25.008497 25.007513 25.006660 25.005806 25.005056 25.004305 25.003635 25.002964 25.002350 25.001734 25.001152 25.000570 25.000000 
25.000000 25.000776 25.001568 25.002359 25.003197 25.004036 25.004955 25.005873 25.006903 25.007931 25.009106 25.010279 25.011637 25.012989 25.014570 25.016142 25.017986 25.019815 25.021971 25.024094 25.026611 25.029070 25.032005 25.034843 25.038254 25.041517 25.045460 25.049192 25.053734 25.057981 25.063183 25.067995 25.073921 25.079340 25.086060 25.092125 25.099703 25.106457 25.114952 25.122425 25.131903 25.140121 25.150635 25.159616 25.171215 25.180969 25.193693 25.204218 25.218100 25.229380 25.244440 25.256447 25.272692 25.285381 25.302805 25.316122 25.334700 25.348570 25.368259 25.382591 25.403337 25.418024 25.439751 25.454668 25.477280 25.492289 25.515675 25.530624 25.554651 25.569382 25.593901 25.608236 25.633085 25.646847 25.671846 25.684851 25.709814 25.721872 25.746603 25.757534 25.781824 25.791451 25.815098 25.823248 25.846045 25.852564 25.874308 25.879053 25.899551 25.902399 25.921471 25.922319 25.939793 25.938566 25.954290 25.950935 25.964781 25.959270 25.971130 25.963465 25.973255 25.963465 25.971130 25.959270 25.964781 25.950935 25.954290 25.938566 25.939793 25.922319 25.921471 25.902399 25.899551 25.879053 25.874308 25.852564 25.846045 25.823248 25.815098 25.791451 25.781824 25.757534 25.746603 25.721872 25.709814 25.684851 25.671846 25.646847 25.633085 25.608236 25.593901 25.569382 25.554651 25.530624 25.515675 25.492289 25.477280 25.454668 25.439751 25.418024 25.403337 25.382591 25.368259 25.348570 25.334700 25.316122 25.302805 25.285381 25.272692 25.256445 25.244438 25.229378 25.218100 25.204214 25.193691 25.180965 25.171213 25.159613 25.150633 25.140118 25.131899 25.122419 25.114948 25.106449 25.099695 25.092117 25.086050 25.079329 25.073906 25.067978 25.063162 25.057959 25.053705 25.049162 25.045424 25.041477 25.038206 25.034790 25.031944 25.028999 25.026531 25.024000 25.021866 25.019695 25.017851 25.015989 25.014397 25.012793 25.011414 25.010027 25.008821 25.007612 25.006542 25.005472 25.004505 25.003536 25.002634 25.001734 25.000866 25.000000 
25.000000 25.001051 25.002104 25.003197 25.004292 25.005470 25.006651 25.007957 25.009264 25.010744 25.012222 25.013924 25.015619 25.017593 25.019560 25.021860 25.024145 25.026833 25.029488 25.032629 25.035707 25.039375 25.042934 25.047201 25.051302 25.056250 25.060951 25.066660 25.072027 25.078581 25.084673 25.092161 25.099043 25.107553 25.115280 25.124901 25.133526 25.144344 25.153919 25.166016 25.176579 25.190035 25.201612 25.216497 25.229113 25.245485 25.259142 25.277052 25.291739 25.311222 25.326910 25.347982 25.364624 25.387289 25.404814 25.429050 25.447374 25.473135 25.492146 25.519367 25.538929 25.567524 25.587482 25.617334 25.637514 25.668482 25.688686 25.720608 25.740625 25.773310 25.792917 25.826153 25.845112 25.878670 25.896734 25.930368 25.947289 25.980740 25.996265 26.029261 26.043152 26.075417 26.087435 26.118690 26.128618 26.158590 26.166225 26.194647 26.199810 26.226429 26.228968 26.253548 26.253342 26.275665 26.272625 26.292503 26.286577 26.303852 26.295021 26.309563 26.297848 26.309563 26.295021 26.303852 26.286577 26.292503 26.272625 26.275665 26.253342 26.253548 26.228968 26.226429 26.199810 26.194647 26.166225 26.158590 26.128618 26.118690 26.087435 26.075417 26.043152 26.029261 25.996265 25.980740 25.947289 25.930368 25.896734 25.878670 25.845112 25.826153 25.792917 25.773310 25.740625 25.720608 25.688686 25.668482 25.637514 25.617334 25.587482 25.567524 25.538929 25.519367 25.492146 25.473135 25.447372 25.429050 25.404814 25.387289 25.364622 25.347982 25.326908 25.311220 25.291737 25.277050 25.259138 25.245483 25.229109 25.216494 25.201609 25.190029 25.176573 25.166010 25.153910 25.144337 25.133516 25.124889 25.115265 25.107536 25.099024 25.092138 25.084648 25.078550 25.071991 25.066618 25.060905 25.056194 25.051239 25.047131 25.042850 25.039280 25.035597 25.032505 25.029345 25.026672 25.023962 25.021652 25.019325 25.017328 25.015322 25.013584 25.011841 25.010313 25.008783 25.007416 25.006046 25.004791 25.003536 25.002350 25.001163 25.000000 
25.000000 25.001328 25.002682 25.004036 25.005470 25.006907 25.008476 25.010046 25.011805 25.013563 25.015572 25.017576 25.019897 25.022209 25.024910 25.027594 25.030746 25.033865 25.037552 25.041172 25.045479 25.049671 25.054689 25.059528 25.065357 25.070919 25.077660 25.084023 25.091782 25.099026 25.107908 25.116114 25.126234 25.135473 25.146944 25.157290 25.170219 25.181734 25.196234 25.208977 25.225145 25.239157 25.257090 25.272404 25.292183 25.308815 25.330509 25.348455 25.372116 25.391352 25.417015 25.437490 25.465168 25.486811 25.516489 25.539202 25.570839 25.594494 25.628021 25.652464 25.687784 25.712833 25.749815 25.775259 25.813740 25.839346 25.879137 25.904644 25.945518 25.970652 26.012356 26.036823 26.079081 26.102571 26.145079 26.167286 26.209721 26.230324 26.272350 26.291039 26.332312 26.348782 26.388952 26.402914 26.441629 26.452818 26.489737 26.497910 26.532703 26.537653 26.570007 26.571560 26.601192 26.599211 26.625866 26.620264 26.643719 26.634449 26.654524 26.641588 26.658140 26.641588 26.654524 26.634449 26.643719 26.620264 26.625866 26.599211 26.601192 26.571560 26.570007 26.537653 26.532703 26.497910 26.489737 26.452818 26.441629 26.402914 26.388952 26.348782 26.332312 26.291039 26.272350 26.230324 26.209721 26.167286 26.145079 26.102571 26.079081 26.036823 26.012356 25.970652 25.945518 25.904644 25.879137 25.839346 25.813740 25.775259 25.749815 25.712833 25.687784 25.652464 25.628021 25.594494 25.570839 25.539200 25.516489 25.486811 25.465166 25.437490 25.417013 25.391350 25.372114 25.348452 25.330505 25.308811 25.292179 25.272400 25.257086 25.239151 25.225138 25.208967 25.196224 25.181723 25.170208 25.157274 25.146925 25.135452 25.126209 25.116085 25.107876 25.098988 25.091736 25.083971 25.077599 25.070850 25.065277 25.059437 25.054585 25.049547 25.045340 25.041012 25.037373 25.033659 25.030514 25.027330 25.024612 25.021873 25.019516 25.017147 25.015085 25.013020 25.011190 25.009361 25.007706 25.006048 25.004507 25.002966 25.001482 25.000000 
25.000000 25.001629 25.003260 25.004955 25.006651 25.008476 25.010302 25.012325 25.014347 25.016638 25.018925 25.021557 25.024183 25.027237 25.030275 25.033836 25.037363 25.041525 25.045622 25.050488 25.055237 25.060915 25.066408 25.073013 25.079340 25.086994 25.094250 25.103079 25.111361 25.121494 25.130898 25.142471 25.153091 25.166239 25.178165 25.193026 25.206339 25.223045 25.237820 25.256498 25.272797 25.293564 25.311434 25.334400 25.353868 25.379128 25.400202 25.427824 25.450489 25.480530 25.504740 25.537224 25.562906 25.597836 25.624886 25.662224 25.690506 25.730188 25.759529 25.801453 25.831648 25.875675 25.906485 25.952435 25.983589 26.031246 26.062447 26.111559 26.142477 26.192751 26.223040 26.274153 26.303448 26.355045 26.382967 26.434669 26.460835 26.512241 26.536268 26.586960 26.608473 26.658030 26.676666 26.724659 26.740082 26.786089 26.797987 26.841600 26.849697 26.890528 26.894592 26.932274 26.932116 26.966320 26.961805 26.992241 26.983284 27.009708 26.996284 27.018499 27.000635 27.018499 26.996284 27.009708 26.983284 26.992241 26.961805 26.966320 26.932116 26.932274 26.894592 26.890528 26.849697 26.841600 26.797987 26.786089 26.740082 26.724659 26.676666 26.658030 26.608473 26.586960 26.536268 26.512241 26.460835 26.434669 26.382967 26.355045 26.303448 26.274153 26.223040 26.192751 26.142477 26.111559 26.062447 26.031246 25.983589 25.952435 25.906485 25.875673 25.831648 25.801453 25.759529 25.730188 25.690504 25.662224 25.624884 25.597834 25.562906 25.537222 25.504738 25.480528 25.450487 25.427820 25.400198 25.379124 25.353865 25.334396 25.311428 25.293558 25.272787 25.256487 25.237806 25.223030 25.206322 25.193007 25.178143 25.166214 25.153061 25.142435 25.130857 25.121447 25.111305 25.103014 25.094177 25.086908 25.079243 25.072901 25.066278 25.060768 25.055067 25.050295 25.045401 25.041275 25.037079 25.033514 25.029911 25.026823 25.023720 25.021030 25.018335 25.015970 25.013601 25.011484 25.009365 25.007421 25.005478 25.003639 25.001802 25.000000 
25.000000 25.001932 25.003901 25.005873 25.007957 25.010046 25.012325 25.014605 25.017160 25.019716 25.022635 25.025547 25.028917 25.032274 25.036196 25.040087 25.044670 25.049187 25.054546 25.059790 25.066048 25.072119 25.079411 25.086418 25.094883 25.102938 25.112722 25.121939 25.133196 25.143688 25.156574 25.168457 25.183132 25.196514 25.213140 25.228125 25.246862 25.263540 25.284544 25.302996 25.326412 25.346704 25.372665 25.394844 25.423470 25.447557 25.478945 25.504934 25.539162 25.567017 25.604128 25.633781 25.673792 25.705137 25.748028 25.780922 25.826633 25.860893 25.909325 25.944727 25.995733 26.032015 26.085407 26.122267 26.177809 26.214909 26.272322 26.309288 26.368250 26.404682 26.464827 26.500301 26.561226 26.595301 26.656569 26.688793 26.749941 26.779860 26.840401 26.867559 26.926996 26.950960 27.008787 27.029140 27.084852 27.101208 27.154314 27.166325 27.216351 27.223713 27.270208 27.272673 27.315229 27.312599 27.350851 27.342995 27.376623 27.363476 27.392220 27.373783 27.397440 27.373783 27.392220 27.363476 27.376623 27.342995 27.350851 27.312599 27.315229 27.272673 27.270208 27.223713 27.216351 27.166325 27.154314 27.101208 27.084852 27.029140 27.008787 26.950960 26.926996 26.867559 26.840401 26.779860 26.749941 26.688793 26.656569 26.595301 26.561226 26.500301 26.464827 26.404682 26.368250 26.309288 26.272322 26.214909 26.177809 26.122267 26.085407 26.032015 25.995733 25.944727 25.909325 25.860893 25.826633 25.780922 25.748028 25.705137 25.673792 25.633780 25.604126 25.567015 25.539158 25.504932 25.478941 25.447552 25.423466 25.394838 25.372660 25.346695 25.326401 25.302982 25.284529 25.263521 25.246841 25.228102 25.213114 25.196484 25.183096 25.168415 25.156525 25.143631 25.133129 25.121862 25.112633 25.102837 25.094765 25.086283 25.079256 25.071941 25.065845 25.059557 25.054283 25.048889 25.044331 25.039703 25.035761 25.031784 25.028360 25.024923 25.021927 25.018925 25.016268 25.013609 25.011202 25.008795 25.006554 25.004314 25.002157 25.000000 
25.000000 25.002270 25.004541 25.006903 25.009264 25.011805 25.014347 25.017160 25.019978 25.023163 25.026348 25.030006 25.033659 25.037905 25.042124 25.047079 25.051973 25.057766 25.063448 25.070219 25.076807 25.084707 25.092323 25.101507 25.110281 25.120918 25.130983 25.143248 25.154732 25.168806 25.181847 25.197914 25.212639 25.230888 25.247423 25.268040 25.286499 25.309666 25.330153 25.356045 25.378643 25.407423 25.432199 25.464016 25.491007 25.525988 25.555206 25.593449 25.624870 25.666445 25.700010 25.744955 25.780560 25.828871 25.866373 25.918003 25.957212 26.012068 26.052748 26.110683 26.152552 26.213373 26.256098 26.319559 26.362768 26.428566 26.471848 26.539631 26.582533 26.651899 26.693941 26.764442 26.805119 26.876266 26.915056 26.986324 27.022697 27.093534 27.126961 27.196793 27.226755 27.294994 27.320995 27.387054 27.408627 27.471924 27.488636 27.548611 27.560083 27.616198 27.622108 27.673864 27.673950 27.720892 27.714964 27.756695 27.744637 27.780819 27.762594 27.792959 27.768606 27.792959 27.762594 27.780819 27.744637 27.756695 27.714964 27.720892 27.673950 27.673864 27.622108 27.616198 27.560083 27.548611 27.488636 27.471924 27.408627 27.387054 27.320995 27.294994 27.226755 27.196793 27.126961 27.093534 27.022697 26.986324 26.915056 26.876266 26.805119 26.764442 26.693941 26.651899 26.582533 26.539631 26.471848 26.428566 26.362768 26.319559 26.256098 26.213373 26.152550 26.110683 26.052746 26.012068 25.957212 25.918003 25.866373 25.828871 25.780560 25.744953 25.700006 25.666443 25.624866 25.593443 25.555201 25.525982 25.491001 25.464008 25.432190 25.407413 25.378630 25.356030 25.330133 25.309645 25.286476 25.268011 25.247393 25.230850 25.212597 25.197865 25.181789 25.168739 25.154655 25.143158 25.130878 25.120800 25.110144 25.101349 25.092142 25.084499 25.076571 25.069950 25.063141 25.057417 25.051577 25.046629 25.041616 25.037327 25.033009 25.029272 25.025522 25.022230 25.018936 25.015987 25.013041 25.010334 25.007629 25.005070 25.002510 25.000000 
25.000000 25.002609 25.005268 25.007931 25.010744 25.013563 25.016638 25.019716 25.023163 25.026611 25.030542 25.034472 25.039015 25.043537 25.048824 25.054060 25.060240 25.066317 25.073542 25.080593 25.089029 25.097193 25.107019 25.116440 25.127842 25.138672 25.151846 25.164234 25.179384 25.193487 25.210825 25.226795 25.246532 25.264515 25.286869 25.307003 25.332184 25.354595 25.382811 25.407604 25.439047 25.466314 25.501163 25.530962 25.569374 25.601734 25.643839 25.678755 25.724649 25.762072 25.811819 25.851656 25.905272 25.947380 26.004835 26.049028 26.110239 26.156269 26.221102 26.268669 26.336926 26.385677 26.457104 26.506639 26.580917 26.630785 26.707539 26.757238 26.836035 26.885031 26.965380 27.013107 27.094469 27.140335 27.222126 27.265528 27.347126 27.387455 27.468214 27.504866 27.584120 27.616508 27.693583 27.721153 27.795372 27.817606 27.888317 27.904749 27.971317 27.981544 28.043377 28.047058 28.103607 28.100481 28.151258 28.141151 28.185734 28.168554 28.206594 28.182344 28.213579 28.182344 28.206594 28.168554 28.185734 28.141151 28.151258 28.100481 28.103607 28.047058 28.043377 27.981544 27.971317 27.904749 27.888317 27.817606 27.795372 27.721153 27.693583 27.616508 27.584120 27.504866 27.468214 27.387455 27.347126 27.265528 27.222126 27.140335 27.094469 27.013107 26.965380 26.885031 26.836035 26.757238 26.707539 26.630785 26.580917 26.506639 26.457104 26.385677 26.336924 26.268667 26.221100 26.156267 26.110239 26.049026 26.004835 25.947380 25.905270 25.851654 25.811815 25.762068 25.724646 25.678749 25.643833 25.601727 25.569366 25.530952 25.501154 25.466301 25.439032 25.407587 25.382790 25.354570 25.332157 25.306971 25.286831 25.264473 25.246483 25.226738 25.210758 25.193411 25.179295 25.164129 25.151724 25.138533 25.127684 25.116257 25.106810 25.096952 25.088757 25.080280 25.073187 25.065912 25.059782 25.053541 25.048235 25.042871 25.038261 25.033625 25.029587 25.025539 25.021954 25.018368 25.015120 25.011873 25.008848 25.005825 25.002913 25.000000 
25.000000 25.002996 25.005993 25.009106 25.012222 25.015572 25.018925 25.022635 25.026348 25.030542 25.034739 25.039560 25.044367 25.049961 25.055510 25.062038 25.068472 25.076103 25.083569 25.092487 25.101141 25.111542 25.121544 25.133633 25.145155 25.159149 25.172363 25.188492 25.203571 25.222071 25.239191 25.260302 25.279633 25.303598 25.325304 25.352367 25.376596 25.406998 25.433886 25.467848 25.497507 25.535242 25.567759 25.609457 25.644878 25.690706 25.729048 25.779131 25.820362 25.874790 25.918831 25.977650 26.024368 26.087568 26.136776 26.204292 26.255743 26.327450 26.380833 26.456539 26.511484 26.590933 26.647011 26.729877 26.786602 26.872486 26.929317 27.017761 27.074108 27.164583 27.219822 27.311743 27.365210 27.457937 27.508955 27.601801 27.649679 27.741922 27.785971 27.876863 27.916403 28.005184 28.039564 28.125465 28.154074 28.236340 28.258617 28.336515 28.351965 28.424797 28.432997 28.500116 28.500719 28.561537 28.554296 28.608294 28.593058 28.639799 28.616512 28.655653 28.624363 28.655653 28.616512 28.639799 28.593058 28.608294 28.554296 28.561537 28.500719 28.500116 28.432997 28.424797 28.351965 28.336515 28.258617 28.236340 28.154074 28.125465 28.039564 28.005184 27.916403 27.876863 27.785971 27.741922 27.649679 27.601801 27.508955 27.457937 27.365210 27.311743 27.219822 27.164583 27.074108 27.017761 26.929317 26.872486 26.786602 26.729877 26.647011 26.590933 26.511484 26.456539 26.380831 26.327448 26.255741 26.204292 26.136776 26.087566 26.024368 25.977648 25.918829 25.874788 25.820356 25.779127 25.729040 25.690701 25.644869 25.609449 25.567745 25.535229 25.497490 25.467827 25.433863 25.406969 25.376566 25.352329 25.325260 25.303547 25.279575 25.260233 25.239113 25.221981 25.203468 25.188372 25.172226 25.158991 25.144974 25.133425 25.121305 25.111267 25.100828 25.092131 25.083162 25.075642 25.067945 25.061441 25.054836 25.049198 25.043507 25.038588 25.033649 25.029312 25.024971 25.021084 25.017200 25.013632 25.010065 25.006687 25.003313 25.000000 
25.000000 25.003382 25.006828 25.010279 25.013924 25.017576 25.021557 25.025547 25.030006 25.034472 25.039560 25.044640 25.050520 25.056364 25.063210 25.069971 25.077969 25.085812 25.095161 25.104258 25.115171 25.125702 25.138407 25.150558 25.165295 25.179260 25.196278 25.212255 25.231815 25.250002 25.272377 25.292967 25.318428 25.341612 25.370434 25.396389 25.428843 25.457729 25.494080 25.526037 25.566526 25.601669 25.646524 25.684929 25.734350 25.776052 25.830202 25.875196 25.934196 25.982418 26.046345 26.097677 26.166548 26.220808 26.294580 26.351526 26.430092 26.489405 26.572584 26.633886 26.721424 26.784262 26.875828 26.939682 27.034866 27.099161 27.197479 27.261576 27.362469 27.425680 27.528517 27.590120 27.694208 27.753443 27.858036 27.914127 28.018429 28.070599 28.173780 28.221254 28.322460 28.364489 28.462860 28.498730 28.593405 28.622454 28.712593 28.734222 28.819021 28.832708 28.911409 28.916723 28.988628 28.985229 29.049717 29.037380 29.093914 29.072517 29.120657 29.090199 29.129610 29.090199 29.120657 29.072517 29.093914 29.037380 29.049717 28.985229 28.988628 28.916723 28.911409 28.832708 28.819021 28.734222 28.712593 28.622454 28.593405 28.498730 28.462860 28.364489 28.322460 28.221254 28.173780 28.070599 28.018429 27.914127 27.858036 27.753443 27.694208 27.590120 27.528517 27.425680 27.362469 27.261576 27.197479 27.099161 27.034866 26.939682 26.875828 26.784262 26.721424 26.633886 26.572584 26.489405 26.430090 26.351524 26.294580 26.220806 26.166546 26.097673 26.046343 25.982414 25.934193 25.875189 25.830196 25.776045 25.734341 25.684917 25.646513 25.601652 25.566507 25.526014 25.494051 25.457699 25.428806 25.396347 25.370384 25.341555 25.318361 25.292891 25.272287 25.249899 25.231697 25.212118 25.196121 25.179079 25.165087 25.150320 25.138136 25.125391 25.114817 25.103853 25.094700 25.085287 25.077372 25.069296 25.062443 25.055498 25.049541 25.043541 25.038317 25.033081 25.028439 25.023798 25.019590 25.015387 25.011465 25.007549 25.003775 25.000000 
25.000000 25.003828 25.007660 25.011637 25.015619 25.019897 25.024183 25.028917 25.033659 25.039015 25.044367 25.050520 25.056646 25.063787 25.070854 25.079185 25.087376 25.097113 25.106613 25.117989 25.128998 25.142256 25.154982 25.170385 25.185040 25.202864 25.219666 25.240198 25.259373 25.282911 25.304676 25.331526 25.356098 25.386566 25.414154 25.448544 25.479338 25.517948 25.552116 25.595234 25.632919 25.680805 25.722116 25.775009 25.820011 25.878113 25.926823 25.990292 26.042669 26.111616 26.167561 26.242037 26.301382 26.381371 26.443880 26.529295 26.594652 26.685331 26.753149 26.848846 26.918655 27.019041 27.090298 27.194956 27.267046 27.375471 27.447716 27.559320 27.630976 27.745094 27.815367 27.931257 27.999315 28.116167 28.181150 28.298100 28.359137 28.475271 28.531490 28.645864 28.696409 28.808065 28.852116 28.960087 28.996870 29.100204 29.129011 29.226788 29.246990 29.338333 29.349394 29.433489 29.434973 29.511084 29.502674 29.570152 29.551651 29.609953 29.581287 29.629978 29.591208 29.629978 29.581287 29.609953 29.551651 29.570152 29.502674 29.511084 29.434973 29.433489 29.349394 29.338333 29.246990 29.226788 29.129011 29.100204 28.996870 28.960087 28.852116 28.808065 28.696409 28.645864 28.531490 28.475271 28.359137 28.298100 28.181150 28.116167 27.999315 27.931257 27.815367 27.745094 27.630976 27.559320 27.447716 27.375471 27.267046 27.194954 27.090298 27.019041 26.918655 26.848846 26.753147 26.685331 26.594652 26.529295 26.443878 26.381369 26.301380 26.242033 26.167557 26.111612 26.042662 25.990286 25.926813 25.878105 25.820000 25.774998 25.722101 25.680788 25.632896 25.595207 25.552086 25.517912 25.479296 25.448494 25.414099 25.386501 25.356024 25.331438 25.304575 25.282795 25.259237 25.240046 25.219488 25.202660 25.184803 25.170118 25.154673 25.141907 25.128597 25.117533 25.106092 25.096521 25.086702 25.078423 25.069992 25.062809 25.055544 25.049274 25.042971 25.037437 25.031898 25.026934 25.021975 25.017414 25.012861 25.008545 25.004234 25.000000 
25.000000 25.004274 25.008629 25.012989 25.017593 25.022209 25.027237 25.032274 25.037905 25.043537 25.049961 25.056364 25.063787 25.071148 25.079786 25.088299 25.098391 25.108261 25.120052 25.131496 25.145254 25.158501 25.174509 25.189793 25.208349 25.225910 25.247332 25.267418 25.292028 25.314888 25.343025 25.368904 25.400908 25.430042 25.466253 25.498865 25.539619 25.575912 25.621536 25.661684 25.712481 25.756624 25.812872 25.861107 25.923052 25.975428 26.043268 26.099771 26.173656 26.234211 26.314226 26.378685 26.464851 26.532988 26.625244 26.696753 26.794960 26.869444 26.973373 27.050360 27.159685 27.238609 27.352915 27.433132 27.551899 27.632687 27.755308 27.835869 27.961643 28.041124 28.169262 28.246756 28.376392 28.450954 28.581154 28.651819 28.781590 28.847383 28.975691 29.035648 29.161430 29.214617 29.336802 29.382324 29.499840 29.536873 29.648680 29.676476 29.781572 29.799479 29.896923 29.904396 29.993326 29.989944 30.069590 30.055063 30.124762 30.098936 30.158146 30.121014 30.169321 30.121014 30.158146 30.098936 30.124762 30.055063 30.069590 29.989944 29.993326 29.904396 29.896923 29.799479 29.781572 29.676476 29.648680 29.536873 29.499840 29.382324 29.336802 29.214617 29.161430 29.035648 28.975691 28.847383 28.781590 28.651819 28.581154 28.450954 28.376392 28.246756 28.169262 28.041124 27.961641 27.835869 27.755306 27.632687 27.551899 27.433132 27.352915 27.238609 27.159685 27.050360 26.973373 26.869444 26.794958 26.696749 26.625242 26.532984 26.464848 26.378681 26.314222 26.234203 26.173649 26.099762 26.043259 25.975416 25.923040 25.861092 25.812855 25.756601 25.712456 25.661654 25.621502 25.575872 25.539574 25.498812 25.466190 25.429968 25.400824 25.368805 25.342913 25.314756 25.291878 25.267244 25.247131 25.225679 25.208086 25.189489 25.174166 25.158106 25.144806 25.130983 25.119469 25.107595 25.097635 25.087444 25.078817 25.070053 25.062548 25.054972 25.048388 25.041777 25.035919 25.030060 25.024746 25.019438 25.014484 25.009539 25.004768 25.000000 
25.000000 25.004795 25.009592 25.014570 25.019560 25.024910 25.030275 25.036196 25.042124 25.048824 25.055510 25.063210 25.070854 25.079786 25.088606 25.099022 25.109236 25.121405 25.133249 25.147457 25.161179 25.177732 25.193590 25.212812 25.231070 25.253302 25.274231 25.299828 25.323706 25.353037 25.380138 25.413578 25.444172 25.482096 25.516441 25.559227 25.597557 25.645571 25.688097 25.741688 25.788584 25.848074 25.899477 25.965157 26.021147 26.093260 26.153856 26.232594 26.297749 26.383242 26.452833 26.545135 26.618956 26.718046 26.795799 26.901562 26.982861 27.095089 27.179451 27.297834 27.384684 27.508808 27.597471 27.726816 27.816536 27.950474 28.040407 28.178205 28.267437 28.408270 28.495819 28.638767 28.723606 28.867668 28.948734 29.092840 29.169058 29.312078 29.382370 29.523144 29.586451 29.723793 29.779102 29.911823 29.958179 30.085110 30.121634 30.241640 30.267555 30.379560 30.394199 30.497206 30.500032 30.593134 30.583748 30.666155 30.644308 30.715353 30.680954 30.740108 30.693220 30.740108 30.680954 30.715353 30.644308 30.666155 30.583748 30.593134 30.500032 30.497206 30.394199 30.379560 30.267555 30.241640 30.121634 30.085110 29.958179 29.911823 29.779102 29.723793 29.586451 29.523144 29.382370 29.312078 29.169056 29.092840 28.948734 28.867668 28.723606 28.638767 28.495819 28.408270 28.267437 28.178205 28.040407 27.950472 27.816536 27.726816 27.597471 27.508808 27.384682 27.297834 27.179449 27.095089 26.982859 26.901560 26.795795 26.718042 26.618952 26.545132 26.452827 26.383236 26.297741 26.232586 26.153845 26.093248 26.021132 25.965141 25.899456 25.848053 25.788555 25.741655 25.688057 25.645525 25.597504 25.559166 25.516369 25.482016 25.444077 25.413467 25.380011 25.352892 25.323538 25.299635 25.274006 25.253044 25.230774 25.212475 25.193203 25.177292 25.160675 25.146883 25.132595 25.120661 25.108391 25.098063 25.087523 25.078560 25.069473 25.061647 25.053759 25.046848 25.039917 25.033709 25.027504 25.021797 25.016102 25.010698 25.005301 25.000000 
25.000000 25.005312 25.010721 25.016142 25.021860 25.027594 25.033836 25.040087 25.047079 25.054060 25.062038 25.069971 25.079185 25.088299 25.099022 25.109558 25.122074 25.134287 25.148905 25.163061 25.180109 25.196489 25.216314 25.235210 25.258181 25.279886 25.306389 25.331213 25.361647 25.389893 25.424667 25.456640 25.496172 25.532162 25.576868 25.617147 25.667439 25.712257 25.768528 25.818100 25.880720 25.935217 26.004524 26.064068 26.140356 26.205004 26.288509 26.358248 26.449150 26.523884 26.622280 26.701828 26.807735 26.891819 27.005159 27.093405 27.213995 27.305920 27.433472 27.528490 27.662600 27.760021 27.900171 27.999207 28.144754 28.244516 28.394712 28.494226 28.648205 28.746426 28.903217 28.999033 29.157574 29.249826 29.408970 29.496477 29.655006 29.736576 29.893225 29.967672 30.121145 30.187323 30.336304 30.393122 30.536308 30.582752 30.718872 30.754023 30.881855 30.904909 31.023312 31.033602 31.141521 31.138529 31.235033 31.218393 31.302677 31.272202 31.343609 31.299276 31.357311 31.299276 31.343609 31.272202 31.302677 31.218393 31.235033 31.138529 31.141521 31.033602 31.023312 30.904909 30.881855 30.754023 30.718872 30.582752 30.536308 30.393122 30.336304 30.187323 30.121145 29.967672 29.893225 29.736574 29.655006 29.496475 29.408970 29.249826 29.157574 28.999033 28.903217 28.746426 28.648205 28.494226 28.394711 28.244514 28.144754 27.999205 27.900171 27.760021 27.662600 27.528488 27.433470 27.305918 27.213993 27.093401 27.005157 26.891815 26.807732 26.701822 26.622274 26.523874 26.449142 26.358236 26.288500 26.204988 26.140341 26.064049 26.004503 25.935190 25.880690 25.818062 25.768484 25.712206 25.667379 25.617079 25.576790 25.532068 25.496067 25.456516 25.424526 25.389729 25.361458 25.330996 25.306141 25.279600 25.257853 25.234831 25.215885 25.195997 25.179548 25.162420 25.148176 25.133459 25.121132 25.108492 25.097813 25.086937 25.077642 25.068237 25.060080 25.051870 25.044607 25.037331 25.030735 25.024145 25.017994 25.011850 25.005922 25.000000 
25.000000 25.005919 25.011843 25.017986 25.024145 25.030746 25.037363 25.044670 25.051973 25.060240 25.068472 25.077969 25.087376 25.098391 25.109236 25.122074 25.134630 25.149620 25.164179 25.181673 25.198532 25.218903 25.238380 25.262024 25.284445 25.311773 25.337471 25.368923 25.398235 25.434252 25.467516 25.508556 25.546101 25.592621 25.634760 25.687216 25.734238 25.793074 25.845236 25.910872 25.968388 26.041212 26.104244 26.184605 26.253252 26.341438 26.415730 26.511967 26.591843 26.696281 26.781590 26.894291 26.984777 27.105707 27.201014 27.330021 27.429676 27.566500 27.669916 27.814171 27.920645 28.071817 28.180534 28.337982 28.448017 28.610971 28.721298 28.888863 28.998369 29.169533 29.277023 29.450663 29.554892 29.729786 29.829458 30.004303 30.098108 30.271536 30.358164 30.528759 30.606924 30.773249 30.841715 31.002325 31.059929 31.213411 31.259085 31.404062 31.436853 31.572029 31.591125 31.715290 31.720034 31.832098 31.821997 31.921007 31.895752 31.980907 31.940380 32.011047 31.955318 32.011047 31.940380 31.980907 31.895752 31.921007 31.821997 31.832098 31.720034 31.715290 31.591125 31.572029 31.436853 31.404062 31.259085 31.213411 31.059929 31.002325 30.841715 30.773249 30.606924 30.528759 30.358164 30.271536 30.098106 30.004303 29.829456 29.729786 29.554892 29.450663 29.277023 29.169533 28.998369 28.888863 28.721298 28.610970 28.448015 28.337982 28.180532 28.071815 27.920643 27.814169 27.669914 27.566498 27.429674 27.330019 27.201010 27.105703 26.984774 26.894287 26.781580 26.696274 26.591831 26.511957 26.415714 26.341425 26.253235 26.184584 26.104219 26.041183 25.968353 25.910831 25.845188 25.793018 25.734175 25.687141 25.634672 25.592520 25.545982 25.508419 25.467358 25.434071 25.398024 25.368681 25.337193 25.311457 25.284079 25.261606 25.237902 25.218357 25.197908 25.180962 25.163368 25.148701 25.133585 25.120886 25.107895 25.096872 25.085669 25.076036 25.066305 25.057796 25.049242 25.041595 25.033937 25.026901 25.019871 25.013203 25.006542 25.000000 
25.000000 25.006521 25.013163 25.019815 25.026833 25.033865 25.041525 25.049187 25.057766 25.066317 25.076103 25.085812 25.097113 25.108261 25.121405 25.134287 25.149620 25.164549 25.182449 25.199747 25.220612 25.240622 25.264872 25.287947 25.316031 25.342533 25.374916 25.405218 25.442385 25.476858 25.519304 25.558317 25.606543 25.650450 25.704958 25.754091 25.815376 25.870037 25.938572 25.999022 26.075249 26.141695 26.226019 26.298609 26.391375 26.470179 26.571671 26.656670 26.767092 26.858173 26.977638 27.074581 27.203098 27.305567 27.443029 27.550570 27.696751 27.808777 27.963316 28.079123 28.241520 28.360271 28.529890 28.650629 28.826691 28.948345 29.129929 29.251324 29.437378 29.557243 29.746593 29.863586 30.054939 30.167662 30.359631 30.466652 30.657764 30.757639 30.946367 31.037668 31.222441 31.303780 31.483017 31.553074 31.725203 31.782747 31.946239 31.990158 32.143547 32.172867 32.314774 32.328682 32.457851 32.455715 32.571026 32.552399 32.652889 32.617535 32.702427 32.650311 32.719006 32.650311 32.702427 32.617535 32.652889 32.552399 32.571026 32.455715 32.457851 32.328682 32.314774 32.172867 32.143547 31.990158 31.946239 31.782747 31.725203 31.553074 31.483017 31.303780 31.222441 31.037668 30.946367 30.757639 30.657764 30.466650 30.359631 30.167662 30.054939 29.863586 29.746593 29.557243 29.437378 29.251322 29.129929 28.948343 28.826691 28.650627 28.529890 28.360270 28.241518 28.079119 27.963312 27.808775 27.696747 27.550566 27.443026 27.305563 27.203093 27.074575 26.977631 26.858164 26.767082 26.656656 26.571657 26.470160 26.391356 26.298584 26.225992 26.141663 26.075211 25.998976 25.938519 25.869976 25.815304 25.754007 25.704863 25.650335 25.606413 25.558165 25.519129 25.476656 25.442154 25.404949 25.374609 25.342178 25.315624 25.287481 25.264341 25.240013 25.219919 25.198957 25.181551 25.163528 25.148460 25.132975 25.119915 25.106585 25.095215 25.083681 25.073694 25.063622 25.054729 25.045799 25.037716 25.029627 25.022081 25.014544 25.007269 25.000000 
25.000000 25.007231 25.014467 25.021971 25.029488 25.037552 25.045622 25.054546 25.063448 25.073542 25.083569 25.095161 25.106613 25.120052 25.133249 25.148905 25.164179 25.182449 25.200151 25.221460 25.241957 25.266756 25.290426 25.319193 25.346434 25.379669 25.410885 25.449110 25.484709 25.528460 25.568850 25.618673 25.664253 25.720699 25.771847 25.835461 25.892525 25.963837 26.027126 26.106638 26.176414 26.264585 26.341043 26.438286 26.521545 26.628201 26.718292 26.834623 26.931479 27.057657 27.161091 27.297178 27.406889 27.552830 27.668383 27.823990 27.944817 28.109762 28.235157 28.408964 28.538080 28.720125 28.851978 29.041479 29.174957 29.370977 29.504848 29.706303 29.839226 30.044889 30.175432 30.383949 30.510607 30.720507 30.841726 31.051439 31.165642 31.373522 31.479134 31.683481 31.778955 31.978043 32.061890 32.253990 32.324810 32.508228 32.564732 32.737823 32.778870 32.940079 32.964680 33.112568 33.119926 33.253193 33.242714 33.360226 33.331528 33.432335 33.385265 33.468616 33.403255 33.468616 33.385265 33.432335 33.331528 33.360226 33.242714 33.253193 33.119926 33.112568 32.964680 32.940079 32.778870 32.737823 32.564732 32.508228 32.324810 32.253990 32.061890 31.978043 31.778955 31.683481 31.479134 31.373522 31.165642 31.051439 30.841726 30.720507 30.510607 30.383949 30.175432 30.044889 29.839226 29.706303 29.504847 29.370977 29.174955 29.041477 28.851976 28.720123 28.538076 28.408962 28.235153 28.109760 27.944813 27.823986 27.668377 27.552824 27.406883 27.297171 27.161081 27.057646 26.931467 26.834610 26.718277 26.628181 26.521523 26.438261 26.341011 26.264549 26.176371 26.106586 26.027069 25.963768 25.892445 25.835369 25.771738 25.720575 25.664108 25.618505 25.568655 25.528236 25.484451 25.448814 25.410543 25.379278 25.345985 25.318680 25.289837 25.266085 25.241188 25.220587 25.199158 25.181318 25.162899 25.147449 25.131609 25.118191 25.104525 25.092796 25.080919 25.070551 25.060108 25.050785 25.041433 25.032850 25.024263 25.016123 25.007990 25.000000 
