25.000000 25.000000 25.000000 25.000000 25.000000 25.000000 25.000000 25.000000 25.000000 25.000000 25.000000 25.000000 25.000000 25.000000 25.000000 25.000000 25.000000 25.000000 25.000000 25.000000 25.000000 25.000000 25.000000 25.000000 25.000000 25.000000 25.000000 25.000000 25.000000 25.000000 25.000000 25.000000 25.000000 25.000000 25.000000 25.000000 25.000000 25.000000 25.000000 25.000000 25.000000 25.000000 25.000000 25.000000 25.000000 25.000000 25.000000 25.000000 25.000000 25.000000 25.000000 25.000000 25.000000 25.000000 25.000000 25.000000 25.000000 25.000000 25.000000 25.000000 25.000000 25.000000 25.000000 25.000000 25.000000 25.000000 25.000000 25.000000 25.000000 25.000000 25.000000 25.000000 25.000000 25.000000 25.000000 25.000000 25.000000 25.000000 25.000000 25.000000 25.000000 25.000000 25.000000 25.000000 25.000000 25.000000 25.000000 25.000000 25.000000 25.000000 25.000000 25.000000 25.000000 25.000000 25.000000 25.000000 25.000000 25.000000 25.000000 25.000000 25.000000 25.000000 25.000000 25.000000 25.000000 25.000000 25.000000 25.000000 25.000000 25.000000 25.000000 25.000000 25.000000 25.000000 25.000000 25.000000 25.000000 25.000000 25.000000 25.000000 25.000000 25.000000 25.000000 25.000000 25.000000 25.000000 25.000000 25.000000 25.000000 25.000000 25.000000 25.000000 25.000000 25.000000 25.000000 25.000000 25.000000 25.000000 25.000000 25.000000 25.000000 25.000000 25.000000 25.000000 25.000000 25.000000 25.000000 25.000000 25.000000 25.000000 25.000000 25.000000 25.000000 25.000000 25.000000 25.000000 25.000000 25.000000 25.000000 25.000000 25.000000 25.000000 25.000000 25.000000 25.000000 25.000000 25.000000 25.000000 25.000000 25.000000 25.000000 25.000000 25.000000 25.000000 25.000000 25.000000 25.000000 25.000000 25.000000 25.000000 25.000000 25.000000 25.000000 25.000000 25.000000 25.000000 25.000000 25.000000 25.000000 25.000000 25.000000 25.000000 25.000000 25.000000 25.000000 25.000000 25.000000 25.000000 25.000000 25.000000 
25.000000 25.013266 25.026636 25.039810 25.053301 25.066397 25.080025 25.093052 25.106831 25.119802 25.133745 25.146673 25.160793 25.173685 25.187994 25.200861 25.215366 25.228214 25.242924 25.255760 25.270679 25.283506 25.298641 25.311460 25.326811 25.339622 25.355186 25.367989 25.383764 25.396551 25.412533 25.425295 25.441473 25.454203 25.470564 25.483248 25.499783 25.512405 25.529095 25.541637 25.558462 25.570906 25.587841 25.600163 25.617188 25.629362 25.646446 25.658447 25.675562 25.687359 25.704473 25.716036 25.733114 25.744410 25.761415 25.772411 25.789305 25.799967 25.816710 25.827002 25.843552 25.853436 25.869753 25.879190 25.895231 25.904186 25.919909 25.928345 25.943703 25.951586 25.966534 25.973825 25.988325 25.994991 26.008997 26.015003 26.028475 26.033791 26.046688 26.051281 26.063566 26.067410 26.079046 26.082115 26.093065 26.095337 26.105572 26.107025 26.116512 26.117132 26.125845 26.125616 26.133532 26.132442 26.139540 26.137585 26.143845 26.141020 26.146431 26.142735 26.147285 26.142721 26.146402 26.140978 26.143789 26.137514 26.139454 26.132341 26.133413 26.125483 26.125694 26.116964 26.116327 26.106821 26.105349 26.095095 26.092802 26.081831 26.078737 26.067081 26.063210 26.050901 26.046278 26.033354 26.028008 26.014507 26.008465 25.994427 25.987722 25.973188 25.965855 25.950867 25.942938 25.927538 25.919048 25.903282 25.894268 25.878176 25.868675 25.852303 25.842350 25.825739 25.815372 25.798563 25.787819 25.770853 25.759768 25.742683 25.731289 25.714127 25.702457 25.685251 25.673338 25.656124 25.643999 25.626806 25.614498 25.597357 25.584890 25.567829 25.555229 25.538271 25.525560 25.508728 25.495926 25.479239 25.466362 25.449837 25.436903 25.420553 25.407570 25.391407 25.378387 25.362419 25.349371 25.333603 25.320530 25.304966 25.291872 25.276512 25.263395 25.248241 25.235102 25.220146 25.206980 25.192221 25.179022 25.164448 25.151209 25.136814 25.123529 25.109303 25.095959 25.081888 25.068478 25.054550 25.041059 25.027264 25.013681 25.000000 
25.000000 25.026636 25.053076 25.079937 25.106207 25.133327 25.159447 25.186857 25.212854 25.240580 25.266478 25.294544 25.320362 25.348795 25.374552 25.403370 25.429083 25.458303 25.483988 25.513622 25.539286 25.569344 25.594994 25.625483 25.651119 25.682037 25.707655 25.739000 25.764593 25.796358 25.821911 25.854078 25.879576 25.912125 25.937544 25.970449 25.995762 26.028996 26.054167 26.087690 26.112686 26.146458 26.171230 26.205204 26.229708 26.263830 26.288013 26.322227 26.346033 26.380278 26.403646 26.437853 26.460722 26.494820 26.517122 26.551037 26.572704 26.606358 26.627321 26.660631 26.680815 26.713699 26.733030 26.765406 26.783810 26.815588 26.832991 26.864086 26.880415 26.910738 26.925922 26.955385 26.969353 26.997871 27.010553 27.038046 27.049376 27.075760 27.085674 27.110870 27.119316 27.143250 27.150167 27.172766 27.178114 27.199308 27.203039 27.222771 27.224848 27.243057 27.243450 27.260086 27.258772 27.273790 27.270746 27.284111 27.279329 27.291006 27.284481 27.294449 27.286182 27.294420 27.284426 27.290922 27.279217 27.283968 27.270575 27.273586 27.258535 27.259819 27.243149 27.242722 27.224476 27.222363 27.202595 27.198822 27.177588 27.172195 27.149555 27.142586 27.118607 27.110107 27.084860 27.074883 27.048445 27.037048 27.009495 26.996740 26.968153 26.954105 26.924568 26.909294 26.878891 26.862463 26.831280 26.813766 26.781893 26.763367 26.730886 26.711424 26.678423 26.658094 26.624657 26.603539 26.569746 26.547905 26.513842 26.491350 26.457090 26.434015 26.399633 26.376041 26.341606 26.317560 26.283138 26.258696 26.224350 26.199566 26.165352 26.140278 26.106247 26.080929 26.047129 26.021610 25.988079 25.962395 25.929173 25.903357 25.870472 25.844551 25.812029 25.786024 25.753883 25.727814 25.696070 25.669945 25.638609 25.612438 25.581511 25.555296 25.524778 25.498522 25.468407 25.442101 25.412380 25.386015 25.356678 25.330240 25.301270 25.274746 25.246122 25.219494 25.191193 25.164440 25.136440 25.109537 25.081814 25.054741 25.027264 25.000000 
25.000000 25.039810 25.079937 25.119473 25.159964 25.199259 25.240162 25.279251 25.320610 25.359531 25.401382 25.440172 25.482553 25.521240 25.564184 25.602793 25.646328 25.684881 25.729033 25.767548 25.812328 25.850821 25.896242 25.934711 25.980780 26.019228 26.065939 26.104357 26.151703 26.190073 26.238035 26.276335 26.324888 26.363087 26.412195 26.450256 26.499880 26.537756 26.587845 26.625483 26.675976 26.713316 26.764149 26.801119 26.852217 26.888746 26.940023 26.976030 27.027401 27.062799 27.114162 27.148859 27.200111 27.234011 27.285046 27.318043 27.368746 27.400738 27.450987 27.481867 27.531540 27.561195 27.610167 27.638489 27.686630 27.713505 27.760687 27.786005 27.832094 27.855747 27.900614 27.922493 27.966005 27.986008 28.028042 28.046066 28.086498 28.102446 28.141153 28.154938 28.191805 28.203341 28.238258 28.247469 28.280333 28.287151 28.317863 28.322227 28.350698 28.352558 28.378706 28.378017 28.401773 28.398504 28.419804 28.413935 28.432726 28.424242 28.440485 28.429388 28.443047 28.429346 28.440401 28.424116 28.432556 28.413721 28.419544 28.398199 28.401421 28.377615 28.378254 28.352053 28.350142 28.321617 28.317194 28.286425 28.279541 28.246618 28.237335 28.202351 28.190737 28.153795 28.139925 28.101139 28.085094 28.044575 28.026447 27.984318 27.964199 27.920580 27.898573 27.853590 27.829796 27.783581 27.758106 27.710787 27.683739 27.635447 27.606936 27.557796 27.527935 27.478079 27.446974 27.396526 27.364285 27.313368 27.280098 27.228830 27.194637 27.143129 27.108110 27.056475 27.020727 26.969061 26.932676 26.881077 26.844141 26.792698 26.755289 26.704082 26.666273 26.615379 26.577238 26.526720 26.488304 26.438223 26.399584 26.349987 26.311172 26.262100 26.223145 26.174633 26.135567 26.087641 26.048485 26.001162 25.961933 25.915222 25.875927 25.829832 25.790472 25.744987 25.705559 25.660673 25.621164 25.576862 25.537256 25.493517 25.453793 25.410589 25.370720 25.328020 25.287981 25.245749 25.205505 25.163706 25.123222 25.081816 25.041059 25.000000 
25.000000 25.053301 25.106207 25.159964 25.212524 25.266800 25.319063 25.373917 25.425932 25.481419 25.533234 25.589405 25.641062 25.697962 25.749500 25.807171 25.858622 25.917095 25.968487 26.027792 26.079142 26.139296 26.190617 26.251631 26.302925 26.364799 26.416059 26.478788 26.529995 26.593559 26.644690 26.709061 26.760078 26.825214 26.876076 26.941927 26.992573 27.059078 27.109446 27.176531 27.226540 27.294125 27.343691 27.411678 27.460707 27.528992 27.577375 27.645845 27.693478 27.762005 27.808764 27.877213 27.922974 27.991205 28.035833 28.103697 28.147055 28.214396 28.256340 28.322996 28.363382 28.429188 28.467869 28.532652 28.569479 28.633068 28.667892 28.730112 28.762789 28.823465 28.853846 28.912806 28.940750 28.997822 29.023195 29.078209 29.100880 29.153675 29.173517 29.223934 29.240831 29.288721 29.302568 29.347786 29.358486 29.400896 29.408363 29.447844 29.452002 29.488438 29.489225 29.522514 29.519882 29.549936 29.543846 29.570589 29.561018 29.584387 29.571329 29.591272 29.574734 29.591217 29.571217 29.584217 29.560791 29.570303 29.543501 29.549528 29.519411 29.521980 29.488623 29.487768 29.451262 29.447027 29.407475 29.399923 29.357435 29.346643 29.301342 29.287395 29.239412 29.222404 29.171886 29.151922 29.099016 29.076214 29.021078 28.995556 28.938353 28.910244 28.851137 28.820576 28.759739 28.726864 28.664467 28.629423 28.565641 28.528574 28.463579 28.424633 28.358597 28.317923 28.251011 28.208752 28.141134 28.097431 28.029266 27.984262 27.915705 27.869535 27.800734 27.753527 27.684620 27.636505 27.567623 27.518717 27.449984 27.400394 27.331926 27.281755 27.213655 27.162998 27.095358 27.044296 26.977200 26.925808 26.859325 26.807669 26.741863 26.689995 26.624914 26.572880 26.508564 26.456400 26.392874 26.340603 26.277891 26.225527 26.163635 26.111187 26.050112 25.997574 25.937309 25.884672 25.825197 25.772442 25.713732 25.660835 25.602858 25.549788 25.492502 25.439222 25.382586 25.329056 25.273022 25.219196 25.163712 25.109543 25.054554 25.000000 
25.000000 25.066397 25.133327 25.199259 25.266800 25.332329 25.400557 25.465746 25.534731 25.599640 25.669449 25.734135 25.804829 25.869343 25.940975 26.005362 26.077978 26.142275 26.215914 26.280148 26.354839 26.419029 26.494791 26.558949 26.635788 26.699907 26.777821 26.841887 26.920858 26.984846 27.064844 27.128717 27.209700 27.273403 27.355314 27.418787 27.501556 27.564722 27.648264 27.711033 27.795252 27.857521 27.942305 28.003963 28.089184 28.150106 28.235630 28.295683 28.381357 28.440393 28.526058 28.583925 28.669405 28.725943 28.811058 28.866093 28.950651 29.004009 29.087814 29.139315 29.222160 29.271620 29.353294 29.400530 29.480820 29.525642 29.604328 29.646557 29.723423 29.762871 29.837698 29.874189 29.946760 29.980120 30.050222 30.080284 30.147713 30.174314 30.238867 30.261858 30.323343 30.342585 30.400818 30.416182 30.470987 30.482363 30.533579 30.540861 30.588341 30.591444 30.635052 30.633905 30.673521 30.668076 30.703594 30.693808 30.725145 30.711000 30.738085 30.719580 30.742357 30.719509 30.737944 30.710789 30.724861 30.693451 30.703161 30.667566 30.672934 30.633238 30.634298 30.590607 30.587414 30.539845 30.532463 30.481152 30.469669 30.414762 30.399277 30.340935 30.321560 30.259954 30.236818 30.172132 30.145372 30.077799 30.047562 29.977299 29.943745 29.870998 29.834293 29.759274 29.719589 29.642513 29.600023 29.521107 29.475996 29.395452 29.347904 29.265951 29.216146 29.132998 29.081121 28.996983 28.943214 28.858294 28.802809 28.717300 28.660275 28.574369 28.515968 28.429844 28.370228 28.284056 28.223377 28.137316 28.075716 27.989916 27.927526 27.842123 27.779068 27.694181 27.630573 27.546314 27.482248 27.398716 27.334278 27.251556 27.186823 27.104977 27.040009 26.959097 26.893944 26.814007 26.748709 26.669775 26.604353 26.526440 26.460909 26.384024 26.318386 26.242517 26.176762 26.101896 26.036007 25.962112 25.896063 25.823105 25.756859 25.684795 25.618309 25.547085 25.480310 25.409868 25.342754 25.273033 25.205521 25.136454 25.068483 25.000000 
25.000000 25.080025 25.159447 25.240162 25.319063 25.400557 25.479012 25.561373 25.639456 25.722769 25.800550 25.884888 25.962435 26.047867 26.125237 26.211824 26.289062 26.376856 26.454004 26.543045 26.620132 26.710447 26.787489 26.879097 26.956097 27.048998 27.125946 27.220129 27.296999 27.392433 27.469191 27.565836 27.642424 27.740217 27.816568 27.915436 27.991467 28.091314 28.166925 28.267645 28.342718 28.444185 28.518595 28.620667 28.694269 28.796785 28.869425 28.972214 29.043724 29.146599 29.216799 29.319559 29.388260 29.490692 29.557693 29.659573 29.724667 29.825760 29.888733 29.988798 30.049433 30.148220 30.206295 30.303547 30.358839 30.454298 30.506584 30.599987 30.649046 30.740133 30.785748 30.874256 30.916214 31.001886 31.039986 31.122568 31.156610 31.235859 31.265656 31.341335 31.366713 31.438597 31.459394 31.527269 31.543341 31.607002 31.618219 31.677481 31.683731 31.738422 31.739611 31.789579 31.785635 31.830746 31.821611 31.861750 31.847393 31.882465 31.862871 31.892803 31.867981 31.892717 31.862701 31.882210 31.847052 31.861320 31.821093 31.830133 31.784929 31.788776 31.738710 31.737415 31.682619 31.676256 31.616884 31.605543 31.541765 31.525555 31.457554 31.436605 31.364582 31.339039 31.263206 31.233229 31.153811 31.119570 31.036804 30.998484 30.912611 30.870409 30.781679 30.735794 30.644466 30.595108 30.501440 30.448826 30.353075 30.297424 30.199852 30.141382 30.042246 29.981180 29.880733 29.817287 29.715776 29.650166 29.547832 29.480270 29.377346 29.308033 29.204741 29.133875 29.030424 28.958191 28.854780 28.781357 28.678171 28.603724 28.500933 28.425615 28.323374 28.247326 28.145775 28.069120 27.968384 27.891233 27.791422 27.713875 27.615074 27.537212 27.439501 27.361387 27.264824 27.186514 27.091139 27.012669 26.918512 26.839905 26.746979 26.668243 26.576546 26.497677 26.407194 26.328176 26.238878 26.159685 26.071535 25.992128 25.905077 25.825411 25.739399 25.659416 25.574381 25.494020 25.409889 25.329086 25.245779 25.164463 25.081902 25.000000 
25.000000 25.093052 25.186857 25.279251 25.373917 25.465746 25.561373 25.652725 25.749414 25.840374 25.938217 26.028866 26.127947 26.218355 26.318752 26.408979 26.510757 26.600859 26.704069 26.794083 26.898767 26.988720 27.094904 27.184809 27.292503 27.382357 27.491556 27.581335 27.692015 27.781685 27.893803 27.983313 28.096809 28.186083 28.300880 28.389830 28.505829 28.594349 28.711430 28.799395 28.917421 29.004688 29.123505 29.209915 29.329348 29.414728 29.534580 29.618740 29.738804 29.821541 29.941589 30.022690 30.142481 30.221714 30.340992 30.418123 30.536621 30.611403 30.728842 30.801022 30.917114 30.986435 31.100885 31.167091 31.279598 31.342424 31.452686 31.511875 31.619585 31.674879 31.779730 31.830877 31.932570 31.979330 32.077560 32.119701 32.214180 32.251472 32.341923 32.374161 32.460308 32.487289 32.568882 32.590427 32.667217 32.683170 32.754932 32.765148 32.831673 32.836037 32.897133 32.895542 32.951046 32.943428 32.993187 32.979492 33.023392 33.003586 33.041523 33.015610 33.047512 33.015507 33.041325 33.003284 33.022991 32.978989 32.992584 32.942711 32.950222 32.894608 32.896080 32.834862 32.830376 32.763725 32.753368 32.681477 32.665371 32.588436 32.566723 32.484974 32.457809 32.371490 32.339054 32.248417 32.210903 32.116215 32.073830 31.975376 31.928343 31.826406 31.774958 31.669836 31.614210 31.506207 31.446653 31.336067 31.272840 31.159975 31.093330 30.978489 30.908686 30.792166 30.719460 30.601555 30.526196 30.407192 30.329432 30.209602 30.129683 30.009295 29.927448 29.806753 29.723206 29.602444 29.517405 29.396799 29.310471 29.190228 29.102795 28.983105 28.894739 28.775778 28.686632 28.568550 28.478765 28.361700 28.271397 28.155462 28.064747 27.950041 27.858997 27.745596 27.654295 27.542261 27.450752 27.340126 27.248446 27.139250 27.047417 26.939659 26.847675 26.741343 26.649197 26.544268 26.451935 26.348366 26.255808 26.153553 26.060720 25.959715 25.866545 25.766718 25.673143 25.574415 25.480362 25.382645 25.288033 25.191233 25.095980 25.000000 
25.000000 25.106831 25.212854 25.320610 25.425932 25.534731 25.639456 25.749414 25.853643 25.964869 26.068697 26.181292 26.284805 26.398861 26.502136 26.617733 26.720837 26.838045 26.941027 27.059898 27.162798 27.283371 27.386211 27.508507 27.611292 27.735313 27.838030 27.963760 28.066376 28.193777 28.296240 28.425255 28.527493 28.658043 28.759964 28.891947 28.993439 29.126730 29.227661 29.362114 29.462334 29.597780 29.697113 29.833364 29.931622 30.068466 30.165440 30.302649 30.398113 30.535435 30.629150 30.766319 30.858034 30.994762 31.084209 31.220200 31.307100 31.442041 31.526114 31.659679 31.740631 31.872488 31.950026 32.079830 32.153656 32.281067 32.350876 32.475544 32.541050 32.662621 32.723526 32.841660 32.897686 33.012028 33.062904 33.173122 33.218582 33.324352 33.364147 33.465149 33.499046 33.594982 33.622765 33.713345 33.734821 33.819778 33.834774 33.913860 33.922222 33.995209 33.996815 34.063496 34.058250 34.118446 34.106277 34.159832 34.140694 34.187485 34.161354 34.201283 34.168175 34.201172 34.161125 34.187145 34.140236 34.159260 34.105583 34.117630 34.057308 34.062424 33.995613 33.993866 33.920738 33.912224 33.832993 33.817829 33.732716 33.711056 33.620304 33.592323 33.496201 33.462086 33.360878 33.320843 33.214848 33.169121 33.058659 33.007488 32.892876 32.836521 32.718094 32.656830 32.534931 32.469028 32.344009 32.273762 32.145958 32.071659 31.941422 31.863361 31.731037 31.649508 31.515432 31.430729 31.295233 31.207642 31.071047 30.980848 30.843464 30.750931 30.613050 30.518446 30.380354 30.283926 30.145885 30.047871 29.910130 29.810747 29.673532 29.572989 29.436508 29.334986 29.199427 29.097097 28.962624 28.859634 28.726391 28.622873 28.490982 28.387043 28.256601 28.152330 28.023420 27.918886 27.791563 27.686815 27.561119 27.456186 27.332130 27.227028 27.104612 26.999332 26.878534 26.773058 26.653843 26.548132 26.430447 26.324451 26.208235 26.101891 25.987062 25.880297 25.766771 25.659500 25.547180 25.439318 25.328102 25.219553 25.109333 25.000000 
25.000000 25.119802 25.240580 25.359531 25.481419 25.599640 25.722769 25.840374 25.964869 26.081970 26.207951 26.324652 26.452227 26.568617 26.697882 26.814045 26.945086 27.061085 27.193972 27.309856 27.444641 27.560450 27.697163 27.812908 27.951565 28.067244 28.207836 28.323423 28.465919 28.581367 28.725716 28.840954 28.987076 29.102015 29.249809 29.364330 29.513670 29.627636 29.778370 29.891623 30.043571 30.155928 30.308891 30.420147 30.573900 30.683828 30.838121 30.946484 31.101048 31.207577 31.362118 31.466541 31.620749 31.722771 31.876316 31.975630 32.128174 32.224464 32.375641 32.468582 32.618027 32.707291 32.854618 32.939869 33.084694 33.165596 33.307526 33.383747 33.522388 33.593601 33.728561 33.794434 33.925327 33.985550 34.111992 34.166264 34.287876 34.335911 34.452332 34.493855 34.604740 34.639500 34.744514 34.772282 34.871113 34.891678 34.984035 34.997215 35.082832 35.088474 35.167107 35.165085 35.236511 35.226730 35.290764 35.273159 35.329647 35.304176 35.352989 35.319656 35.360699 35.319530 35.352737 35.303791 35.329132 35.272511 35.289986 35.225811 35.235447 35.163879 35.165749 35.086967 35.081158 34.995380 34.982021 34.889492 34.868732 34.769714 34.741734 34.636517 34.601524 34.490417 34.448635 34.331974 34.283653 34.161781 34.107189 33.980461 33.919888 33.788677 33.722420 33.587109 33.515472 33.376450 33.299759 33.157410 33.075989 32.930702 32.844891 32.697056 32.607174 32.457180 32.363560 32.211784 32.114750 31.961555 31.861433 31.707176 31.604273 31.449293 31.343910 31.188536 31.080963 30.925499 30.816010 30.660744 30.549595 30.394796 30.282227 30.128139 30.014368 29.861214 29.746443 29.594419 29.478825 29.328108 29.211847 29.062588 28.945795 28.798115 28.680901 28.534901 28.417355 28.273113 28.155302 28.012873 27.894840 27.754250 27.636021 27.497280 27.378859 27.241953 27.123323 26.988220 26.869350 26.736004 26.616842 26.485184 26.365669 26.235619 26.115671 25.987139 25.866671 25.739552 25.618467 25.492647 25.370842 25.246208 25.123573 25.000000 
25.000000 25.133745 25.266478 25.401382 25.533234 25.669449 25.800550 25.938217 26.068697 26.207951 26.337929 26.478897 26.608479 26.751274 26.880562 27.025286 27.154358 27.301096 27.430016 27.578838 27.707655 27.858606 27.987349 28.140453 28.269129 28.424393 28.552982 28.710384 28.838848 28.998341 29.126616 29.288128 29.416121 29.579552 29.707150 29.872372 29.999434 30.166292 30.292652 30.460964 30.586433 30.755987 30.880348 31.050909 31.173923 31.345224 31.466635 31.638388 31.757912 31.929804 32.047142 32.218838 32.333668 32.504814 32.616806 32.787025 32.895836 33.064739 33.170010 33.337189 33.438549 33.603592 33.700680 33.863152 33.955593 34.115063 34.202484 34.358517 34.440548 34.592705 34.668980 34.816833 34.886997 35.030106 35.093822 35.231770 35.288704 35.421082 35.470928 35.597336 35.639797 35.759861 35.794674 35.908031 35.934948 36.041267 36.060070 36.159039 36.169544 36.260872 36.262920 36.346359 36.339828 36.415146 36.399944 36.466957 36.443027 36.501572 36.468891 36.518841 36.477432 36.518700 36.468609 36.501144 36.442455 36.466236 36.399075 36.414124 36.338646 36.345016 36.261414 36.259190 36.167686 36.156994 36.057838 36.038830 35.932312 35.905167 35.791592 35.756535 35.636234 35.593498 35.466831 35.416687 35.284031 35.226757 35.088505 35.024422 34.880974 34.810398 34.662178 34.585453 34.432888 34.350365 34.193886 34.105919 33.945957 33.852917 33.689907 33.592163 33.426537 33.324451 33.156635 33.050575 32.880978 32.771305 32.600327 32.487392 32.315426 32.199570 32.026981 31.908533 31.735676 31.614946 31.442152 31.319439 31.147017 31.022591 30.850826 30.724949 30.554100 30.427000 30.257303 30.129192 29.960854 29.831919 29.665117 29.535521 29.370409 29.240286 29.076990 28.946451 28.785070 28.654203 28.494808 28.363674 28.206312 28.074949 27.919641 27.788065 27.634806 27.503012 27.351776 27.219734 27.070482 26.938147 26.790810 26.658117 26.512615 26.379488 26.235725 26.102070 25.959936 25.825651 25.685028 25.549997 25.410759 25.274866 25.136877 25.000000 
25.000000 25.146673 25.294544 25.440172 25.589405 25.734135 25.884888 26.028866 26.181292 26.324652 26.478897 26.621763 26.777960 26.920448 27.078712 27.220922 27.381361 27.523371 27.686066 27.827940 27.992956 28.134735 28.302113 28.443815 28.613569 28.755192 28.927313 29.068825 29.243277 29.384617 29.561335 29.702421 29.881308 30.022026 30.202957 30.343168 30.525988 30.665522 30.850046 30.988705 31.174717 31.312279 31.499529 31.635748 31.823961 31.958557 32.147430 32.280109 32.469307 32.599747 32.788918 32.916779 33.105537 33.230457 33.418407 33.540016 33.726734 33.844639 34.029686 34.143494 34.326416 34.435719 34.616051 34.720444 34.897709 34.996780 35.170502 35.263844 35.433537 35.520744 35.685932 35.766605 35.926811 36.000572 36.155319 36.221798 36.370636 36.429478 36.571964 36.622833 36.758537 36.801128 36.929646 36.963676 37.084625 37.109840 37.222862 37.239040 37.343807 37.350761 37.446976 37.444542 37.531940 37.520008 37.598358 37.576843 37.645954 37.614819 37.674530 37.633766 37.683968 37.633610 37.674217 37.614346 37.645325 37.576054 37.597401 37.518883 37.530640 37.443066 37.445312 37.348911 37.341759 37.236794 37.220402 37.107166 37.081711 36.960533 36.926243 36.797478 36.754601 36.618626 36.567436 36.424656 36.365467 36.216305 36.149441 35.994339 35.920147 35.759556 35.678406 35.512794 35.425068 35.254906 35.160992 34.986755 34.887054 34.709225 34.604137 34.423191 34.313126 34.129536 34.014893 33.829113 33.710297 33.522781 33.400185 33.211365 33.085361 32.895657 32.766624 32.576431 32.444717 32.254414 32.120354 31.930292 31.794203 31.604708 31.466881 31.278255 31.138960 30.951473 30.810953 30.624851 30.483324 30.298819 30.156479 29.973753 29.830761 29.649969 29.506462 29.327726 29.183815 29.007229 28.862993 28.688622 28.544119 28.371996 28.227255 28.057394 27.912416 27.744801 27.599569 27.434162 27.288635 27.125376 26.979494 26.818300 26.671984 26.512760 26.365915 26.208546 26.061066 25.905426 25.757189 25.603144 25.454023 25.301430 25.151293 25.000000 
25.000000 25.160793 25.320362 25.482553 25.641062 25.804829 25.962435 26.127947 26.284805 26.452227 26.608479 26.777960 26.933741 27.105415 27.260839 27.434834 27.589998 27.766413 27.921398 28.100313 28.255177 28.436649 28.591423 28.775486 28.930180 29.116835 29.271425 29.460649 29.615091 29.806826 29.961040 30.155199 30.309078 30.505541 30.658947 30.857559 31.010323 31.210901 31.362822 31.565144 31.715992 31.919806 32.069328 32.274345 32.422249 32.628155 32.774132 32.980579 33.124290 33.330902 33.471981 33.678356 33.816429 34.022141 34.156799 34.361397 34.492229 34.695244 34.821819 35.022758 35.144642 35.343006 35.459751 35.655029 35.766186 35.957855 36.062981 36.250511 36.349159 36.532032 36.623764 36.801456 36.885845 37.057835 37.134472 37.300255 37.368740 37.527824 37.587791 37.739700 37.790791 37.935070 37.976963 38.113186 38.145588 38.273346 38.296001 38.414917 38.427597 38.537334 38.539848 38.640095 38.632298 38.722786 38.704563 38.785065 38.756351 38.826675 38.787445 38.847439 38.797710 38.847267 38.787102 38.826160 38.755661 38.784199 38.703518 38.721554 38.630878 38.638481 38.538036 38.535309 38.425365 38.412460 38.293316 38.270416 38.142418 38.109745 37.973263 37.931072 37.786507 37.735088 37.582867 37.522541 37.363117 37.294231 37.128078 37.050999 36.878601 36.793720 36.615585 36.523315 36.339951 36.240711 36.052639 35.946861 35.754601 35.642723 35.446800 35.329266 35.130196 35.007446 34.805740 34.678211 34.474361 34.342491 34.136986 34.001194 33.794495 33.655193 33.447746 33.305328 33.097557 32.952396 32.744698 32.597149 32.389896 32.240299 32.033833 31.882486 31.677118 31.524305 31.320318 31.166294 30.963936 30.808922 30.608410 30.452600 30.254118 30.097677 29.901375 29.744436 29.550434 29.393103 29.201485 29.043835 28.854656 28.696733 28.510021 28.351841 28.167593 28.009151 27.827335 27.668596 27.489161 27.330070 27.152935 26.993416 26.818487 26.658445 26.485605 26.324930 26.154049 25.992613 25.823549 25.661219 25.493818 25.330450 25.164555 25.000000 
25.000000 25.173685 25.348795 25.521240 25.697962 25.869343 26.047867 26.218355 26.398861 26.568617 26.751274 26.920448 27.105415 27.274141 27.461557 27.629953 27.819941 27.988102 28.180759 28.348759 28.544165 28.712053 28.910252 29.078053 29.279062 29.446770 29.650579 29.818155 30.024723 30.192099 30.401346 30.568420 30.780233 30.946877 31.161106 31.327148 31.543613 31.708857 31.927334 32.091545 32.311779 32.474693 32.696392 32.857716 33.080551 33.239956 33.463570 33.620701 33.844704 33.999184 34.223148 34.374577 34.598057 34.746002 34.968517 35.112545 35.333599 35.473244 35.692318 35.827110 36.043663 36.173126 36.386612 36.510262 36.720112 36.837463 37.043114 37.153683 37.354565 37.457870 37.653412 37.748985 37.938629 38.026016 38.209198 38.287960 38.464142 38.533863 38.702522 38.762806 38.923431 38.973919 39.126034 39.166382 39.309536 39.339451 39.473213 39.492428 39.616417 39.624710 39.738567 39.735752 39.839172 39.825108 39.917816 39.892406 39.974171 39.937366 40.008007 39.959801 40.019176 39.959618 40.007633 39.936806 39.973423 39.891464 39.916679 39.823772 39.837631 39.734005 39.736599 39.622520 39.613991 39.489769 39.470295 39.336281 39.306084 39.162666 39.122005 38.969597 38.918770 38.757824 38.697159 38.528156 38.458019 38.281456 38.202236 38.018631 37.930740 37.740635 37.644505 37.448456 37.344536 37.143097 37.031853 36.825592 36.707497 36.496975 36.372505 36.158291 36.027927 35.810577 35.674797 35.454857 35.314137 35.092133 34.946934 34.723389 34.574162 34.349564 34.196747 33.971573 33.815578 33.590271 33.431503 33.206478 33.045307 32.820953 32.657726 32.434399 32.269432 32.047451 31.881037 31.660690 31.493088 31.274630 31.106062 30.889708 30.720373 30.506304 30.336363 30.124725 29.954306 29.745211 29.574409 29.367933 29.196815 28.993002 28.821602 28.620462 28.448788 28.250305 28.078329 27.882460 27.710135 27.516804 27.344061 27.153175 26.979918 26.791365 26.617481 26.431124 26.256487 26.072178 25.896646 25.714226 25.537645 25.356945 25.179157 25.000000 
25.000000 25.187994 25.374552 25.564184 25.749500 25.940975 26.125237 26.318752 26.502136 26.697882 26.880562 27.078712 27.260839 27.461557 27.643269 27.846693 28.028103 28.234356 28.415554 28.624731 28.805788 29.017954 29.198910 29.414097 29.594957 29.813173 29.993919 30.215134 30.395704 30.619854 30.800159 31.027140 31.207056 31.436724 31.616091 31.848269 32.026886 32.261356 32.438992 32.675495 32.851883 33.090126 33.264961 33.504612 33.677555 33.918243 34.088932 34.330250 34.498291 34.739803 34.904770 35.146000 35.307449 35.547901 35.705364 35.944511 36.097500 36.334793 36.482807 36.717674 36.860207 37.092056 37.228584 37.456825 37.586823 37.810841 37.933784 38.152966 38.268341 38.482071 38.589363 38.797035 38.895744 39.096748 39.186398 39.380142 39.460266 39.646179 39.716339 39.893864 39.953655 40.122257 40.171295 40.330475 40.368423 40.517704 40.544258 40.683201 40.698097 40.826305 40.829319 40.946438 40.937393 41.043102 41.021877 41.115910 41.082417 41.164551 41.118763 41.188820 41.130764 41.188618 41.118366 41.163944 41.081612 41.114895 41.020653 41.041664 40.935734 40.944550 40.827202 40.823940 40.695488 40.680328 40.541122 40.514278 40.364719 40.326450 40.166969 40.117577 39.948647 39.888470 39.710587 39.639996 39.453693 39.373100 39.178921 39.088757 38.887276 38.787994 38.579800 38.471878 38.257572 38.141506 37.921692 37.797981 37.573277 37.442436 37.213444 37.075993 36.843315 36.699772 36.464008 36.314880 36.076611 35.922409 35.682194 35.523411 35.281803 35.118916 34.876431 34.709896 34.467033 34.297295 34.054512 33.881992 33.639725 33.464802 33.223454 33.046490 32.806423 32.627747 32.389294 32.209198 31.972647 31.791397 31.557001 31.374823 31.142794 30.959881 30.730398 30.546906 30.320105 30.136156 29.912140 29.727819 29.506655 29.322016 29.103729 28.918795 28.703384 28.518145 28.305576 28.119991 27.910202 27.724205 27.517107 27.330608 27.126087 26.938978 26.736898 26.549049 26.349258 26.160521 25.962852 25.773069 25.577349 25.386349 25.192389 25.000000 
25.000000 25.200861 25.403370 25.602793 25.807171 26.005362 26.211824 26.408979 26.617733 26.814045 27.025286 27.220922 27.434834 27.629953 27.846693 28.041433 28.261145 28.455612 28.678410 28.872696 29.098665 29.292824 29.522022 29.716080 29.948524 30.142475 30.378157 30.571959 30.810823 31.004395 31.246353 31.439581 31.684504 31.877232 32.124947 32.316982 32.567276 32.758392 33.011009 33.200932 33.455574 33.644001 33.900337 34.086922 34.344570 34.528934 34.787483 34.969223 35.228214 35.406891 35.665836 35.840981 36.099365 36.270489 36.527752 36.694340 36.949913 37.111439 37.364716 37.520634 37.770992 37.920750 38.167557 38.310596 38.553196 38.688953 38.926697 39.054611 39.286835 39.406353 39.632401 39.742981 39.962204 40.063320 40.275070 40.366215 40.569866 40.650558 40.845509 40.915291 41.100952 41.159405 41.335220 41.381958 41.547405 41.582077 41.736671 41.758972 41.902256 41.911930 42.043503 42.040333 42.159832 42.143654 42.250763 42.221474 42.315929 42.273460 42.355053 42.299404 42.367970 42.299191 42.354622 42.272816 42.315063 42.220383 42.249451 42.142113 42.158047 42.038311 42.041225 41.909397 41.899448 41.755898 41.733295 41.578415 41.543415 41.377659 41.330559 41.154408 41.095554 40.909531 40.839306 40.643959 40.562782 40.358688 40.267014 40.054779 39.953079 39.733322 39.622097 39.395462 39.275234 39.042366 38.913670 38.675220 38.538601 38.295227 38.151241 37.903591 37.752792 37.501511 37.344452 37.090172 36.927402 36.670734 36.502785 36.244328 36.071728 35.812054 35.635300 35.374954 35.194530 34.934029 34.750397 34.490219 34.303806 34.044403 33.855614 33.597393 33.406597 33.149929 32.957462 32.702682 32.508839 32.256241 32.061283 31.811113 31.615271 31.367741 31.171198 30.926474 30.729382 30.487593 30.290064 30.051298 29.853405 29.617714 29.419497 29.186897 28.988359 28.758831 28.559948 28.333437 28.134153 27.910576 27.710808 27.490057 27.289696 27.071638 26.870554 26.655035 26.453079 26.239929 26.036938 25.825972 25.621767 25.412790 25.207190 25.000000 
25.000000 25.215366 25.429083 25.646328 25.858622 26.077978 26.289062 26.510757 26.720837 26.945086 27.154358 27.381361 27.589998 27.819941 28.028103 28.261145 28.468962 28.705240 28.912821 29.152443 29.359863 29.602905 29.810209 30.056711 30.263910 30.513876 30.720943 30.974340 31.181213 31.437965 31.644537 31.904526 32.110653 32.373718 32.579220 32.845158 33.049801 33.318359 33.521877 33.792763 33.994854 34.267731 34.468040 34.742523 34.940674 35.216343 35.411907 35.688297 35.880829 36.157436 36.346447 36.622734 36.807716 37.083103 37.263523 37.537411 37.712711 37.984467 38.154072 38.423050 38.586372 38.851891 39.008343 39.269718 39.418690 39.675228 39.816128 40.067120 40.199348 40.444096 40.567066 40.804867 40.918015 41.148174 41.250942 41.472790 41.564648 41.777515 41.857967 42.061222 42.129799 42.322834 42.379097 42.561337 42.604897 42.775795 42.806305 42.965363 42.982517 43.129280 43.132828 43.266880 43.256618 43.377602 43.353390 43.460995 43.422737 43.516712 43.464371 43.544514 43.478115 43.544281 43.463913 43.516018 43.421814 43.459835 43.351986 43.375954 43.254719 43.264713 43.130398 43.126568 42.979530 42.962067 42.802711 42.771866 42.600651 42.556721 42.374142 42.317471 42.124062 42.055042 41.851376 41.770435 41.557114 41.464714 41.242374 41.139011 40.908310 40.794506 40.556110 40.432411 40.187012 40.053986 39.802273 39.660492 39.403172 39.253231 38.990993 38.833481 38.567020 38.402531 38.132530 37.961651 37.688774 37.512085 37.236977 37.055038 36.778328 36.591694 36.313976 36.123169 35.845013 35.650536 35.372471 35.174805 34.897331 34.696915 34.420486 34.217731 33.942768 33.738056 33.464935 33.258602 32.987656 32.779999 32.511520 32.302799 32.037029 31.827471 31.564610 31.354391 31.094599 30.883858 30.627253 30.416090 30.162743 29.951218 29.701166 29.489302 29.242544 29.030329 28.786823 28.574217 28.333891 28.120815 27.883568 27.669922 27.435623 27.221277 26.989773 26.774578 26.545698 26.329485 26.103037 25.885624 25.661406 25.442600 25.220398 25.000000 
25.000000 25.228214 25.458303 25.684881 25.917095 26.142275 26.376856 26.600859 26.838045 27.061085 27.301096 27.523371 27.766413 27.988102 28.234356 28.455612 28.705240 28.926193 29.179321 29.400068 29.656797 29.877401 30.137793 30.358288 30.622364 30.842737 31.110485 31.330692 31.602053 31.822002 32.096870 32.316429 32.594662 32.813660 33.095058 33.313271 33.597595 33.814762 34.101723 34.317535 34.606796 34.820908 35.112087 35.324112 35.616779 35.826283 36.119965 36.326485 36.620674 36.823711 37.117847 37.316875 37.610363 37.804825 38.097038 38.286354 38.576637 38.760204 39.047878 39.225079 39.509430 39.679634 39.959946 40.122520 40.398048 40.552353 40.822361 40.967758 41.231491 41.367355 41.624065 41.749779 41.998730 42.113693 42.354156 42.457794 42.689056 42.780823 43.002190 43.081566 43.292377 43.358887 43.558514 43.611713 43.799561 43.839058 44.014565 44.040012 44.202675 44.213776 44.363132 44.359646 44.495281 44.477020 44.598583 44.565426 44.672611 44.624485 44.717056 44.653957 44.731731 44.653713 44.716568 44.623753 44.671627 44.564190 44.597092 44.475269 44.493256 44.357346 44.360538 44.210899 44.199486 44.036518 44.010727 43.834892 43.795021 43.606827 43.553215 43.353207 43.286247 43.075020 42.995144 42.773319 42.681004 42.449245 42.345001 42.103989 41.988361 41.738804 41.612354 41.354980 41.218307 40.953842 40.807556 40.536747 40.381462 40.105057 39.941402 39.660133 39.488747 39.203346 39.024853 38.736042 38.551056 38.259529 38.068665 37.775105 37.578953 37.284004 37.083141 36.787422 36.582394 36.286491 36.077824 35.782284 35.570461 35.275795 35.061272 34.767948 34.551144 34.259583 34.040878 33.751461 33.531193 33.244247 33.022720 32.738529 32.515995 32.234798 32.011475 31.733459 31.509514 31.234831 31.010387 30.739136 30.514282 30.246519 30.021299 29.757042 29.531462 29.270689 29.044720 28.787371 28.560947 28.306931 28.079958 27.829149 27.601505 27.353752 27.125286 26.880419 26.650963 26.408785 26.178150 25.938454 25.706442 25.469006 25.235405 25.000000 
25.000000 25.242924 25.483988 25.729033 25.968487 26.215914 26.454004 26.704069 26.941027 27.193972 27.430016 27.686066 27.921398 28.180759 28.415554 28.678410 28.912821 29.179321 29.413467 29.683735 29.917702 30.191822 30.425661 30.703678 30.937401 31.219322 31.452900 31.738684 31.972044 32.261604 32.494629 32.787838 33.020363 33.317039 33.548855 33.848766 34.079617 34.382481 34.612064 34.917549 35.145523 35.453247 35.679218 35.988750 36.212284 36.523148 36.743774 37.055443 37.272648 37.584560 37.797798 38.109341 38.318035 38.628563 38.832115 39.140945 39.338726 39.645149 39.836510 40.139786 40.324070 40.623444 40.799976 41.094673 41.262775 41.552010 41.711010 41.993988 42.143211 42.419140 42.557930 42.826019 42.953728 43.213200 43.329208 43.579296 43.683006 43.922966 44.013813 44.242928 44.320381 44.537968 44.601543 44.806946 44.856197 45.048809 45.083344 45.262600 45.282074 45.447460 45.451591 45.602646 45.591206 45.727516 45.700340 45.821564 45.778549 45.884396 45.825504 45.915749 45.841007 45.915489 45.824986 45.883617 45.777508 45.820251 45.698761 45.725651 45.589062 45.600201 45.448856 45.444401 45.278706 45.258881 45.079288 45.044376 44.851406 44.801739 44.595947 44.531918 44.313911 44.235954 44.006374 43.914974 43.674507 43.570190 43.319546 43.202866 42.942783 42.814331 42.545570 42.405960 42.129295 41.979168 41.695377 41.535389 41.245266 41.076069 40.780403 40.602673 40.302235 40.116642 39.812202 39.619408 39.311722 39.112370 38.802170 38.596901 38.284885 38.074326 37.761166 37.545902 37.232243 37.012848 36.699284 36.476292 36.163387 35.937298 35.625572 35.396847 35.086769 34.855835 34.547832 34.315067 34.009518 33.775261 33.472485 33.237038 32.937309 32.700916 32.404469 32.167328 31.874338 31.636614 31.347212 31.109013 30.823282 30.584679 30.302658 30.063675 29.785362 29.545988 29.271339 29.031527 28.760460 28.520119 28.252522 28.011538 27.747265 27.505493 27.244370 27.001640 26.743473 26.499598 26.244173 25.998945 25.746035 25.499233 25.248600 25.000000 
