25.000000 25.000000 25.000000 25.000000 25.000000 25.000000 25.000000 25.000000 25.000000 25.000000 25.000000 25.000000 25.000000 25.000000 25.000000 25.000000 25.000000 25.000000 25.000000 25.000000 25.000000 25.000000 25.000000 25.000000 25.000000 25.000000 25.000000 25.000000 25.000000 25.000000 25.000000 25.000000 25.000000 25.000000 25.000000 25.000000 25.000000 25.000000 25.000000 25.000000 25.000000 25.000000 25.000000 25.000000 25.000000 25.000000 25.000000 25.000000 25.000000 25.000000 25.000000 25.000000 25.000000 25.000000 25.000000 25.000000 25.000000 25.000000 25.000000 25.000000 25.000000 25.000000 25.000000 25.000000 25.000000 25.000000 25.000000 25.000000 25.000000 25.000000 25.000000 25.000000 25.000000 25.000000 25.000000 25.000000 25.000000 25.000000 25.000000 25.000000 25.000000 25.000000 25.000000 25.000000 25.000000 25.000000 25.000000 25.000000 25.000000 25.000000 25.000000 25.000000 25.000000 25.000000 25.000000 25.000000 25.000000 25.000000 25.000000 25.000000 25.000000 25.000000 25.000000 25.000000 25.000000 25.000000 25.000000 25.000000 25.000000 25.000000 25.000000 25.000000 25.000000 25.000000 25.000000 25.000000 25.000000 25.000000 25.000000 25.000000 25.000000 25.000000 25.000000 25.000000 25.000000 25.000000 25.000000 25.000000 25.000000 25.000000 25.000000 25.000000 25.000000 25.000000 25.000000 25.000000 25.000000 25.000000 25.000000 25.000000 25.000000 25.000000 25.000000 25.000000 25.000000 25.000000 25.000000 25.000000 25.000000 25.000000 25.000000 25.000000 25.000000 25.000000 25.000000 25.000000 25.000000 25.000000 25.000000 25.000000 25.000000 25.000000 25.000000 25.000000 25.000000 25.000000 25.000000 25.000000 25.000000 25.000000 25.000000 25.000000 25.000000 25.000000 25.000000 25.000000 25.000000 25.000000 25.000000 25.000000 25.000000 25.000000 25.000000 25.000000 25.000000 25.000000 25.000000 25.000000 25.000000 25.000000 25.000000 25.000000 25.000000 25.000000 25.000000 25.000000 25.000000 25.000000 25.000000 25.000000 
25.000000 25.007828 25.015732 25.023520 25.031546 25.039328 25.047518 25.055334 25.063726 25.071611 25.080246 25.088234 25.097149 25.105272 25.114502 25.122793 25.132372 25.140860 25.150818 25.159523 25.169891 25.178839 25.189640 25.198847 25.210104 25.219585 25.231318 25.241083 25.253304 25.263359 25.276079 25.286427 25.299650 25.310286 25.324015 25.334932 25.349161 25.360346 25.375065 25.386499 25.401697 25.413359 25.429012 25.440874 25.456959 25.468988 25.485474 25.497635 25.514482 25.526733 25.543905 25.556198 25.573648 25.585936 25.603613 25.615837 25.633686 25.645792 25.663755 25.675682 25.693695 25.705381 25.723377 25.734760 25.752672 25.763681 25.781437 25.792007 25.809536 25.819601 25.836826 25.846319 25.863167 25.872025 25.888418 25.896574 25.912443 25.919834 25.935106 25.941677 25.956282 25.961973 25.975845 25.980608 25.993683 25.997471 26.009687 26.012457 26.023762 26.025480 26.035822 26.036457 26.045794 26.045322 26.053614 26.052019 26.059235 26.056507 26.062622 26.058758 26.063753 26.058758 26.062620 26.056505 26.059231 26.052015 26.053608 26.045315 26.045784 26.036448 26.035810 26.025467 26.023746 26.012440 26.009668 25.997450 25.993660 25.980583 25.975819 25.961943 25.956249 25.941639 25.935066 25.919790 25.912394 25.896521 25.888359 25.871960 25.863096 25.846245 25.836742 25.819511 25.809437 25.791903 25.781319 25.763554 25.752533 25.734608 25.723213 25.705204 25.693501 25.675472 25.663527 25.645546 25.633419 25.615549 25.603300 25.585598 25.573284 25.555807 25.543482 25.526278 25.513992 25.497107 25.484903 25.468380 25.456301 25.440172 25.428255 25.412550 25.400826 25.385572 25.374067 25.359283 25.348019 25.333719 25.322714 25.308907 25.298170 25.284859 25.274401 25.261583 25.251406 25.239075 25.229174 25.217321 25.207691 25.196301 25.186928 25.175982 25.166853 25.156328 25.147423 25.137293 25.128588 25.118824 25.110296 25.100864 25.092484 25.083351 25.075087 25.066216 25.058035 25.049389 25.041256 25.032795 25.024673 25.016359 25.008211 25.000000 
25.000000 25.015732 25.031345 25.047277 25.062847 25.079065 25.094662 25.111246 25.126945 25.143976 25.159849 25.177402 25.193516 25.211664 25.228081 25.246895 25.263676 25.283218 25.300413 25.320747 25.338406 25.359583 25.377745 25.399813 25.418509 25.441509 25.460766 25.484730 25.504562 25.529516 25.549931 25.575891 25.596888 25.623857 25.645424 25.673401 25.695518 25.724489 25.747128 25.777067 25.800184 25.831059 25.854605 25.886368 25.910284 25.942879 25.967096 26.000458 26.024895 26.058949 26.083517 26.118174 26.142780 26.177942 26.202480 26.238043 26.262403 26.298252 26.322315 26.358328 26.381971 26.418018 26.441118 26.477064 26.499485 26.535192 26.556803 26.592125 26.612791 26.647581 26.667170 26.701279 26.719658 26.752935 26.769976 26.802275 26.817848 26.849024 26.863008 26.892920 26.905203 26.933712 26.944185 26.971161 26.979731 27.005049 27.011621 27.035170 27.039669 27.061338 27.063702 27.083401 27.083570 27.101217 27.099154 27.114677 27.110355 27.123697 27.117104 27.128220 27.119356 27.128218 27.117100 27.123692 27.110348 27.114666 27.099144 27.101202 27.083553 27.083382 27.063679 27.061314 27.039639 27.035135 27.011585 27.005009 26.979685 26.971113 26.944132 26.933653 26.905136 26.892847 26.862928 26.848936 26.817751 26.802168 26.769859 26.752810 26.719519 26.701126 26.667004 26.647400 26.612595 26.591908 26.556570 26.534935 26.499208 26.476761 26.440790 26.417662 26.381586 26.357906 26.321859 26.297756 26.261869 26.237465 26.201857 26.177265 26.142054 26.117386 26.082674 26.058035 26.023914 25.999399 25.965961 25.941656 25.908974 25.884954 25.853096 25.829433 25.798450 25.775202 25.745140 25.722353 25.693249 25.670963 25.642836 25.621080 25.593941 25.572737 25.546589 25.525942 25.500780 25.480692 25.456495 25.436956 25.413700 25.394691 25.372343 25.353838 25.332357 25.314320 25.293655 25.276043 25.256142 25.238907 25.219706 25.202797 25.184227 25.167582 25.149574 25.133129 25.115610 25.099297 25.082188 25.065933 25.049156 25.032887 25.016359 25.000000 
25.000000 25.023520 25.047277 25.070673 25.094797 25.118181 25.142796 25.166277 25.191504 25.215193 25.241144 25.265144 25.291939 25.316347 25.344088 25.368999 25.397787 25.423285 25.453215 25.479370 25.510530 25.537413 25.569874 25.597538 25.631371 25.659859 25.695114 25.724457 25.761181 25.791395 25.829618 25.860708 25.900448 25.932404 25.973660 26.006460 26.049219 26.082825 26.127058 26.161415 26.207081 26.242123 26.289160 26.324802 26.373133 26.409281 26.458813 26.495356 26.545982 26.582792 26.634392 26.671329 26.723763 26.760679 26.813795 26.850527 26.904160 26.940536 26.994509 27.030350 27.084471 27.119589 27.173662 27.207863 27.261681 27.294764 27.348112 27.379881 27.432539 27.462790 27.514538 27.543070 27.593683 27.620302 27.669556 27.694067 27.741743 27.763960 27.809841 27.829586 27.873465 27.890574 27.932247 27.946564 27.985842 27.997227 28.033930 28.042259 28.076220 28.081387 28.112457 28.114370 28.142418 28.141008 28.165916 28.161131 28.182806 28.174618 28.192980 28.181379 28.196377 28.181377 28.192974 28.174608 28.182793 28.161118 28.165897 28.140987 28.142393 28.114342 28.112425 28.081348 28.076178 28.042210 28.033875 27.997168 27.985775 27.946489 27.932167 27.890482 27.873367 27.829477 27.809721 27.763826 27.741598 27.693907 27.669382 27.620110 27.593475 27.542841 27.514288 27.462519 27.432241 27.379559 27.347757 27.294382 27.261261 27.207409 27.173166 27.119055 27.083887 27.029720 26.993822 26.939798 26.903357 26.849663 26.812857 26.759668 26.722668 26.670153 26.633118 26.581425 26.544506 26.493773 26.457104 26.407452 26.371157 26.322691 26.286882 26.239695 26.204466 26.158630 26.124060 26.079634 26.045790 26.002817 25.969751 25.928257 25.896002 25.855995 25.824575 25.786055 25.755474 25.718420 25.688673 25.653051 25.624117 25.589886 25.561726 25.528828 25.501402 25.469767 25.443014 25.412565 25.386417 25.357067 25.331446 25.303099 25.277920 25.250471 25.225643 25.198982 25.174402 25.148417 25.123980 25.098553 25.074148 25.049160 25.024675 25.000000 
25.000000 25.031546 25.062847 25.094797 25.126007 25.158531 25.189798 25.223059 25.254530 25.288683 25.320503 25.355703 25.388004 25.424398 25.457308 25.495035 25.528673 25.567865 25.602335 25.643110 25.678509 25.720974 25.757380 25.801632 25.839111 25.885231 25.923834 25.971886 26.011642 26.061676 26.102604 26.154652 26.196745 26.250820 26.294056 26.350149 26.394489 26.452572 26.497955 26.557981 26.604326 26.666225 26.713430 26.777109 26.825056 26.890406 26.938953 27.005838 27.054829 27.123096 27.172356 27.241829 27.291161 27.361650 27.410847 27.482138 27.530977 27.602840 27.651087 27.723276 27.770683 27.842941 27.889256 27.961311 28.006269 28.077841 28.121174 28.191973 28.233416 28.303146 28.342428 28.410793 28.447649 28.514349 28.548519 28.613256 28.644489 28.706974 28.735023 28.794971 28.819609 28.876745 28.897758 28.951820 28.969009 29.019753 29.032942 29.080132 29.089167 29.132593 29.137344 29.176819 29.177176 29.212536 29.208416 29.239517 29.230871 29.257599 29.244398 29.266666 29.248915 29.266663 29.244392 29.257587 29.230856 29.239496 29.208393 29.212505 29.177143 29.176781 29.137300 29.132544 29.089109 29.080067 29.032869 29.019670 28.968922 28.951723 28.897648 28.876627 28.819477 28.794827 28.734863 28.706799 28.644295 28.613045 28.548286 28.514093 28.447371 28.410486 28.342094 28.302780 28.233019 28.191538 28.120705 28.077326 28.005713 27.960703 27.888599 27.842224 27.769909 27.722431 27.650175 27.601847 27.529909 27.480978 27.409599 27.360296 27.289707 27.240252 27.170662 27.121265 27.052866 27.003716 26.936680 26.887949 26.822432 26.774277 26.710405 26.662964 26.600851 26.554241 26.493973 26.448290 26.389936 26.345261 26.288864 26.245251 26.190838 26.148327 26.095903 26.054512 26.004059 25.963787 25.915270 25.876101 25.829472 25.791363 25.746553 25.709454 25.666380 25.630220 25.588783 25.553480 25.513569 25.479021 25.440514 25.406618 25.369379 25.336012 25.299902 25.266933 25.231802 25.199097 25.164789 25.132202 25.098560 25.065939 25.032801 25.000000 
25.000000 25.039328 25.079065 25.118181 25.158531 25.197626 25.238796 25.278057 25.320248 25.359854 25.403261 25.443388 25.488197 25.529011 25.575403 25.617054 25.665201 25.707830 25.757885 25.801619 25.853725 25.898674 25.952961 25.999214 26.055790 26.103420 26.162378 26.211437 26.272848 26.323366 26.387281 26.439266 26.505713 26.559147 26.628128 26.682972 26.754467 26.810658 26.884617 26.942066 27.018417 27.077011 27.155653 27.215252 27.296057 27.356499 27.439314 27.500414 27.585058 27.646605 27.732872 27.794636 27.882296 27.944025 28.032824 28.094246 28.183907 28.244738 28.334961 28.394899 28.485371 28.544100 28.634489 28.691685 28.781645 28.836975 28.926149 28.979280 29.067301 29.117895 29.204391 29.252113 29.336712 29.381233 29.463558 29.504559 29.584244 29.621410 29.698093 29.731131 29.804462 29.833092 29.902735 29.926699 29.992336 30.011400 30.072731 30.086685 30.143433 30.152102 30.204014 30.207245 30.254103 30.251776 30.293388 30.285419 30.321625 30.307966 30.338634 30.319273 30.344315 30.319269 30.338625 30.307953 30.321604 30.285397 30.293356 30.251741 30.254059 30.207197 30.203959 30.152039 30.143360 30.086605 30.072639 30.011299 29.992224 29.926575 29.902599 29.832939 29.804296 29.730947 29.697893 29.621189 29.584002 29.504292 29.463266 29.380915 29.336361 29.251732 29.203972 29.117441 29.066801 28.978741 28.925556 28.836334 28.780943 28.690928 28.633661 28.543207 28.484396 28.393847 28.333815 28.243502 28.182562 28.092800 28.031252 27.942337 27.880465 27.792671 27.730742 27.644321 27.582584 27.497766 27.436451 27.353439 27.292751 27.211721 27.151844 27.072948 27.014042 26.937405 26.879602 26.805323 26.748735 26.676880 26.621593 26.552208 26.498280 26.431385 26.378849 26.314436 26.263306 26.201342 26.151606 26.092039 26.043657 25.986416 25.939333 25.884317 25.838461 25.785557 25.740826 25.689905 25.646187 25.597099 25.554264 25.506853 25.464758 25.418848 25.377335 25.332745 25.291649 25.248188 25.207329 25.164803 25.123999 25.082205 25.041265 25.000000 
25.000000 25.047518 25.094662 25.142796 25.189798 25.238796 25.285887 25.335991 25.383389 25.434839 25.482759 25.535786 25.584435 25.639257 25.688822 25.745653 25.796314 25.855349 25.907263 25.968681 26.021994 26.085958 26.140787 26.207441 26.263885 26.333351 26.391487 26.463863 26.523737 26.599096 26.660734 26.739122 26.802519 26.883957 26.949074 27.033550 27.100330 27.187803 27.256155 27.346550 27.416351 27.509563 27.580660 27.676554 27.748768 27.847174 27.920294 28.021009 28.094799 28.197594 28.271786 28.376396 28.450699 28.556835 28.630938 28.738277 28.811842 28.920040 28.992716 29.101402 29.172815 29.281605 29.351372 29.459850 29.527578 29.635326 29.700609 29.807192 29.869629 29.974600 30.033785 30.136696 30.192230 30.292633 30.344124 30.441570 30.488638 30.582687 30.624966 30.715195 30.752337 30.838331 30.870014 30.951376 30.977304 31.053665 31.073574 31.144583 31.158237 31.223579 31.230782 31.290174 31.290760 31.343954 31.337803 31.384584 31.371613 31.411810 31.391983 31.425465 31.398785 31.425457 31.391973 31.411791 31.371592 31.384552 31.337767 31.343908 31.290710 31.290115 31.230717 31.223505 31.158152 31.144485 31.073465 31.053543 30.977173 30.951227 30.869848 30.838148 30.752136 30.714975 30.624723 30.582422 30.488344 30.441250 30.343771 30.292248 30.191811 30.136236 30.033283 29.974049 29.869032 29.806536 29.699902 29.634550 29.526739 29.458935 29.350382 29.280521 29.171650 29.100130 28.991343 28.918547 28.810234 28.736528 28.629057 28.554794 28.448509 28.374020 28.269236 28.194832 28.091841 28.017809 27.916870 27.843473 27.744814 27.672285 27.576105 27.504652 27.411116 27.340914 27.250154 27.181353 27.093472 27.026186 26.941252 26.875570 26.793619 26.729595 26.650639 26.588301 26.512312 26.451662 26.378590 26.319595 26.249365 26.191969 26.124477 26.068604 26.003721 25.949265 25.886847 25.833679 25.773558 25.721531 25.663523 25.612474 25.556377 25.506126 25.451727 25.402077 25.349154 25.299896 25.248215 25.199135 25.148455 25.099327 25.049406 25.000000 
25.000000 25.055334 25.111246 25.166277 25.223059 25.278057 25.335991 25.391222 25.450590 25.506310 25.567387 25.623838 25.686892 25.744305 25.809586 25.868177 25.935921 25.995892 26.066319 26.127844 26.201157 26.264389 26.340767 26.405834 26.485432 26.552435 26.635384 26.704397 26.790794 26.861858 26.951777 27.024904 27.118380 27.193550 27.290586 27.367741 27.468309 27.547359 27.651392 27.732214 27.839607 27.922041 28.032652 28.116501 28.230152 28.315189 28.431664 28.517628 28.636671 28.723267 28.844589 28.931490 29.054770 29.141621 29.266499 29.352922 29.479008 29.564600 29.691475 29.775814 29.903034 29.985674 30.112774 30.193260 30.319752 30.397619 30.522999 30.597775 30.721529 30.792740 30.914347 30.981522 31.100454 31.163128 31.278862 31.336586 31.448603 31.500935 31.608728 31.655254 31.758333 31.798660 31.896549 31.930317 32.022568 32.049446 32.135639 32.155334 32.235077 32.247337 32.320278 32.324894 32.390728 32.387527 32.445976 32.434845 32.485691 32.466557 32.509617 32.482456 32.517605 32.482452 32.509602 32.466537 32.485661 32.434811 32.445934 32.387478 32.390667 32.324825 32.320202 32.247250 32.234974 32.155220 32.135509 32.049305 32.022411 31.930143 31.896357 31.798447 31.758099 31.654995 31.608446 31.500622 31.448259 31.336208 31.278452 31.162678 31.099960 30.980982 30.913757 30.792099 30.720827 30.597013 30.522165 30.396717 30.318764 30.192194 30.111607 29.984417 29.901661 29.774332 29.689861 29.562862 29.477116 29.350887 29.264288 29.139246 29.052191 28.928724 28.841591 28.720053 28.633192 28.513903 28.427637 28.310884 28.225502 28.111534 28.027294 27.916325 27.833450 27.725655 27.644337 27.539852 27.460243 27.359167 27.281387 27.183784 27.107918 27.013813 26.939907 26.849291 26.777361 26.690191 26.620220 26.536421 26.468359 26.387823 26.321590 26.244186 26.179674 26.105242 26.042315 25.970667 25.909166 25.840097 25.779839 25.713125 25.653908 25.589308 25.530909 25.468164 25.410349 25.349195 25.291714 25.231874 25.174467 25.115660 25.058062 25.000000 
25.000000 25.063726 25.126945 25.191504 25.254530 25.320248 25.383389 25.450590 25.514147 25.583151 25.647406 25.718525 25.783752 25.857281 25.923740 25.999956 26.067886 26.147053 26.216665 26.299028 26.370512 26.456287 26.529806 26.619186 26.694870 26.788019 26.865969 26.963015 27.043299 27.144342 27.226988 27.332092 27.417097 27.526283 27.613602 27.726856 27.816404 27.933672 28.025326 28.146507 28.240108 28.365063 28.460403 28.588947 28.685785 28.817694 28.915751 29.050751 29.149704 29.287489 29.386984 29.527197 29.626844 29.769096 29.868477 30.012337 30.111000 30.256006 30.353479 30.499138 30.594921 30.740709 30.834288 30.979658 31.070505 31.214888 31.302465 31.445278 31.529043 31.669693 31.749102 31.886986 31.961502 32.096020 32.165119 32.295666 32.358841 32.484833 32.541588 32.662457 32.712330 32.827518 32.870075 32.979050 33.013897 33.116165 33.142944 33.238037 33.256435 33.343929 33.353676 33.433193 33.434074 33.505280 33.497135 33.559742 33.542458 33.596237 33.569763 33.614540 33.578880 33.614532 33.569748 33.596214 33.542427 33.559704 33.497086 33.505222 33.434010 33.433113 33.353588 33.343826 33.256317 33.237907 33.142796 33.116001 33.013718 32.978848 32.869854 32.827271 32.712059 32.662163 32.541260 32.484478 32.358448 32.295238 32.164646 32.095501 31.960938 31.886368 31.748426 31.668955 31.528242 31.444403 31.301516 31.213848 31.069380 30.978428 30.832960 30.739258 30.593355 30.497431 30.351639 30.254004 30.108843 30.009991 29.865955 29.766357 29.623905 29.524006 29.383564 29.283783 29.145737 29.046459 28.911156 28.812731 28.680481 28.583223 28.454290 28.358477 28.233086 28.138950 28.017277 27.925020 27.807201 27.716978 27.603107 27.515034 27.405161 27.319311 27.213448 27.129860 27.027973 26.946648 26.848669 26.769564 26.675392 26.598434 26.507929 26.433010 26.346004 26.272984 26.189281 26.117990 26.037363 25.967604 25.889807 25.821358 25.746124 25.678743 25.605785 25.539211 25.468229 25.402184 25.332867 25.267056 25.199083 25.133205 25.066256 25.000000 
25.000000 25.071611 25.143976 25.215193 25.288683 25.359854 25.434839 25.506310 25.583151 25.655251 25.734304 25.807350 25.888958 25.963251 26.047737 26.123556 26.211227 26.288830 26.379972 26.459585 26.554459 26.636280 26.735117 26.819313 26.922314 27.009016 27.116346 27.205648 27.317440 27.409397 27.525738 27.620367 27.741306 27.838579 27.964121 28.063963 28.194069 28.296366 28.430948 28.535538 28.674461 28.781139 28.924223 29.032734 29.179743 29.289793 29.440451 29.551701 29.705675 29.817743 29.974663 30.087130 30.246571 30.358980 30.520481 30.632341 30.795397 30.906185 31.070257 31.179424 31.343937 31.450912 31.615261 31.719454 31.883011 31.983818 32.145931 32.242744 32.402748 32.494953 32.652176 32.739162 32.892918 32.974087 33.123699 33.198467 33.343266 33.411068 33.550396 33.610687 33.743916 33.796192 33.922703 33.966496 34.085709 34.120598 34.231968 34.257565 34.360592 34.376575 34.470806 34.476898 34.561928 34.557915 34.633396 34.619125 34.684765 34.660141 34.715710 34.680710 34.726040 34.680702 34.715691 34.660114 34.684727 34.619080 34.633343 34.557850 34.561852 34.476810 34.470707 34.376457 34.360462 34.257416 34.231804 34.120411 34.085506 33.966270 33.922451 33.795914 33.743610 33.610352 33.550030 33.410660 33.342823 33.197979 33.123169 32.973503 32.892281 32.738464 32.651413 32.494125 32.401840 32.241760 32.144855 31.982653 31.881735 31.718073 31.613754 31.449284 31.342159 31.177507 31.068169 30.903934 30.792948 30.629707 30.517618 30.355906 30.243231 30.083548 29.970779 29.813583 29.701170 29.546877 29.435234 29.284218 29.173721 29.026300 28.917286 28.773739 28.666492 28.527046 28.421814 28.286646 28.183628 28.052864 27.952213 27.825939 27.727762 27.606010 27.510372 27.393129 27.300051 27.187260 27.096718 26.988285 26.900211 26.796000 26.710295 26.610130 26.526651 26.430326 26.348900 26.256178 26.176596 26.087210 26.009235 25.922894 25.846266 25.762657 25.687088 25.605881 25.531067 25.451916 25.377533 25.300083 25.225796 25.149683 25.075144 25.000000 
25.000000 25.080246 25.159849 25.241144 25.320503 25.403261 25.482759 25.567387 25.647406 25.734304 25.815203 25.904760 25.986885 26.079472 26.163149 26.259117 26.344643 26.444326 26.531969 26.635672 26.725672 26.833666 26.926228 27.038757 27.134045 27.251314 27.349455 27.471628 27.572706 27.699905 27.803961 27.936264 28.043289 28.180729 28.290667 28.433220 28.545967 28.693565 28.808968 28.961485 29.079336 29.236599 29.356644 29.518417 29.640350 29.806349 29.929819 30.099703 30.224304 30.397682 30.522972 30.699400 30.824884 31.003868 31.129021 31.310024 31.434278 31.616714 31.739475 31.922724 32.043362 32.226765 32.344631 32.527500 32.641933 32.823555 32.933880 33.113518 33.219048 33.395950 33.496002 33.669422 33.763325 33.932495 34.019581 34.183758 34.263390 34.421825 34.493385 34.645363 34.708263 34.853088 34.906788 35.043793 35.087791 35.216347 35.250195 35.369720 35.393024 35.502983 35.515404 35.615318 35.616585 35.706039 35.695946 35.774578 35.752983 35.820503 35.787346 35.843533 35.798820 35.843525 35.787327 35.820473 35.752941 35.774525 35.695881 35.705963 35.616497 35.615219 35.515289 35.502853 35.392876 35.369556 35.250011 35.216145 35.087563 35.043541 34.906509 34.852783 34.707924 34.644989 34.492973 34.421375 34.262894 34.183216 34.018990 33.931847 33.762611 33.668644 33.495155 33.395023 33.218037 33.112411 32.932682 32.822247 32.640518 32.525951 32.342960 32.224937 32.041389 31.920570 31.737156 31.614191 31.431562 31.307068 31.125845 31.000418 30.821180 30.695379 30.518663 30.393015 30.219305 30.094292 29.924030 29.800095 29.633667 29.511204 29.348944 29.228300 29.070492 28.951963 28.798828 28.682667 28.534376 28.420778 28.277449 28.166557 28.028257 27.920166 27.786905 27.681665 27.553406 27.451012 27.327667 27.228069 27.109514 27.012619 26.898676 26.804350 26.694805 26.602871 26.497478 26.407721 26.306200 26.218372 26.120413 26.034233 25.939497 25.854662 25.762791 25.678970 25.589586 25.506428 25.419140 25.336277 25.250683 25.167732 25.083427 25.000000 
25.000000 25.088234 25.177402 25.265144 25.355703 25.443388 25.535786 25.623838 25.718525 25.807350 25.904760 25.994753 26.095304 26.186834 26.290930 26.384338 26.492357 26.587961 26.700251 26.798332 26.915213 27.016014 27.137774 27.241501 27.368385 27.475201 27.607412 27.717432 27.855131 27.968424 28.111721 28.228304 28.377258 28.497099 28.651716 28.774725 28.934956 29.060989 29.226727 29.355587 29.526663 29.658096 29.834286 29.967983 30.149000 30.284595 30.470095 30.607172 30.796747 30.934839 31.128031 31.266617 31.462904 31.601423 31.800240 31.938086 32.138809 32.275341 32.477306 32.611843 32.814342 32.946186 33.148472 33.276897 33.478199 33.602459 33.801975 33.921322 34.118229 34.231907 34.425377 34.532635 34.721832 34.821934 35.006020 35.098240 35.276394 35.360039 35.531452 35.605858 35.769745 35.834286 35.989899 36.043999 36.190620 36.233753 36.370712 36.402416 36.529099 36.548962 36.664810 36.672501 36.777012 36.772263 36.865013 36.847633 36.928265 36.898140 36.966370 36.923470 36.979088 36.923458 36.966347 36.898106 36.928219 36.847576 36.864944 36.772179 36.776917 36.672386 36.664684 36.548820 36.528938 36.402233 36.370514 36.233528 36.190369 36.043716 35.989590 35.833946 35.769371 35.605442 35.530998 35.359539 35.275848 35.097641 35.005363 34.821213 34.721046 34.531776 34.424438 34.230885 34.117107 33.920105 33.800644 33.601021 33.476624 33.275196 33.146614 32.944180 32.812149 32.609478 32.474728 32.272564 32.135788 31.934837 31.796709 31.597631 31.458788 31.262201 31.123241 30.929707 30.791193 30.601225 30.463665 30.277721 30.141577 29.960052 29.825735 29.648973 29.516838 29.345119 29.215467 29.049007 28.922085 28.761045 28.637039 28.481520 28.360565 28.210608 28.092781 27.948372 27.833700 27.694769 27.583220 27.449652 27.341145 27.212770 27.107182 26.983788 26.880943 26.762274 26.661957 26.547720 26.449677 26.339548 26.243483 26.137102 26.042696 25.939678 25.846577 25.746515 25.654343 25.556816 25.465172 25.369740 25.278212 25.184427 25.092587 25.000000 
25.000000 25.097149 25.193516 25.291939 25.388004 25.488197 25.584435 25.686892 25.783752 25.888958 25.986885 26.095304 26.194717 26.306801 26.408091 26.524265 26.627790 26.748457 26.854546 26.980072 27.089014 27.219730 27.331772 27.467972 27.583315 27.725243 27.844040 27.991896 28.114248 28.268181 28.394138 28.554241 28.683794 28.850101 28.983183 29.155672 29.292154 29.470739 29.610437 29.794964 29.937632 30.127888 30.273212 30.468920 30.616533 30.817343 30.966820 31.172318 31.323170 31.532885 31.684574 31.897968 32.049900 32.266376 32.417912 32.636814 32.787270 33.007900 33.156551 33.378155 33.524242 33.746017 33.888763 34.109882 34.248478 34.468079 34.601704 34.818897 34.946728 35.160603 35.281815 35.491463 35.605240 35.809738 35.915276 36.113724 36.210247 36.401741 36.488506 36.672176 36.748474 36.923481 36.988655 37.154194 37.207634 37.362946 37.404114 37.548492 37.576904 37.709709 37.724960 37.845612 37.847370 37.955360 37.943378 38.038277 38.012383 38.093838 38.053959 38.121700 38.067837 38.121685 38.053932 38.093800 38.012333 38.038216 37.943302 37.955273 37.847263 37.845493 37.724823 37.709553 37.576729 37.548294 37.403889 37.362701 37.207355 37.153889 36.988312 36.923111 36.748062 36.671726 36.488007 36.401196 36.209644 36.113064 35.914555 35.808949 35.604374 35.490517 35.280788 35.159477 34.945503 34.817554 34.600254 34.466492 34.246761 34.108006 33.886734 33.743805 33.521851 33.375546 33.153740 33.004841 32.783978 32.633236 32.414062 32.262196 32.045414 31.893099 31.679354 31.527229 31.317112 31.165764 30.959806 30.809767 30.608437 30.460182 30.263885 30.117838 29.926914 29.783432 29.598156 29.457537 29.278116 29.140600 28.967176 28.832939 28.665588 28.534744 28.373486 28.246092 28.090876 27.966930 27.817656 27.697096 27.553608 27.436319 27.298409 27.184231 27.051640 26.940355 26.812782 26.704134 26.581244 26.474928 26.356344 26.252026 26.137339 26.034649 25.923426 25.821962 25.713749 25.613085 25.507410 25.407101 25.303478 25.203060 25.100998 25.000000 
25.000000 25.105272 25.211664 25.316347 25.424398 25.529011 25.639257 25.744305 25.857281 25.963251 26.079472 26.186834 26.306801 26.415997 26.540186 26.651623 26.780487 26.894541 27.028496 27.145504 27.284931 27.405186 27.550423 27.674168 27.825510 27.952938 28.110630 28.241880 28.406107 28.541264 28.712158 28.851242 29.028875 29.171844 29.356222 29.502972 29.694035 29.844397 30.042013 30.195751 30.399721 30.556532 30.766590 30.926104 31.141905 31.303688 31.524822 31.688379 31.914360 32.079132 32.309410 32.474777 32.708740 32.874031 33.110992 33.275490 33.514709 33.677647 33.918335 34.078903 34.320213 34.477577 34.718624 34.871910 35.111774 35.260105 35.497822 35.640301 35.874901 36.010628 36.241116 36.369198 36.594578 36.714130 36.933407 37.043571 37.255768 37.355717 37.559860 37.648800 37.843964 37.921154 38.106441 38.171188 38.345745 38.397427 38.560459 38.598511 38.749287 38.773232 38.911083 38.920517 39.044853 39.039455 39.149769 39.129314 39.225178 39.189533 39.270607 39.219730 39.285770 39.219715 39.270576 39.189491 39.225124 39.129246 39.149685 39.039356 39.044739 38.920383 38.910931 38.773060 38.749096 38.598293 38.560219 38.397152 38.345448 38.170849 38.106071 37.920742 37.843517 37.648304 37.559319 37.355118 37.255112 37.042854 36.932621 36.713272 36.593636 36.368172 36.239990 36.009407 35.873562 35.638847 35.496231 35.258385 35.109890 34.869877 34.716400 34.475174 34.317596 34.076080 33.915257 33.674335 33.511105 33.271614 33.106777 32.869507 32.703827 32.469509 32.303696 32.073006 31.907728 31.681278 31.517147 31.295481 31.133043 30.916636 30.756382 30.545641 30.387993 30.183254 30.028572 29.830095 29.678669 29.486645 29.338703 29.153250 29.008949 28.830120 28.689554 28.517332 28.380527 28.214832 28.081755 27.922445 27.792999 27.639877 27.513912 27.366722 27.244032 27.102472 26.982798 26.846519 26.729555 26.598169 26.483568 26.356649 26.244024 26.121115 26.010044 25.890661 25.780697 25.664333 25.555000 25.441135 25.331936 25.220041 25.110466 25.000000 
25.000000 25.114502 25.228081 25.344088 25.457308 25.575403 25.688822 25.809586 25.923740 26.047737 26.163149 26.290930 26.408091 26.540186 26.659557 26.796467 26.918474 27.060673 27.185699 27.333616 27.462006 27.616034 27.748074 27.908552 28.044485 28.211706 28.351707 28.525906 28.670097 28.851444 28.999884 29.188490 29.341167 29.537071 29.693911 29.897087 30.057936 30.268280 30.432920 30.650251 30.818396 31.042461 31.213743 31.444214 31.618196 31.854664 32.030846 32.272823 32.450634 32.697563 32.876366 33.127613 33.306705 33.561569 33.740200 33.997913 34.175278 34.435005 34.610256 34.871113 35.043354 35.304401 35.472710 35.732971 35.896400 36.154858 36.312443 36.568043 36.718815 36.970497 37.113480 37.360168 37.494404 37.735020 37.859558 38.093029 38.206963 38.432236 38.534679 38.750729 38.840858 39.046692 39.123722 39.318398 39.381622 39.564243 39.613018 39.782753 39.816517 39.972614 39.990883 40.132664 40.135044 40.261909 40.248112 40.359554 40.329380 40.424988 40.378338 40.457798 40.394680 40.457783 40.378307 40.424942 40.329319 40.359482 40.248020 40.261803 40.134918 40.132519 39.990719 39.972431 39.816307 39.782520 39.612751 39.563950 39.381294 39.318039 39.123322 39.046253 38.840370 38.750195 38.534092 38.431587 38.206253 38.092251 37.858707 37.734085 37.493385 37.359055 37.112267 36.969170 36.717369 36.566463 36.310726 36.152981 35.894371 35.730755 35.470314 35.301788 35.040531 34.868038 34.606941 34.431400 34.171398 33.993690 33.735664 33.556641 33.301414 33.121872 32.870209 32.690895 32.443489 32.265095 32.022575 31.845730 31.608648 31.433910 31.202744 31.030609 30.805759 30.636652 30.418440 30.252710 30.041384 29.879314 29.675037 29.516834 29.319702 29.165501 28.975533 28.825397 28.642540 28.496468 28.320601 28.178520 28.009459 27.871237 27.708738 27.574181 27.417942 27.286795 27.136463 27.008421 26.863600 26.738308 26.598555 26.475616 26.340452 26.219429 26.088345 25.968765 25.841225 25.722588 25.598036 25.479813 25.357681 25.239328 25.119038 25.000000 
25.000000 25.122793 25.246895 25.368999 25.495035 25.617054 25.745653 25.868177 25.999956 26.123556 26.259117 26.384338 26.524265 26.651623 26.796467 26.926441 27.076729 27.209755 27.365974 27.502443 27.665035 27.805292 27.974651 28.118977 28.295446 28.444067 28.627930 28.781008 28.972481 29.130116 29.329350 29.491568 29.698645 29.865396 30.080324 30.251488 30.474195 30.649570 30.879906 31.059223 31.296951 31.479858 31.724663 31.910728 32.162212 32.350929 32.608616 32.799404 33.062725 33.254936 33.523251 33.716167 33.988754 34.181587 34.457657 34.649570 34.928261 35.118362 35.398743 35.586094 35.867184 36.050808 36.331573 36.510456 36.789822 36.962936 37.239788 37.406094 37.679291 37.837738 38.106129 38.255672 38.518093 38.657707 38.913002 39.041687 39.288712 39.405495 39.643124 39.747089 39.974239 40.064518 40.280144 40.355930 40.559044 40.619606 40.809277 40.853970 41.029343 41.057598 41.217907 41.229256 41.373802 41.367878 41.496075 41.472603 41.583958 41.542782 41.636898 41.577976 41.654572 41.577961 41.636868 41.542736 41.583893 41.472523 41.495979 41.367760 41.373669 41.229099 41.217728 41.057400 41.029121 40.853714 40.808998 40.619289 40.558693 40.355537 40.279713 40.064041 39.973717 39.746513 39.642490 39.404797 39.287945 39.040848 38.912083 38.656704 38.516991 38.254475 38.104813 37.836311 37.677727 37.404396 37.237930 36.960926 36.787624 36.508080 36.328976 36.048004 35.864128 35.582798 35.395153 35.114498 34.924053 34.645046 34.452740 34.176304 33.983021 33.710014 33.516582 33.247787 33.054985 32.791119 32.599655 32.341347 32.151871 31.899677 31.712749 31.467148 31.283264 31.044641 30.864218 30.632881 30.456263 30.232433 30.059877 29.843697 29.675392 29.466919 29.302971 29.102188 28.942631 28.749447 28.594234 28.408485 28.257511 28.078964 27.932051 27.760414 27.617317 27.452236 27.312656 27.153727 27.017307 26.864079 26.730413 26.582386 26.451027 26.307671 26.178125 26.038876 25.910618 25.774887 25.647364 25.514549 25.387180 25.256659 25.128853 25.000000 
25.000000 25.132372 25.263676 25.397787 25.528673 25.665201 25.796314 25.935921 26.067886 26.211227 26.344643 26.492357 26.627790 26.780487 26.918474 27.076729 27.217764 27.382122 27.526648 27.697607 27.846018 28.024029 28.176661 28.362118 28.519247 28.712484 28.874317 29.075605 29.242283 29.451818 29.623409 29.841318 30.017811 30.244137 30.425440 30.660154 30.846096 31.089075 31.279404 31.530441 31.724821 31.983622 32.181637 32.447815 32.648956 32.922050 33.125736 33.405178 33.610752 33.895897 34.102623 34.392735 34.599808 34.894081 35.100628 35.398174 35.603268 35.903122 36.105782 36.406918 36.606110 36.907452 37.102112 37.402523 37.591560 37.889866 38.072163 38.367153 38.541592 38.832039 38.997490 39.282146 39.437504 39.715130 39.859299 40.128658 40.260590 40.520462 40.639133 40.888336 40.992794 41.230183 41.319527 41.544010 41.617416 41.827969 41.884689 42.080353 42.119740 42.299641 42.321140 42.484493 42.487652 42.633774 42.618248 42.746552 42.712112 42.822124 42.768661 42.860023 42.787540 42.860004 42.768627 42.822075 42.712044 42.746468 42.618145 42.633648 42.487507 42.484325 42.320950 42.299427 42.119495 42.080082 41.884384 41.827629 41.617035 41.543594 41.319061 41.229675 40.992233 40.887722 40.638454 40.519714 40.259769 40.127762 39.858318 39.714050 39.436325 39.280853 38.996086 38.830498 38.539921 38.365322 38.070179 37.887695 37.589214 37.399960 37.099342 36.904427 36.602848 36.403358 36.101948 35.898949 35.598778 35.393291 35.095379 34.888378 34.593685 34.386093 34.095501 33.888180 33.602489 33.396236 33.116169 32.911713 32.637909 32.435898 32.168911 31.969912 31.710203 31.514708 31.262653 31.071068 30.826950 30.639597 30.403610 30.220728 29.992981 29.814730 29.595243 29.421694 29.210411 29.041557 28.838341 28.674105 28.478741 28.318962 28.131172 27.975628 27.795061 27.643459 27.469711 27.321699 27.154310 27.009480 26.847939 26.705826 26.549583 26.409685 26.258154 26.119923 25.972481 25.835339 25.691351 25.554686 25.413492 25.276676 25.137611 25.000000 
25.000000 25.140860 25.283218 25.423285 25.567865 25.707830 25.855349 25.995892 26.147053 26.288830 26.444326 26.587961 26.748457 26.894541 27.060673 27.209755 27.382122 27.534704 27.713863 27.870396 28.056852 28.217728 28.411934 28.577477 28.779823 28.950294 29.161102 29.336687 29.556210 29.737020 29.965427 30.151495 30.388878 30.580149 30.826515 31.022848 31.278116 31.479286 31.743280 31.948975 32.221424 32.431240 32.711784 32.925228 33.213409 33.429901 33.725170 33.944042 34.245754 34.466263 34.773678 34.995003 35.307297 35.528538 35.844799 36.064995 36.384239 36.602367 36.923531 37.138515 37.460468 37.671192 37.992752 38.198059 38.517986 38.716698 39.033722 39.224640 39.537457 39.719376 40.026665 40.198395 40.498821 40.659184 40.951424 41.099274 41.382015 41.516243 41.788197 41.907745 42.167675 42.271545 42.518253 42.605530 42.837883 42.907722 43.124657 43.176315 43.376858 43.409687 43.592953 43.606415 43.771610 43.765282 43.911732 43.885300 44.012444 43.965733 44.073116 44.006062 44.093372 44.006042 44.073082 43.965675 44.012375 43.885208 43.911621 43.765148 43.771458 43.606236 43.592751 43.409458 43.376598 43.176022 43.124332 42.907356 42.837479 42.605080 42.517761 42.271000 42.167076 41.907082 41.787472 41.515442 41.381142 41.098316 40.950371 40.658035 40.497559 40.197021 40.025154 39.717739 39.535660 39.222691 39.031590 38.714390 38.515461 38.195328 37.989769 37.667976 37.456955 37.134731 36.919407 36.597927 36.379410 36.059799 35.839153 35.522472 35.300713 34.987938 34.766022 34.458054 34.236870 33.934528 33.714882 33.418903 33.201534 32.912544 32.698109 32.416649 32.205711 31.932234 31.725273 31.460131 31.257534 31.000978 30.803049 30.555244 30.362190 30.123205 29.935154 29.704969 29.521952 29.300465 29.122437 28.909460 28.736292 28.531563 28.363049 28.166229 28.002096 27.812784 27.652683 27.470417 27.313942 27.138201 26.984886 26.815104 26.664431 26.499998 26.351404 26.191679 26.044559 25.888866 25.742590 25.590237 25.444136 25.294413 25.147808 25.000000 
25.000000 25.150818 25.300413 25.453215 25.602335 25.757885 25.907263 26.066319 26.216665 26.379972 26.531969 26.700251 26.854546 27.028496 27.185699 27.365974 27.526648 27.713863 27.878513 28.073236 28.242311 28.445055 28.618940 28.830151 29.009157 29.229214 29.413582 29.642792 29.832680 30.071266 30.266750 30.514854 30.715923 30.973597 31.180151 31.447353 31.659195 31.935787 32.152630 32.438377 32.659843 32.954407 33.180016 33.482964 33.712139 34.022934 34.255016 34.573017 34.807259 35.131729 35.367287 35.697395 35.933357 36.268177 36.503551 36.842072 37.075802 37.416927 37.647896 37.990459 38.217495 38.560265 38.782158 39.123844 39.339348 39.678608 39.886459 40.221924 40.420837 40.751106 40.939808 41.263466 41.440693 41.756321 41.920830 42.227028 42.377617 42.672997 42.808514 43.091728 43.211075 43.480824 43.582981 43.838028 43.922054 44.161228 44.226280 44.448494 44.493824 44.698082 44.723064 44.908482 44.912590 45.078384 45.061237 45.206745 45.168079 45.292763 45.232445 45.335896 45.253929 45.335880 45.232403 45.292709 45.167999 45.206650 45.061119 45.078247 44.912426 44.908291 44.722847 44.697838 44.493546 44.448185 44.225929 44.160843 43.921623 43.837555 43.582455 43.480247 43.210434 43.091022 42.807735 42.672146 42.376682 42.226002 41.919712 41.755089 41.439350 41.261993 40.938210 40.749348 40.418934 40.219837 39.884197 39.676136 39.336670 39.120918 38.778999 38.556816 38.213776 37.986401 37.643524 37.412167 37.070679 36.836502 36.497562 36.261673 35.926373 35.689819 35.359165 35.122929 34.797832 34.562820 34.244110 34.011147 33.699543 33.469372 33.165508 32.938774 32.643177 32.420441 32.133533 31.915258 31.637365 31.423916 31.155264 30.946913 30.687622 30.484545 30.234644 30.036926 29.796349 29.603985 29.372574 29.185471 28.962990 28.780964 28.567095 28.389891 28.184237 28.011526 27.813625 27.645002 27.454334 27.289335 27.105318 26.943415 26.765427 26.606045 26.433414 26.275930 26.107956 25.951710 25.787664 25.631962 25.471100 25.315224 25.156782 25.000000 
