25.000000 25.000000 25.000000 25.000000 25.000000 25.000000 25.000000 25.000000 25.000000 25.000000 25.000000 25.000000 25.000000 25.000000 25.000000 25.000000 25.000000 25.000000 25.000000 25.000000 25.000000 25.000000 25.000000 25.000000 25.000000 25.000000 25.000000 25.000000 25.000000 25.000000 25.000000 25.000000 25.000000 25.000000 25.000000 25.000000 25.000000 25.000000 25.000000 25.000000 25.000000 25.000000 25.000000 25.000000 25.000000 25.000000 25.000000 25.000000 25.000000 25.000000 25.000000 25.000000 25.000000 25.000000 25.000000 25.000000 25.000000 25.000000 25.000000 25.000000 25.000000 25.000000 25.000000 25.000000 25.000000 25.000000 25.000000 25.000000 25.000000 25.000000 25.000000 25.000000 25.000000 25.000000 25.000000 25.000000 25.000000 25.000000 25.000000 25.000000 25.000000 25.000000 25.000000 25.000000 25.000000 25.000000 25.000000 25.000000 25.000000 25.000000 25.000000 25.000000 25.000000 25.000000 25.000000 25.000000 25.000000 25.000000 25.000000 25.000000 25.000000 25.000000 25.000000 25.000000 25.000000 25.000000 25.000000 25.000000 25.000000 25.000000 25.000000 25.000000 25.000000 25.000000 25.000000 25.000000 25.000000 25.000000 25.000000 25.000000 25.000000 25.000000 25.000000 25.000000 25.000000 25.000000 25.000000 25.000000 25.000000 25.000000 25.000000 25.000000 25.000000 25.000000 25.000000 25.000000 25.000000 25.000000 25.000000 25.000000 25.000000 25.000000 25.000000 25.000000 25.000000 25.000000 25.000000 25.000000 25.000000 25.000000 25.000000 25.000000 25.000000 25.000000 25.000000 25.000000 25.000000 25.000000 25.000000 25.000000 25.000000 25.000000 25.000000 25.000000 25.000000 25.000000 25.000000 25.000000 25.000000 25.000000 25.000000 25.000000 25.000000 25.000000 25.000000 25.000000 25.000000 25.000000 25.000000 25.000000 25.000000 25.000000 25.000000 25.000000 25.000000 25.000000 25.000000 25.000000 25.000000 25.000000 25.000000 25.000000 25.000000 25.000000 25.000000 25.000000 25.000000 25.000000 25.000000 25.000000 
25.000000 25.008316 25.016712 25.024982 25.033503 25.041763 25.050447 25.058735 25.067623 25.075972 25.085098 25.093540 25.102943 25.111511 25.121225 25.129950 25.140007 25.148911 25.159342 25.168453 25.179283 25.188620 25.199873 25.209454 25.221153 25.230989 25.243149 25.253252 25.265886 25.276260 25.289377 25.300022 25.313625 25.324539 25.338627 25.349800 25.364368 25.375788 25.390827 25.402473 25.417967 25.429817 25.445744 25.457771 25.474106 25.486279 25.502989 25.515266 25.532318 25.544664 25.562014 25.574379 25.591982 25.604319 25.622126 25.634380 25.652336 25.664452 25.682497 25.694418 25.712490 25.724154 25.742188 25.753531 25.771461 25.782417 25.800175 25.810682 25.828194 25.838186 25.855381 25.864792 25.881598 25.890366 25.906708 25.914772 25.930582 25.937880 25.953087 25.959564 25.974098 25.979702 25.993502 25.998178 26.011183 26.014889 26.027039 26.029736 26.040977 26.042631 26.052917 26.053499 26.062786 26.062273 26.070524 26.068899 26.076086 26.073339 26.079435 26.075565 26.080553 26.075563 26.079433 26.073336 26.076080 26.068892 26.070517 26.062262 26.062775 26.053486 26.052902 26.042614 26.040958 26.029716 26.027016 26.014864 26.011154 25.998146 25.993467 25.979662 25.974058 25.959517 25.953037 25.937824 25.930521 25.914705 25.906637 25.890287 25.881512 25.864698 25.855278 25.838076 25.828074 25.810551 25.800032 25.782265 25.771294 25.753349 25.741991 25.723940 25.712257 25.694168 25.682226 25.664162 25.652020 25.634043 25.621758 25.603926 25.591555 25.573923 25.561520 25.544134 25.531748 25.514658 25.502331 25.485575 25.473349 25.456964 25.444876 25.428894 25.416973 25.401419 25.389694 25.374586 25.363081 25.348434 25.337164 25.322989 25.311966 25.298267 25.287502 25.274281 25.263773 25.251022 25.240774 25.228487 25.218487 25.206648 25.196892 25.185484 25.175953 25.164957 25.155634 25.145023 25.135889 25.125635 25.116665 25.106737 25.097902 25.088270 25.079540 25.070168 25.061512 25.052364 25.043747 25.034782 25.026171 25.017353 25.008711 25.000000 
25.000000 25.016712 25.033298 25.050215 25.066748 25.083954 25.100500 25.118074 25.134708 25.152725 25.169518 25.188049 25.205061 25.224182 25.241474 25.261251 25.278881 25.299376 25.317394 25.338663 25.357115 25.379208 25.398130 25.421093 25.440516 25.464386 25.484333 25.509140 25.529627 25.555391 25.576422 25.603157 25.624727 25.652437 25.674538 25.703213 25.725821 25.755449 25.778532 25.809086 25.832602 25.864046 25.887943 25.920231 25.944452 25.977524 26.001997 26.035788 26.060436 26.094866 26.119604 26.154587 26.179317 26.214758 26.239376 26.275171 26.299570 26.335606 26.359671 26.395824 26.419436 26.455580 26.478613 26.514616 26.536942 26.572668 26.594160 26.629465 26.649992 26.684734 26.704165 26.738201 26.756409 26.789591 26.806448 26.838634 26.854019 26.885069 26.898865 26.928638 26.940739 26.969105 26.979403 27.006235 27.014635 27.039814 27.046232 27.069647 27.074009 27.095560 27.097803 27.117395 27.117468 27.135025 27.132891 27.148342 27.143972 27.157265 27.150646 27.161737 27.152874 27.161736 27.150640 27.157257 27.143959 27.148329 27.132874 27.135008 27.117447 27.117371 27.097773 27.095526 27.073973 27.069605 27.046186 27.039762 27.014576 27.006172 26.979332 26.969028 26.940655 26.928549 26.898766 26.884958 26.853899 26.838503 26.806303 26.789433 26.756235 26.738012 26.703962 26.684513 26.649750 26.629202 26.593876 26.572357 26.536610 26.514252 26.478220 26.455151 26.418974 26.395323 26.359133 26.335020 26.298943 26.274490 26.238646 26.213964 26.178467 26.153667 26.118620 26.093803 26.059299 26.034561 26.000687 25.976112 25.942945 25.918610 25.886217 25.862188 25.830626 25.806965 25.776278 25.753031 25.723255 25.700464 25.671623 25.649319 25.621426 25.599627 25.572691 25.551407 25.525421 25.504654 25.479605 25.459349 25.435211 25.415447 25.392191 25.372900 25.350485 25.331631 25.310013 25.291555 25.270683 25.252577 25.232389 25.214582 25.195019 25.177454 25.158445 25.141060 25.122536 25.105263 25.087149 25.069920 25.052137 25.034882 25.017355 25.000000 
25.000000 25.024982 25.050215 25.075062 25.100668 25.125484 25.151581 25.176476 25.203184 25.228260 25.255688 25.281050 25.309307 25.335047 25.364239 25.390444 25.420666 25.447416 25.478760 25.506130 25.538673 25.566723 25.600540 25.629320 25.664473 25.694025 25.730562 25.760914 25.798876 25.830040 25.869452 25.901432 25.942307 25.975092 26.017424 26.050989 26.094763 26.129066 26.174253 26.209240 26.255793 26.291393 26.339247 26.375381 26.424458 26.461025 26.511230 26.548122 26.599350 26.636440 26.688564 26.725718 26.778603 26.815666 26.869164 26.905981 26.959925 26.996328 27.050539 27.086355 27.140650 27.175690 27.229872 27.263948 27.317818 27.350737 27.404083 27.435650 27.488260 27.518280 27.569935 27.598215 27.648699 27.675047 27.724140 27.748369 27.795862 27.817793 27.863474 27.882936 27.926601 27.943436 27.984892 27.998947 28.038008 28.049150 28.085644 28.093754 28.127522 28.132496 28.163393 28.165144 28.193041 28.191502 28.216288 28.211412 28.232996 28.224752 28.243059 28.231440 28.246418 28.231436 28.243052 28.224739 28.232981 28.211391 28.216265 28.191473 28.193008 28.165104 28.163349 28.132446 28.127466 28.093693 28.085575 28.049072 28.037924 27.998852 27.984787 27.943319 27.926477 27.882799 27.863323 27.817629 27.795683 27.748173 27.723925 27.674810 27.648441 27.597935 27.569630 27.517948 27.487898 27.435259 27.403654 27.350275 27.317312 27.263405 27.229279 27.175049 27.139952 27.085606 27.049726 26.995455 26.958975 26.904964 26.868059 26.814484 26.777321 26.724344 26.687080 26.634851 26.597633 26.546289 26.509254 26.458916 26.422184 26.372957 26.336639 26.288620 26.252810 26.206072 26.170851 26.125454 26.090891 26.046881 26.013025 25.970432 25.937321 25.896162 25.863819 25.824091 25.792526 25.754213 25.723423 25.686501 25.656464 25.620890 25.591578 25.557299 25.528669 25.495623 25.467623 25.435734 25.408295 25.377481 25.350533 25.320702 25.294159 25.265215 25.238989 25.210825 25.184822 25.157330 25.131443 25.104507 25.078634 25.052141 25.026173 25.000000 
25.000000 25.033503 25.066748 25.100668 25.133801 25.168297 25.201462 25.236696 25.270035 25.306158 25.339809 25.376968 25.411062 25.449400 25.484056 25.523706 25.559042 25.600128 25.636244 25.678881 25.715864 25.760153 25.798080 25.844112 25.883045 25.930895 25.970877 26.020605 26.061666 26.113314 26.155466 26.209057 26.252295 26.307838 26.352137 26.409618 26.454931 26.514320 26.560585 26.621832 26.668964 26.731993 26.779894 26.844608 26.893158 26.959446 27.008501 27.076229 27.125635 27.194645 27.244228 27.314348 27.363916 27.434952 27.484299 27.556040 27.604950 27.677170 27.725410 27.797867 27.845198 27.917637 27.963808 28.035963 28.080721 28.152317 28.195400 28.266157 28.307304 28.376932 28.415886 28.484093 28.520596 28.587091 28.620890 28.685390 28.716238 28.778458 28.806122 28.865788 28.890047 28.946890 28.967541 29.021305 29.038157 29.088608 29.101486 29.148401 29.157160 29.200336 29.204847 29.244102 29.244265 29.279438 29.275171 29.306128 29.297382 29.324011 29.310760 29.332977 29.315228 29.332972 29.310751 29.323996 29.297361 29.306103 29.275139 29.279400 29.244219 29.244053 29.204788 29.200272 29.157085 29.148319 29.101393 29.088505 29.038040 29.021181 28.967400 28.946739 28.889879 28.865604 28.805922 28.778238 28.715996 28.685127 28.620602 28.586777 28.520252 28.483717 28.415478 28.376486 28.306824 28.265631 28.194832 28.151697 28.080050 28.035233 27.963020 27.916779 27.844273 27.796862 27.724329 27.675997 27.603689 27.554674 27.482832 27.433361 27.362213 27.312506 27.242256 27.192514 27.123356 27.073771 27.005877 26.956615 26.890139 26.841358 26.776430 26.728270 26.665003 26.617579 26.556065 26.509474 26.449785 26.404106 26.346292 26.301586 26.245676 26.201982 26.147985 26.105326 26.053234 26.011612 25.961393 25.920795 25.872406 25.832798 25.786175 25.747507 25.702574 25.664782 25.621447 25.584452 25.542606 25.506315 25.465845 25.430155 25.390934 25.355726 25.317617 25.282770 25.245632 25.211014 25.174696 25.140163 25.104515 25.069927 25.034788 25.000000 
25.000000 25.041763 25.083954 25.125484 25.168297 25.209778 25.253414 25.295025 25.339680 25.381596 25.427456 25.469847 25.517094 25.560116 25.608923 25.652723 25.703255 25.747969 25.800369 25.846119 25.900526 25.947412 26.003948 26.052055 26.110821 26.160219 26.221300 26.272034 26.335493 26.387589 26.453470 26.506929 26.575254 26.630060 26.700823 26.756929 26.830103 26.887445 26.962976 27.021461 27.099272 27.158785 27.238771 27.299173 27.381203 27.442331 27.526247 27.587917 27.673538 27.735542 27.822662 27.884769 27.973162 28.035122 28.124531 28.186083 28.276234 28.337095 28.427696 28.487570 28.578310 28.636890 28.727442 28.784412 28.874437 28.929476 29.018625 29.071405 29.159321 29.209517 29.295834 29.343121 29.427479 29.471539 29.553576 29.594093 29.673450 29.710127 29.786457 29.819010 29.891968 29.920128 29.989391 30.012909 30.078171 30.096821 30.157791 30.171373 30.227783 30.236124 30.287737 30.290691 30.337292 30.334747 30.376146 30.368025 30.404070 30.390320 30.420891 30.401501 30.426504 30.401493 30.420879 30.390301 30.404045 30.367992 30.376108 30.334700 30.337236 30.290628 30.287664 30.236042 30.227692 30.171268 30.157675 30.096691 30.078030 30.012753 29.989220 29.919935 29.891760 29.818779 29.786205 29.709852 29.673149 29.593763 29.553215 29.471144 29.427050 29.342653 29.295322 29.208960 29.158712 29.070749 29.017908 28.928701 28.873594 28.783503 28.726450 28.635820 28.577147 28.486317 28.426336 28.335632 28.274649 28.184380 28.122684 28.033142 27.971018 27.882473 27.820181 27.732885 27.670671 27.584852 27.522942 27.438805 27.377401 27.295124 27.234413 27.154146 27.094288 27.016161 26.957287 26.881403 26.823627 26.750061 26.693468 26.622269 26.566923 26.498116 26.444056 26.377640 26.324879 26.260832 26.209364 26.147636 26.097431 26.037958 25.988964 25.931656 25.883801 25.828552 25.781748 25.728434 25.682571 25.631052 25.586008 25.536133 25.491768 25.443373 25.399538 25.352448 25.308983 25.263014 25.219746 25.174709 25.131462 25.087166 25.043755 25.000000 
25.000000 25.050447 25.100500 25.151581 25.201462 25.253414 25.303343 25.356403 25.406595 25.460993 25.511654 25.567610 25.618938 25.676670 25.728846 25.788553 25.841749 25.903618 25.957989 26.022190 26.077868 26.144558 26.201656 26.270967 26.329580 26.401625 26.461821 26.536690 26.598511 26.676270 26.739731 26.820417 26.885513 26.969135 27.035826 27.122368 27.190588 27.279999 27.349651 27.441853 27.512817 27.607698 27.679817 27.777239 27.850332 27.950121 28.023981 28.125929 28.200319 28.304197 28.378855 28.484400 28.559034 28.665956 28.740261 28.848244 28.921888 29.030588 29.103228 29.212282 29.283556 29.392580 29.462109 29.570705 29.638105 29.745859 29.810741 29.917225 29.979198 30.083979 30.142649 30.245291 30.300272 30.400339 30.451248 30.548307 30.594778 30.688404 30.730085 30.819860 30.856419 30.941944 30.973068 31.053963 31.079369 31.155272 31.174702 31.245279 31.258507 31.323456 31.330292 31.389338 31.389626 31.442526 31.436148 31.482700 31.469582 31.509619 31.489721 31.523117 31.496445 31.523109 31.489706 31.509596 31.469551 31.482662 31.436100 31.442471 31.389557 31.389261 31.330204 31.323357 31.258394 31.245153 31.174559 31.155117 31.079195 31.053774 30.972860 30.941715 30.856167 30.819586 30.729782 30.688072 30.594416 30.547911 30.450815 30.399864 30.299755 30.244726 30.142035 30.083309 29.978472 29.916431 29.809883 29.744923 29.637094 29.569605 29.460922 29.391289 29.282162 29.210770 29.101601 29.028822 28.919991 28.846184 28.738050 28.663563 28.556469 28.481625 28.375883 28.300987 28.196888 28.122227 28.020025 27.945856 27.845787 27.772343 27.674604 27.602091 27.506851 27.435448 27.342846 27.272697 27.182838 27.114065 27.027027 26.959719 26.875544 26.809763 26.728466 26.664242 26.585810 26.523149 26.447538 26.386417 26.313559 26.253927 26.183727 26.125513 26.057856 26.000959 25.935703 25.880009 25.816999 25.762363 25.701422 25.647690 25.588629 25.535625 25.478239 25.425777 25.369850 25.317730 25.263041 25.211050 25.157366 25.105293 25.052380 25.000000 
25.000000 25.058735 25.118074 25.176476 25.236696 25.295025 25.356403 25.414915 25.477724 25.536665 25.601168 25.660776 25.727230 25.787725 25.856373 25.917965 25.989033 26.051908 26.125607 26.189936 26.266457 26.332384 26.411894 26.479542 26.562185 26.631647 26.717543 26.788885 26.878124 26.951380 27.044024 27.119198 27.215273 27.292341 27.391842 27.470741 27.573627 27.654264 27.760466 27.842710 27.952112 28.035805 28.148262 28.233206 28.348534 28.434500 28.552477 28.639206 28.759579 28.846775 28.969254 29.056599 29.180859 29.268002 29.393688 29.480257 29.606985 29.692583 29.819939 29.904152 30.031698 30.114096 30.241377 30.321512 30.448048 30.525469 30.650768 30.725018 30.848581 30.919197 31.040512 31.107042 31.225597 31.287590 31.402878 31.459894 31.571415 31.623034 31.730291 31.776114 31.878632 31.918278 32.015598 32.048721 32.140415 32.166698 32.252354 32.271511 32.350758 32.362549 32.435043 32.439266 32.504711 32.501202 32.559338 32.547985 32.598595 32.579330 32.622242 32.595047 32.630135 32.595039 32.622227 32.579304 32.598560 32.547939 32.559284 32.501133 32.504635 32.439175 32.434944 32.362431 32.350624 32.271362 32.252190 32.166512 32.140213 32.048500 32.015358 31.918009 31.878338 31.775789 31.729937 31.622644 31.570990 31.459431 31.402370 31.287035 31.224991 31.106382 31.039793 30.918415 30.847727 30.724094 30.649761 30.524380 30.446859 30.320230 30.239981 30.112593 30.030064 29.902390 29.818026 29.690525 29.604752 29.477859 29.391090 29.265215 29.177843 29.053368 28.965761 28.843039 28.755543 28.634895 28.547829 28.429539 28.343187 28.227509 28.142132 28.029280 27.945101 27.835255 27.752462 27.645767 27.564518 27.461079 27.381495 27.281382 27.203552 27.106800 27.030779 26.937386 26.863194 26.773127 26.700752 26.613949 26.543350 26.459713 26.390818 26.310223 26.242931 26.165230 26.099413 26.024431 25.959940 25.887484 25.824142 25.753996 25.691610 25.623543 25.561903 25.495670 25.434547 25.369894 25.309048 25.245705 25.184887 25.122585 25.061539 25.000000 
25.000000 25.067623 25.134708 25.203184 25.270035 25.339680 25.406595 25.477724 25.544991 25.617910 25.685808 25.760818 25.829607 25.906994 25.976923 26.056953 26.128248 26.211178 26.284044 26.370098 26.444717 26.534103 26.610628 26.703524 26.782078 26.878637 26.959311 27.059652 27.142504 27.246714 27.331768 27.439899 27.527142 27.639204 27.728586 27.844555 27.935987 28.055798 28.149155 28.272699 28.367813 28.494946 28.591610 28.722141 28.820114 28.953812 29.052813 29.189404 29.289114 29.428288 29.528357 29.669760 29.769800 29.913046 30.012648 30.157307 30.256027 30.401644 30.499020 30.645105 30.740652 30.886694 30.979908 31.125370 31.215734 31.360064 31.447056 31.589680 31.672777 31.813114 31.891790 32.029259 32.102993 32.237003 32.305286 32.435265 32.497604 32.622978 32.678898 32.799110 32.848171 32.962685 33.004467 33.112778 33.146900 33.248516 33.274632 33.369114 33.386925 33.473858 33.483105 33.562130 33.562603 33.633392 33.624939 33.687222 33.669735 33.723286 33.696720 33.741371 33.705727 33.741360 33.696697 33.723259 33.669693 33.687172 33.624874 33.633320 33.562511 33.562027 33.482986 33.473728 33.386772 33.368946 33.274445 33.248310 33.146667 33.112522 33.004189 32.962379 32.847836 32.798740 32.678493 32.622532 32.497116 32.434731 32.304707 32.236366 32.102299 32.028500 31.890966 31.812218 31.671803 31.588615 31.445906 31.358807 31.214380 31.123894 30.978315 30.884962 30.738785 30.643076 30.496838 30.399273 30.253481 30.154545 30.009684 29.909836 29.766361 29.666039 29.524372 29.423985 29.284513 29.184439 29.047510 28.948097 28.814018 28.715578 28.584620 28.487429 28.359816 28.264111 28.140028 28.046009 27.925600 27.833424 27.716789 27.626577 27.513777 27.425613 27.316666 27.230591 27.125479 27.041498 26.940163 26.858248 26.760599 26.680681 26.586592 26.508574 26.417889 26.341639 26.254171 26.179527 26.095070 26.021847 25.940159 25.868147 25.788977 25.717941 25.641016 25.570705 25.495737 25.425882 25.352571 25.282892 25.210930 25.141136 25.070208 25.000000 
25.000000 25.075972 25.152725 25.228260 25.306158 25.381596 25.460993 25.536665 25.617910 25.694139 25.777576 25.854666 25.940624 26.018864 26.107655 26.187311 26.279232 26.360550 26.455870 26.539068 26.638033 26.723299 26.826128 26.913618 27.020498 27.110332 27.221416 27.313683 27.429085 27.523829 27.643629 27.740854 27.865089 27.964762 28.093422 28.195465 28.328501 28.432793 28.570107 28.676481 28.817928 28.926176 29.071569 29.181437 29.330538 29.441727 29.594250 29.706427 29.862041 29.974829 30.133158 30.246138 30.406769 30.519489 30.681957 30.793940 30.957748 31.068480 31.233093 31.342037 31.506891 31.613491 31.777994 31.881674 32.045208 32.145382 32.307312 32.403389 32.563065 32.654449 32.811214 32.897320 33.050514 33.130753 33.279720 33.353527 33.497620 33.564449 33.703026 33.762367 33.894810 33.946171 34.071892 34.114822 34.233261 34.267349 34.377983 34.402859 34.505203 34.520561 34.614174 34.619743 34.704243 34.699821 34.774868 34.760307 34.825623 34.800831 34.856194 34.821152 34.866394 34.821140 34.856171 34.800797 34.825577 34.760246 34.774799 34.699734 34.704144 34.619625 34.614044 34.520409 34.505035 34.402672 34.377769 34.267113 34.233002 34.114536 34.071579 33.945827 33.894428 33.761951 33.702568 33.563950 33.497066 33.352928 33.279060 33.130035 33.049728 32.896465 32.810287 32.653439 32.561962 32.402191 32.306007 32.143970 32.043671 31.880013 31.776186 31.611544 31.504774 31.339758 31.230616 31.065817 30.954859 30.790838 30.678596 30.515884 30.402864 30.241959 30.128641 29.969994 29.856821 29.700850 29.588234 29.435308 29.323622 29.174065 29.063639 28.917734 28.808857 28.666834 28.559753 28.421799 28.316715 28.182966 28.080036 27.950584 27.849924 27.724813 27.626493 27.505722 27.409769 27.293295 27.199696 27.087435 26.996132 26.887964 26.798864 26.694628 26.607601 26.507105 26.421988 26.325005 26.241600 26.147881 26.065964 25.975229 25.894548 25.806503 25.726786 25.641113 25.562061 25.478430 25.399736 25.317801 25.239143 25.158554 25.079597 25.000000 
25.000000 25.085098 25.169518 25.255688 25.339809 25.427456 25.511654 25.601168 25.685808 25.777576 25.863007 25.957405 26.043959 26.141342 26.229330 26.330040 26.419748 26.524097 26.615786 26.724064 26.817957 26.930426 27.026712 27.143597 27.242437 27.363926 27.465433 27.591675 27.695927 27.827028 27.934052 28.070082 28.179857 28.320829 28.433300 28.579180 28.694231 28.844940 28.962412 29.117813 29.237497 29.397406 29.519045 29.683222 29.806507 29.974661 30.099243 30.271030 30.396509 30.571535 30.697468 30.875292 31.001196 31.181326 31.306681 31.488585 31.612835 31.795937 31.918499 32.102184 32.222446 32.406071 32.523403 32.706291 32.820045 33.001495 33.111015 33.290314 33.394939 33.571358 33.670422 33.843227 33.936077 34.104530 34.190529 34.353901 34.432426 34.590004 34.660461 34.811543 34.873375 35.017281 35.069965 35.206059 35.249111 35.376789 35.409771 35.528473 35.551006 35.660213 35.671986 35.771236 35.771973 35.860867 35.850376 35.928570 35.906723 35.973930 35.940662 35.996674 35.951988 35.996662 35.940636 35.973892 35.906670 35.928505 35.850296 35.860771 35.771858 35.771107 35.671833 35.660046 35.550819 35.528259 35.409538 35.376526 35.248821 35.205742 35.069614 35.016895 34.872952 34.811073 34.659950 34.589439 34.431812 34.353230 34.189796 34.103729 33.935204 33.842274 33.669384 33.570229 33.393711 33.288975 33.109566 32.999916 32.818336 32.704430 32.521397 32.403889 32.220097 32.099628 31.915751 31.792952 31.609631 31.485107 31.302950 31.177286 30.996864 30.870607 30.692453 30.566116 30.390717 30.264778 30.092567 29.967466 29.798834 29.674959 29.510244 29.387943 29.227432 29.107002 28.950924 28.832617 28.681154 28.565168 28.418447 28.304937 28.163034 28.052099 27.915039 27.806734 27.674494 27.568825 27.441332 27.338261 27.215401 27.114845 26.996460 26.898294 26.784187 26.688246 26.578186 26.484266 26.377987 26.285856 26.183062 26.092453 25.992825 25.903444 25.806639 25.718170 25.623823 25.535929 25.443666 25.355991 25.265429 25.177605 25.088348 25.000000 
25.000000 25.093540 25.188049 25.281050 25.376968 25.469847 25.567610 25.660776 25.760818 25.854666 25.957405 26.052313 26.158152 26.254475 26.363800 26.461868 26.575041 26.675158 26.792511 26.894939 27.016779 27.121752 27.248344 27.356054 27.487629 27.598227 27.734970 27.848562 27.990618 28.107260 28.254721 28.374422 28.527334 28.650049 28.808403 28.934038 29.097769 29.226173 29.395164 29.526134 29.700207 29.833485 30.012405 30.147680 30.331156 30.468063 30.655741 30.793867 30.985342 31.124220 31.319029 31.458151 31.655779 31.794590 31.994473 32.132378 32.333900 32.470268 32.672775 32.806946 33.009739 33.141033 33.343384 33.471088 33.672241 33.795635 33.994804 34.113159 34.309551 34.422138 34.614937 34.721027 34.909428 35.008308 35.191498 35.282467 35.459644 35.542038 35.712421 35.785599 35.948433 36.011795 36.166351 36.219337 36.364929 36.407040 36.543022 36.573799 36.699577 36.718643 36.833675 36.840702 36.944511 36.939243 37.031422 37.013676 37.093876 37.063545 37.131493 37.088551 37.144051 37.088539 37.131466 37.063503 37.093815 37.013603 37.031330 36.939137 36.944386 36.840557 36.833511 36.718456 36.699368 36.573570 36.542759 36.406754 36.364613 36.218990 36.165962 36.011368 35.947964 35.785084 35.711857 35.541416 35.458965 35.281723 35.190685 35.007420 34.908463 34.719975 34.613792 34.420891 34.308189 34.111687 33.993198 33.793896 33.670345 33.469044 33.341160 33.138634 33.007130 32.804138 32.669720 32.466988 32.330338 32.128555 31.990330 31.790150 31.650972 31.453003 31.313463 31.118267 30.978910 30.786997 30.648331 30.460155 30.322636 30.138601 30.002636 29.823088 29.689032 29.514254 29.382412 29.212633 29.083252 28.918640 28.791916 28.632586 28.508657 28.354664 28.233616 28.084959 27.966827 27.823454 27.708218 27.570028 27.457621 27.324461 27.214766 27.086443 26.979301 26.855576 26.750786 26.631382 26.528700 26.413311 26.312460 26.200745 26.101414 25.993006 25.894861 25.789371 25.692047 25.589069 25.492184 25.391294 25.294451 25.195221 25.098005 25.000000 
25.000000 25.102943 25.205061 25.309307 25.411062 25.517094 25.618938 25.727230 25.829607 25.940624 26.043959 26.158152 26.262846 26.380646 26.487076 26.608894 26.717405 26.843624 26.954527 27.085495 27.199062 27.335093 27.451559 27.592924 27.712479 27.859404 27.982187 28.134855 28.260956 28.419498 28.548950 28.713442 28.846230 29.016689 29.152735 29.329123 29.468292 29.650509 29.792610 29.980494 30.125271 30.318598 30.465740 30.664219 30.813360 31.016634 31.167347 31.375006 31.526804 31.738371 31.890724 32.105663 32.257988 32.475704 32.627369 32.847218 32.997555 33.218842 33.367142 33.589123 33.734650 33.956547 34.098537 34.319534 34.457203 34.676456 34.809006 35.025650 35.152287 35.365437 35.485359 35.694130 35.806545 36.010048 36.114185 36.311539 36.406647 36.596981 36.682343 36.864819 36.939754 37.113552 37.177433 37.341778 37.394016 37.548180 37.588253 37.731560 37.759003 37.890831 37.905262 38.025047 38.026146 38.133408 38.120934 38.215256 38.189053 38.270092 38.230083 38.297588 38.243778 38.297573 38.230053 38.270046 38.188988 38.215172 38.120838 38.133289 38.026009 38.024887 37.905083 37.890625 37.758778 37.731304 37.587971 37.547863 37.393669 37.341393 37.177010 37.113083 36.939243 36.864250 36.681725 36.596302 36.405903 36.310726 36.113297 36.009079 35.805489 35.692974 35.484104 35.364067 35.150799 35.024029 34.807255 34.674541 34.455135 34.317280 34.096107 33.953907 33.731808 33.586029 33.363815 33.215229 32.993675 32.843010 32.622852 32.470810 32.252747 32.099991 31.884655 31.731813 31.519794 31.367439 31.159267 31.007925 30.804071 30.654219 30.455091 30.307144 30.113091 29.967409 29.778708 29.635597 29.452465 29.312166 29.134762 28.997458 28.825871 28.691683 28.525944 28.394939 28.235022 28.107206 27.953024 27.828352 27.679766 27.558134 27.414955 27.296215 27.158205 27.042156 26.909035 26.795433 26.666880 26.555439 26.431099 26.321499 26.200983 26.092869 25.975763 25.868753 25.754622 25.648304 25.536694 25.430639 25.321083 25.214848 25.106873 25.000000 
25.000000 25.111511 25.224182 25.335047 25.449400 25.560116 25.676670 25.787725 25.906994 26.018864 26.141342 26.254475 26.380646 26.495468 26.625790 26.742691 26.877594 26.996933 27.136818 27.258913 27.404137 27.529268 27.680149 27.808544 27.965357 28.097195 28.260159 28.395565 28.564852 28.703896 28.879620 29.022308 29.204517 29.350803 29.539488 29.689255 29.884340 30.037409 30.238750 30.394880 30.602270 30.761154 30.974308 31.135576 31.354143 31.517365 31.740929 31.905603 32.133682 32.299259 32.531300 32.697170 32.932556 33.098064 33.336121 33.500557 33.740559 33.903168 34.144329 34.304329 34.545822 34.702400 34.943352 35.095657 35.335171 35.482349 35.719490 35.860668 36.094490 36.228802 36.458336 36.584911 36.809193 36.927185 37.145245 37.253826 37.464718 37.563084 37.765869 37.853264 38.047047 38.122749 38.306664 38.370014 38.543243 38.593639 38.755413 38.792313 38.941925 38.964874 39.101677 39.110291 39.233719 39.227692 39.337257 39.316368 39.411659 39.375782 39.456478 39.405571 39.471436 39.405556 39.456440 39.375732 39.411591 39.316280 39.337147 39.227562 39.233570 39.110119 39.101482 38.964653 38.941677 38.792038 38.755100 38.593296 38.542862 38.369598 38.306202 38.122242 38.046486 37.852650 37.765198 37.562344 37.463905 37.252941 37.144279 36.926128 36.808041 36.583656 36.456966 36.227314 36.092865 35.858913 35.717571 35.480274 35.332909 35.093220 34.940697 34.699535 34.542709 34.300980 34.140690 33.899258 33.736313 33.495998 33.331181 33.092766 32.926823 32.691029 32.524658 32.292156 32.126011 31.897409 31.732090 31.507931 31.343983 31.124746 30.962654 30.748753 30.588940 30.380713 30.223541 30.021259 29.867025 29.670893 29.519827 29.329977 29.182245 28.998745 28.854450 28.677301 28.536482 28.365623 28.228258 28.063566 27.929573 27.770870 27.640112 27.487165 27.359449 27.211979 27.087063 26.944740 26.822338 26.684793 26.564573 26.431404 26.313000 26.183767 26.066774 25.941017 25.825003 25.702236 25.586744 25.466469 25.351023 25.232727 25.116837 25.000000 
25.000000 25.121225 25.241474 25.364239 25.484056 25.608923 25.728846 25.856373 25.976923 26.107655 26.229330 26.363800 26.487076 26.625790 26.751108 26.894548 27.022316 27.170931 27.301516 27.455715 27.589437 27.749590 27.886728 28.053152 28.193926 28.366888 28.511465 28.691179 28.839663 29.026281 29.178713 29.372326 29.528685 29.729313 29.889509 30.097105 30.260984 30.475430 30.642759 30.863865 31.034351 31.261848 31.435125 31.668673 31.844307 32.083488 32.260975 32.505302 32.684074 32.932991 33.112419 33.365288 33.544689 33.800816 33.979446 34.238071 34.415146 34.675446 34.850128 35.111237 35.282665 35.543655 35.710930 35.970844 36.133041 36.390896 36.547077 36.801846 36.951073 37.201721 37.343052 37.588535 37.721039 37.960308 38.083084 38.315102 38.427258 38.651009 38.751705 38.966190 39.054626 39.258896 39.334324 39.527462 39.589199 39.770348 39.817772 39.986141 40.018711 40.173557 40.190823 40.331497 40.333076 40.459007 40.444622 40.555321 40.524780 40.619850 40.573063 40.652206 40.589180 40.652187 40.573029 40.619793 40.524704 40.555225 40.444508 40.458870 40.332920 40.331310 40.190613 40.173321 40.018444 39.985840 39.817440 39.769978 39.588787 39.527008 39.333824 39.258343 39.054024 38.965527 38.750977 38.650208 38.426384 38.314144 38.082039 37.959164 37.719795 37.587173 37.341572 37.200104 36.949322 36.799931 36.545010 36.388638 36.130604 35.968193 35.708065 35.540543 35.279312 35.107590 34.846210 34.671188 34.410576 34.233109 33.974129 33.795048 33.538513 33.358604 33.105270 32.925259 32.675816 32.496387 32.251457 32.073227 31.833364 31.656893 31.422579 31.248356 31.020000 30.848450 30.626383 30.457859 30.242340 30.077129 29.868338 29.706656 29.504702 29.346693 29.151611 28.997351 28.809111 28.658609 28.477112 28.330311 28.155392 28.012175 27.843613 27.703796 27.541313 27.404667 27.247934 27.114168 26.962807 26.831587 26.685179 26.556126 26.414219 26.286915 26.149017 26.023010 25.888613 25.763422 25.631990 25.507109 25.378096 25.252998 25.125849 25.000000 
25.000000 25.129950 25.261251 25.390444 25.523706 25.652723 25.788553 25.917965 26.056953 26.187311 26.330040 26.461868 26.608894 26.742691 26.894548 27.030767 27.187956 27.327017 27.490000 27.632273 27.801472 27.947281 28.123062 28.272675 28.455355 28.608982 28.798820 28.956606 29.153799 29.315823 29.520504 29.686777 29.899002 30.069466 30.289223 30.463745 30.690945 30.869320 31.103794 31.285736 31.527239 31.712397 31.960598 32.148540 32.403034 32.593254 32.853554 33.045475 33.311012 33.503990 33.774132 33.967457 34.241478 34.434387 34.711510 34.903172 35.182541 35.372089 35.652790 35.839314 36.120384 36.302921 36.583351 36.760925 37.039661 37.211269 37.487232 37.651867 37.923943 38.080589 38.347660 38.495308 38.756245 38.893906 39.147587 39.274296 39.519615 39.634438 39.870312 39.972363 40.197739 40.286186 40.500057 40.574131 40.775547 40.834541 41.022610 41.065899 41.239796 41.266842 41.425823 41.436176 41.579578 41.572887 41.700142 41.676151 41.786781 41.745338 41.838970 41.780029 41.856388 41.780010 41.838928 41.745281 41.786701 41.676052 41.700016 41.572742 41.579407 41.435982 41.425594 41.266586 41.239510 41.065575 41.022247 40.834141 40.775105 40.573639 40.499516 40.285591 40.197083 39.971645 39.869522 39.633575 39.518669 39.273262 39.146458 38.892677 38.754898 38.493843 38.346062 38.078857 37.922050 37.649818 37.484993 37.208855 37.037025 36.758080 36.580254 36.299583 36.116753 35.835403 35.648548 35.367527 35.177589 34.897858 34.705746 34.428211 34.234791 33.960297 33.766384 33.495708 33.302067 33.035915 32.843246 32.582256 32.391186 32.135914 31.947014 31.697939 31.511698 31.269218 31.086058 30.850491 30.670757 30.442339 30.266300 30.045187 29.873035 29.659307 29.491161 29.284821 29.120728 28.921701 28.761633 28.569780 28.413645 28.228760 28.076391 27.898203 27.749380 27.577564 27.432007 27.266180 27.123550 26.963285 26.823198 26.668024 26.530050 26.379459 26.243130 26.096584 25.961395 25.818333 25.683750 25.543589 25.409060 25.271202 25.136154 25.000000 
25.000000 25.140007 25.278881 25.420666 25.559042 25.703255 25.841749 25.989033 26.128248 26.279232 26.419748 26.575041 26.717405 26.877594 27.022316 27.187956 27.335506 27.507113 27.657917 27.835964 27.990393 28.175304 28.333677 28.525818 28.688391 28.888071 29.055035 29.262499 29.433973 29.649399 29.825436 30.048920 30.229494 30.461065 30.646072 30.885674 31.074934 31.322428 31.515678 31.770844 31.967743 32.230270 32.430397 32.699890 32.902744 33.178726 33.383724 33.665630 33.872120 34.159298 34.366554 34.658283 34.865517 35.160984 35.367336 35.665672 35.870232 36.170486 36.372299 36.673466 36.871529 37.172546 37.365822 37.665581 37.853004 38.150368 38.330864 38.624645 38.797127 39.086136 39.249516 39.532547 39.685753 39.961601 40.103580 40.371048 40.500786 40.758698 40.875221 41.122425 41.224812 41.460209 41.547592 41.770138 41.841728 42.050426 42.105511 42.299446 42.337399 42.515724 42.536015 42.697983 42.700180 42.845127 42.828903 42.956272 42.921406 43.030735 42.977131 43.068073 42.995728 43.068050 42.977089 43.030670 42.921322 42.956158 42.828773 42.844967 42.699997 42.697769 42.535774 42.515450 42.337090 42.299099 42.105125 42.049995 41.841251 41.769611 41.547012 41.459568 41.224106 41.121651 40.874374 40.757767 40.499775 40.369938 40.102375 39.960274 39.684315 39.530972 39.247807 39.084270 38.795105 38.622437 38.328472 38.147762 37.850193 37.662518 37.362514 37.168949 36.867653 36.669250 36.367767 36.165565 35.864948 35.659939 35.361187 35.154324 34.858376 34.650562 34.358292 34.150368 33.862572 33.655323 33.372723 33.166866 32.890099 32.686275 32.415897 32.214676 31.951160 31.753029 31.496756 31.302124 31.053392 30.862591 30.621611 30.434887 30.201784 30.019304 29.794123 29.615974 29.398678 29.224871 29.015347 28.845814 28.643873 28.478479 28.283867 28.122402 27.934799 27.776995 27.596022 27.441544 27.266764 27.115227 26.946159 26.797125 26.633247 26.486231 26.326982 26.181461 26.026251 25.881672 25.729883 25.585659 25.436663 25.292189 25.145344 25.000000 
25.000000 25.148911 25.299376 25.447416 25.600128 25.747969 25.903618 26.051908 26.211178 26.360550 26.524097 26.675158 26.843624 26.996933 27.170931 27.327017 27.507113 27.666456 27.853182 28.016207 28.210041 28.377117 28.578484 28.749918 28.959179 29.135210 29.352657 29.533457 29.759315 29.944973 30.179392 30.369921 30.612968 30.808302 31.059959 31.259947 31.520111 31.724516 31.992996 32.201492 32.478008 32.690189 32.974358 33.189735 33.481091 33.699085 33.997070 34.217022 34.520992 34.742161 35.051376 35.272953 35.586597 35.807705 36.124878 36.344566 36.664295 36.881573 37.202808 37.416626 37.738270 37.947536 38.268425 38.472015 38.790947 38.987720 39.303452 39.492252 39.803513 39.983181 40.288692 40.458065 40.756538 40.914486 41.204636 41.350056 41.630611 41.762432 42.032158 42.149368 42.407059 42.508705 42.753208 42.838406 43.068634 43.136574 43.351509 43.401482 43.600178 43.631557 43.813168 43.825447 43.989212 43.981979 44.127251 44.100212 44.226448 44.179428 44.286198 44.219151 44.306141 44.219128 44.286152 44.179363 44.226353 44.100098 44.127106 43.981812 43.989014 43.825222 43.812908 43.631268 43.599846 43.401108 43.351093 43.136116 43.068123 42.837841 42.752586 42.508022 42.406303 42.148544 42.031250 41.761444 41.629524 41.348873 41.203335 40.913078 40.754993 40.456390 40.286858 39.981190 39.801342 39.489902 39.300884 38.984947 38.787922 38.468754 38.264870 37.943707 37.734104 37.412144 37.197941 36.876339 36.658615 36.338470 36.118271 35.800617 35.578930 35.264740 35.042496 34.732662 34.510735 34.206062 33.985252 33.686474 33.467506 33.175259 32.958778 32.673611 32.460186 32.182552 31.972662 31.702929 31.496965 31.235405 31.033680 30.780468 30.583200 30.338430 30.145756 29.909431 29.721403 29.493444 29.310028 29.090275 28.911364 28.699579 28.524986 28.320864 28.150333 27.953499 27.786711 27.596725 27.433292 27.249670 27.089153 26.911356 26.753258 26.580708 26.424492 26.256573 26.101662 25.937729 25.783514 25.622902 25.468744 25.310774 25.156019 25.000000 
25.000000 25.159342 25.317394 25.478760 25.636244 25.800369 25.957989 26.125607 26.284044 26.455870 26.615786 26.792511 26.954527 27.136818 27.301516 27.490000 27.657917 27.853182 28.024801 28.227383 28.403130 28.613508 28.793741 29.012335 29.197348 29.424507 29.614515 29.850515 30.045662 30.290701 30.491041 30.745234 30.950737 31.214111 31.424665 31.697155 31.912552 32.194000 32.413944 32.704102 32.928200 33.226711 33.454487 33.760899 33.991783 34.305557 34.538891 34.859383 35.094418 35.420887 35.656807 35.988426 36.224327 36.560181 36.795086 37.134182 37.367062 37.708313 37.938080 38.280350 38.505859 38.847939 39.068016 39.408649 39.622086 39.959961 40.165531 40.499317 40.695789 41.024124 41.210258 41.531776 41.706356 42.019680 42.181507 42.485287 42.633205 42.926098 43.059002 43.339706 43.456543 43.723804 43.823597 44.076225 44.158073 44.394943 44.458031 44.678101 44.721718 44.924030 44.947571 45.131271 45.134247 45.298588 45.280621 45.424965 45.385807 45.509636 45.449169 45.552094 45.470318 45.552071 45.449120 45.509563 45.385712 45.424839 45.280472 45.298405 45.134037 45.131027 44.947296 44.923714 44.721363 44.677704 44.457588 44.394451 44.157528 44.075626 43.822937 43.723076 43.455742 43.338821 43.058041 42.925037 42.632053 42.484016 42.180134 42.018169 41.704716 41.529980 41.208313 41.021996 40.693481 40.496799 40.162811 39.956989 39.618877 39.405151 39.064247 38.843838 38.501446 38.275547 37.932919 37.702709 37.361042 37.127651 36.788082 36.552593 36.216194 35.979633 35.647392 35.410717 35.083546 34.847645 34.526363 34.292053 33.977386 33.745396 33.437977 33.208950 32.909313 32.683811 32.392395 32.170879 31.888023 31.670872 31.396811 31.184303 30.919186 30.711512 30.455389 30.252645 30.005476 29.807674 29.569330 29.376396 29.146666 28.958441 28.737036 28.553284 28.339840 28.160252 27.954340 27.778538 27.579662 27.407209 27.214825 27.045218 26.858730 26.691420 26.510193 26.344585 26.167948 26.003408 25.830664 25.666527 25.496958 25.332537 25.165413 25.000000 
