25.000000 25.000000 25.000000 25.000000 25.000000 25.000000 25.000000 25.000000 25.000000 25.000000 25.000000 25.000000 25.000000 25.000000 25.000000 25.000000 25.000000 25.000000 25.000000 25.000000 25.000000 25.000000 25.000000 25.000000 25.000000 25.000000 25.000000 25.000000 25.000000 25.000000 25.000000 25.000000 25.000000 25.000000 25.000000 25.000000 25.000000 25.000000 25.000000 25.000000 25.000000 25.000000 25.000000 25.000000 25.000000 25.000000 25.000000 25.000000 25.000000 25.000000 25.000000 25.000000 25.000000 25.000000 25.000000 25.000000 25.000000 25.000000 25.000000 25.000000 25.000000 25.000000 25.000000 25.000000 25.000000 25.000000 25.000000 25.000000 25.000000 25.000000 25.000000 25.000000 25.000000 25.000000 25.000000 25.000000 25.000000 25.000000 25.000000 25.000000 25.000000 25.000000 25.000000 25.000000 25.000000 25.000000 25.000000 25.000000 25.000000 25.000000 25.000000 25.000000 25.000000 25.000000 25.000000 25.000000 25.000000 25.000000 25.000000 25.000000 25.000000 25.000000 25.000000 25.000000 25.000000 25.000000 25.000000 25.000000 25.000000 25.000000 25.000000 25.000000 25.000000 25.000000 25.000000 25.000000 25.000000 25.000000 25.000000 25.000000 25.000000 25.000000 25.000000 25.000000 25.000000 25.000000 25.000000 25.000000 25.000000 25.000000 25.000000 25.000000 25.000000 25.000000 25.000000 25.000000 25.000000 25.000000 25.000000 25.000000 25.000000 25.000000 25.000000 25.000000 25.000000 25.000000 25.000000 25.000000 25.000000 25.000000 25.000000 25.000000 25.000000 25.000000 25.000000 25.000000 25.000000 25.000000 25.000000 25.000000 25.000000 25.000000 25.000000 25.000000 25.000000 25.000000 25.000000 25.000000 25.000000 25.000000 25.000000 25.000000 25.000000 25.000000 25.000000 25.000000 25.000000 25.000000 25.000000 25.000000 25.000000 25.000000 25.000000 25.000000 25.000000 25.000000 25.000000 25.000000 25.000000 25.000000 25.000000 25.000000 25.000000 25.000000 25.000000 25.000000 25.000000 25.000000 25.000000 25.000000 
25.000000 25.004694 25.009439 25.014122 25.018969 25.023678 25.028666 25.033440 25.038614 25.043495 25.048897 25.053921 25.059591 25.064795 25.070776 25.076191 25.082523 25.088184 25.094902 25.100838 25.107975 25.114214 25.121805 25.128368 25.136444 25.143351 25.151936 25.159204 25.168324 25.175966 25.185637 25.193661 25.203899 25.212307 25.223124 25.231915 25.243315 25.252483 25.264465 25.274000 25.286560 25.296442 25.309568 25.319775 25.333452 25.343956 25.358160 25.368925 25.383629 25.394617 25.409782 25.420948 25.436533 25.447828 25.463787 25.475155 25.491434 25.502813 25.519354 25.530682 25.547422 25.558630 25.575499 25.586517 25.603443 25.614197 25.631102 25.641518 25.658321 25.668322 25.684942 25.694452 25.710806 25.719746 25.735750 25.744047 25.759617 25.767197 25.782246 25.789040 25.803488 25.809427 25.823196 25.828222 25.841234 25.845289 25.857475 25.860506 25.871799 25.873766 25.884104 25.884968 25.894300 25.894033 25.902309 25.900892 25.908075 25.905493 25.911551 25.907803 25.912712 25.907803 25.911551 25.905493 25.908073 25.900892 25.902308 25.894032 25.894299 25.884968 25.884102 25.873764 25.871798 25.860504 25.857471 25.845285 25.841230 25.828218 25.823191 25.809422 25.803482 25.789032 25.782238 25.767187 25.759607 25.744038 25.735739 25.719734 25.710793 25.694437 25.684927 25.668303 25.658300 25.641495 25.631077 25.614168 25.603411 25.586483 25.575460 25.558586 25.547375 25.530630 25.519297 25.502748 25.491364 25.475075 25.463701 25.447733 25.436430 25.420834 25.409657 25.394480 25.383478 25.368761 25.357981 25.343760 25.333237 25.319540 25.309313 25.296162 25.286255 25.273668 25.264105 25.252090 25.242887 25.231453 25.222622 25.211765 25.203310 25.193026 25.184948 25.175224 25.167521 25.158342 25.151003 25.142349 25.135361 25.127209 25.120556 25.112877 25.106537 25.099302 25.093248 25.086424 25.080631 25.074181 25.068619 25.062504 25.057137 25.051317 25.046112 25.040548 25.035467 25.030113 25.025118 25.019934 25.014984 25.009924 25.004980 25.000000 
25.000000 25.009439 25.018816 25.028408 25.037800 25.047634 25.057117 25.067282 25.076937 25.087517 25.097420 25.108498 25.118725 25.130383 25.141003 25.153324 25.164402 25.177458 25.189058 25.202923 25.215101 25.229841 25.242647 25.258327 25.271805 25.288481 25.302666 25.320385 25.335308 25.354116 25.369795 25.389727 25.406172 25.427250 25.444468 25.466707 25.484688 25.508097 25.526821 25.551394 25.570833 25.596554 25.616669 25.643507 25.664246 25.692163 25.713463 25.742409 25.764194 25.794104 25.816292 25.847088 25.869583 25.901175 25.923874 25.956161 25.978945 26.011816 26.034563 26.067894 26.090471 26.124132 26.146400 26.180248 26.202063 26.235945 26.257156 26.290920 26.311377 26.344856 26.364405 26.397434 26.415922 26.448334 26.465607 26.497232 26.513144 26.543812 26.558220 26.587765 26.600531 26.628794 26.639788 26.666613 26.675716 26.700956 26.708063 26.731579 26.736595 26.758261 26.761105 26.780804 26.781412 26.799046 26.797367 26.812845 26.808847 26.822105 26.815773 26.826752 26.818087 26.826752 26.815773 26.822104 26.808847 26.812843 26.797365 26.799042 26.781410 26.780800 26.761103 26.758257 26.736591 26.731573 26.708057 26.700951 26.675711 26.666605 26.639778 26.628782 26.600519 26.587753 26.558205 26.543797 26.513126 26.497213 26.465586 26.448309 26.415894 26.397404 26.364370 26.344818 26.311335 26.290873 26.257105 26.235888 26.201998 26.180178 26.146322 26.124046 26.090376 26.067789 26.034447 26.011688 25.978804 25.956005 25.923700 25.900986 25.869375 25.846859 25.816042 25.793829 25.763895 25.742079 25.713102 25.691769 25.663815 25.643036 25.616154 25.595991 25.570225 25.550728 25.526100 25.507309 25.483837 25.465780 25.443466 25.426159 25.404997 25.388449 25.368422 25.352627 25.333706 25.318651 25.300804 25.286467 25.269648 25.255997 25.240156 25.227154 25.212233 25.199833 25.185766 25.173916 25.160633 25.149275 25.136703 25.125772 25.113832 25.103260 25.091873 25.081587 25.070665 25.060591 25.050051 25.040106 25.029860 25.019966 25.009926 25.000000 
25.000000 25.014122 25.028408 25.042492 25.057077 25.071241 25.086254 25.100618 25.116190 25.130871 25.147129 25.162241 25.179312 25.194960 25.212965 25.229254 25.248310 25.265337 25.285553 25.303408 25.324890 25.343653 25.366501 25.386238 25.410542 25.431316 25.457153 25.479017 25.506456 25.529444 25.558546 25.582682 25.613489 25.638783 25.671328 25.697773 25.732071 25.759653 25.795706 25.824385 25.862175 25.891901 25.931396 25.962099 26.003250 26.034843 26.077579 26.109962 26.154196 26.187250 26.232872 26.266464 26.313351 26.347328 26.395338 26.429533 26.478506 26.512739 26.562498 26.596579 26.646933 26.680653 26.731394 26.764544 26.815454 26.847809 26.898657 26.929993 26.980537 27.010626 27.060619 27.089230 27.138420 27.165319 27.213453 27.238419 27.285244 27.308054 27.353315 27.373760 27.417213 27.435093 27.476500 27.491627 27.530760 27.542967 27.579611 27.588743 27.622700 27.628628 27.659716 27.662327 27.690384 27.689594 27.714478 27.710226 27.731817 27.724068 27.742273 27.731014 27.745768 27.731014 27.742273 27.724068 27.731815 27.710224 27.714474 27.689592 27.690378 27.662325 27.659710 27.628624 27.622694 27.588737 27.579603 27.542957 27.530750 27.491615 27.476486 27.435078 27.417196 27.373741 27.353294 27.308031 27.285217 27.238390 27.213423 27.165283 27.138378 27.089184 27.060568 27.010571 26.980474 26.929924 26.898579 26.847723 26.815357 26.764437 26.731277 26.680521 26.646788 26.596418 26.562325 26.512545 26.478292 26.429296 26.395079 26.347042 26.313038 26.266119 26.232494 26.186838 26.153740 26.109468 26.077034 26.034252 26.002600 25.961393 25.930622 25.891060 25.861256 25.823389 25.794617 25.758474 25.730787 25.696386 25.669815 25.637152 25.611715 25.580770 25.556473 25.527214 25.504040 25.476421 25.454344 25.428305 25.407284 25.382755 25.362738 25.339634 25.320559 25.298788 25.280579 25.260042 25.242617 25.223204 25.206469 25.188065 25.171923 25.154409 25.138754 25.122004 25.106722 25.090609 25.075584 25.059980 25.045092 25.029863 25.014986 25.000000 
25.000000 25.018969 25.037800 25.057077 25.075935 25.095699 25.114744 25.135168 25.154560 25.175817 25.195707 25.217968 25.238506 25.261934 25.283260 25.308016 25.330265 25.356499 25.379795 25.407652 25.432108 25.461725 25.487442 25.518944 25.546011 25.579512 25.608000 25.643599 25.673565 25.711349 25.742838 25.782873 25.815905 25.858242 25.892822 25.937494 25.973604 26.020622 26.058229 26.107584 26.146626 26.198282 26.238680 26.292585 26.334234 26.390306 26.433083 26.491217 26.534971 26.595037 26.639601 26.701443 26.746628 26.810068 26.855656 26.920494 26.966255 27.032263 27.077951 27.144880 27.190231 27.257818 27.302547 27.370506 27.414326 27.482357 27.524967 27.592752 27.633848 27.701065 27.740339 27.806648 27.843794 27.908859 27.943567 28.007051 28.039028 28.100590 28.129543 28.188852 28.214508 28.271238 28.293341 28.347181 28.365488 28.416145 28.430443 28.477638 28.487738 28.531214 28.536955 28.576483 28.577732 28.613110 28.609770 28.640821 28.632826 28.659414 28.646730 28.668745 28.651377 28.668745 28.646730 28.659414 28.632826 28.640820 28.609768 28.613104 28.577728 28.576475 28.536949 28.531206 28.487730 28.477627 28.430433 28.416132 28.365477 28.347164 28.293322 28.271217 28.214485 28.188828 28.129517 28.100559 28.038992 28.007013 27.943525 27.908812 27.843739 27.806587 27.740273 27.700989 27.633766 27.592659 27.524864 27.482241 27.414200 27.370365 27.302391 27.257643 27.190037 27.144669 27.077715 27.032003 26.965969 26.920177 26.855310 26.809687 26.746208 26.700983 26.639099 26.594482 26.534367 26.490551 26.432358 26.389509 26.333370 26.291636 26.237650 26.197153 26.145401 26.106245 26.056780 26.019041 25.971895 25.935629 25.890808 25.856050 25.813543 25.780306 25.740078 25.708353 25.670349 25.640112 25.604259 25.575464 25.541679 25.514263 25.482439 25.456326 25.426346 25.401443 25.373180 25.349380 25.322695 25.299883 25.274622 25.252668 25.228680 25.207447 25.184565 25.163906 25.141962 25.121727 25.100546 25.080574 25.059986 25.040113 25.019939 25.000000 
25.000000 25.023678 25.047634 25.071241 25.095699 25.119440 25.144617 25.168692 25.194805 25.219412 25.246677 25.272003 25.300631 25.326857 25.357050 25.384352 25.416304 25.444841 25.478739 25.508663 25.544683 25.576126 25.614435 25.647516 25.688259 25.723080 25.766394 25.803038 25.849037 25.887564 25.936348 25.976799 26.028440 26.070833 26.125383 26.169710 26.227198 26.273424 26.333849 26.381918 26.445255 26.495077 26.561268 26.612730 26.681690 26.734648 26.806261 26.860542 26.934664 26.990068 27.066517 27.122822 27.201387 27.258339 27.338785 27.396103 27.478159 27.535543 27.618912 27.676041 27.760403 27.816933 27.901939 27.957512 28.042799 28.097046 28.182222 28.234764 28.319429 28.369883 28.453621 28.501596 28.583988 28.629101 28.709719 28.751591 28.830011 28.868275 28.944075 28.978374 29.051142 29.081144 29.150480 29.175875 29.241400 29.261900 29.323254 29.338604 29.395452 29.405436 29.457472 29.461903 29.508860 29.507591 29.549229 29.542162 29.578283 29.565351 29.595804 29.576992 29.601658 29.576992 29.595802 29.565351 29.578281 29.542158 29.549223 29.507587 29.508850 29.461897 29.457464 29.405428 29.395441 29.338594 29.323238 29.261887 29.241383 29.175858 29.150457 29.081120 29.051113 28.978344 28.944038 28.868235 28.829967 28.751541 28.709665 28.629040 28.583920 28.501520 28.453535 28.369787 28.319324 28.234648 28.182091 28.096901 28.042637 27.957336 27.901743 27.816713 27.760160 27.675774 27.618618 27.535217 27.477800 27.395708 27.338350 27.257862 27.200863 27.122246 27.065882 26.989376 26.933901 26.859711 26.805347 26.733652 26.680599 26.611544 26.559967 26.493666 26.443710 26.380245 26.332024 26.271448 26.225040 26.167381 26.122847 26.068096 26.025465 25.973595 25.932869 25.883825 25.844982 25.798685 25.761681 25.718031 25.682798 25.641672 25.608124 25.569389 25.537418 25.500916 25.470398 25.435963 25.406757 25.374205 25.346157 25.315298 25.288242 25.258873 25.232632 25.204544 25.178930 25.151911 25.126726 25.100559 25.075602 25.050066 25.025127 25.000000 
25.000000 25.028666 25.057117 25.086254 25.114744 25.144617 25.173389 25.204260 25.233553 25.265682 25.295731 25.329374 25.360399 25.395807 25.428024 25.465435 25.499046 25.538691 25.573881 25.615976 25.652922 25.697674 25.736521 25.784121 25.825006 25.875624 25.918655 25.972441 26.017708 26.074789 26.122355 26.182835 26.232733 26.296688 26.348925 26.416405 26.470955 26.541975 26.598783 26.673326 26.732306 26.810326 26.871351 26.952761 27.015680 27.100359 27.164982 27.252769 27.318874 27.409575 27.476902 27.570282 27.638544 27.734335 27.803211 27.901106 27.970247 28.069904 28.138935 28.239981 28.308502 28.410536 28.478125 28.580713 28.646931 28.749622 28.814016 28.916334 28.978445 29.079897 29.139257 29.239338 29.295486 29.393682 29.446157 29.541958 29.590307 29.683205 29.726992 29.816481 29.855291 29.940887 29.974333 30.055559 30.083279 30.159693 30.181362 30.252544 30.267878 30.333445 30.342196 30.401800 30.403770 30.457106 30.452147 30.498951 30.486961 30.527023 30.507956 30.541113 30.514971 30.541111 30.507954 30.527021 30.486959 30.498945 30.452141 30.457098 30.403763 30.401791 30.342188 30.333433 30.267866 30.252529 30.181347 30.159674 30.083260 30.055534 29.974306 29.940855 29.855259 29.816444 29.726950 29.683157 29.590254 29.541901 29.446089 29.393608 29.295403 29.239244 29.139156 29.079781 28.978319 28.916193 28.813860 28.749447 28.646738 28.580500 28.477888 28.410273 28.308212 28.239660 28.138580 28.069511 27.969814 27.900629 27.802689 27.733757 27.637913 27.569586 27.476139 27.408735 27.317957 27.251762 27.163885 27.099155 27.014372 26.951324 26.869793 26.808617 26.730453 26.671303 26.596592 26.539581 26.468369 26.413586 26.345882 26.293377 26.229164 26.178957 26.118183 26.070261 26.012846 25.967169 25.913004 25.869507 25.818459 25.777044 25.728958 25.689512 25.644211 25.606592 25.563883 25.527933 25.487602 25.453144 25.414968 25.381805 25.345549 25.313475 25.278889 25.247683 25.214514 25.183945 25.151934 25.121759 25.090643 25.060617 25.030128 25.000000 
25.000000 25.033440 25.067282 25.100618 25.135168 25.168692 25.204260 25.238255 25.275145 25.309887 25.348404 25.384163 25.424601 25.461634 25.504278 25.542828 25.587957 25.628252 25.676128 25.718376 25.769249 25.813641 25.867741 25.914446 25.971983 26.021145 26.082308 26.134041 26.198994 26.253387 26.322264 26.379375 26.452282 26.512135 26.589148 26.651730 26.732883 26.798151 26.883446 26.951315 27.040714 27.111057 27.204483 27.277142 27.374470 27.449244 27.550312 27.626957 27.731554 27.809790 27.917667 27.997173 28.108034 28.188454 28.301962 28.382902 28.498678 28.579714 28.697336 28.778013 28.897028 28.976866 29.096785 29.175276 29.295580 29.372204 29.492348 29.566570 29.685984 29.757259 29.875362 29.943146 30.059340 30.123087 30.236773 30.295952 30.406527 30.460617 30.567488 30.615992 30.718578 30.761021 30.858763 30.894703 30.987061 31.016098 31.102566 31.124340 31.204445 31.218651 31.291964 31.298334 31.364475 31.362808 31.421442 31.411591 31.462440 31.444315 31.487162 31.460739 31.495422 31.460739 31.487160 31.444313 31.462435 31.411587 31.421434 31.362801 31.364466 31.298326 31.291952 31.218639 31.204430 31.124327 31.102545 31.016079 30.987036 30.894676 30.858730 30.760986 30.718538 30.615948 30.567440 30.460562 30.406466 30.295881 30.236694 30.123001 30.059240 29.943039 29.875240 29.757126 29.685835 29.566404 29.492163 29.372000 29.295353 29.175024 29.096506 28.976557 28.896687 28.777636 28.696918 28.579254 28.498169 28.382345 28.301346 28.187780 28.107292 27.996359 27.916771 27.808809 27.730476 27.625780 27.549019 27.447838 27.372927 27.275467 27.202644 27.109066 27.038530 26.948952 26.880863 26.795359 26.729836 26.648439 26.585562 26.508270 26.448078 26.374849 26.317347 26.248104 26.193262 26.127892 26.075647 26.014009 25.964266 25.906191 25.858826 25.804121 25.758984 25.707430 25.664345 25.615705 25.574472 25.528492 25.488894 25.445301 25.407103 25.365616 25.328564 25.288887 25.252718 25.214552 25.178988 25.142025 25.106779 25.070709 25.035490 25.000000 
25.000000 25.038614 25.076937 25.116190 25.154560 25.194805 25.233553 25.275145 25.314594 25.357880 25.398344 25.443668 25.485447 25.533144 25.576529 25.626921 25.672180 25.725580 25.772966 25.829666 25.879410 25.939686 25.991993 26.056099 26.111149 26.179312 26.237253 26.309679 26.370632 26.447489 26.511536 26.592964 26.660152 26.746256 26.816591 26.907433 26.980885 27.076487 27.152979 27.253321 27.332735 27.437748 27.519922 27.629490 27.714216 27.828175 27.915197 28.033335 28.122353 28.244402 28.335070 28.460718 28.552647 28.681530 28.774290 28.905996 28.999117 29.133188 29.226162 29.362095 29.454386 29.591639 29.682680 29.820669 29.909872 30.047989 30.134743 30.272346 30.356033 30.492462 30.572454 30.707031 30.782701 30.914738 30.985468 31.114273 31.179459 31.304344 31.363398 31.483690 31.536053 31.651096 31.696243 31.805403 31.842852 31.945530 31.974838 32.070473 32.091255 32.179329 32.191265 32.271309 32.274120 32.345726 32.339218 32.402035 32.386066 32.439808 32.414314 32.458763 32.423756 32.458763 32.414314 32.439804 32.386063 32.402027 32.339211 32.345718 32.274113 32.271297 32.191254 32.179314 32.091244 32.070454 31.974817 31.945505 31.842825 31.805372 31.696207 31.651054 31.536007 31.483641 31.363340 31.304281 31.179386 31.114193 30.985378 30.914637 30.782591 30.706905 30.572317 30.492308 30.355864 30.272156 30.134531 30.047752 29.909611 29.820379 29.682358 29.591282 29.453993 29.361660 29.225683 29.132658 28.998533 28.905354 28.773584 28.680752 28.551794 28.459780 28.334042 28.243271 28.121117 28.031977 27.913717 27.826551 27.712450 27.627554 27.517820 27.435444 27.330240 27.250589 27.150024 27.073261 26.977398 26.903633 26.812490 26.741791 26.655344 26.587736 26.505913 26.441385 26.364079 26.302574 26.229637 26.171068 26.102324 26.046560 25.981802 25.928686 25.867674 25.817020 25.759495 25.711088 25.656763 25.610361 25.558937 25.514280 25.465439 25.422245 25.375654 25.333628 25.288946 25.247776 25.204653 25.164013 25.122095 25.081654 25.040583 25.000000 
25.000000 25.043495 25.087517 25.130871 25.175817 25.219412 25.265682 25.309887 25.357880 25.403057 25.453161 25.499659 25.552261 25.600412 25.655882 25.706005 25.764702 25.817093 25.879358 25.934290 26.000448 26.058167 26.128517 26.189243 26.264057 26.327974 26.407497 26.474758 26.559202 26.629923 26.719463 26.793716 26.888491 26.966309 27.066410 27.147778 27.253254 27.338114 27.448965 27.537207 27.653385 27.744846 27.866249 27.960724 28.087189 28.184412 28.315727 28.415388 28.551281 28.653013 28.793156 28.896544 29.040554 29.145132 29.292570 29.397831 29.548204 29.653593 29.806356 29.911283 30.065845 30.169687 30.325411 30.427511 30.583723 30.683403 30.839394 30.935959 31.090990 31.183735 31.337051 31.425262 31.576090 31.659065 31.806622 31.883669 32.027172 32.097614 32.236298 32.299488 32.432594 32.487915 32.614716 32.661598 32.781399 32.819317 32.931458 32.959946 33.063816 33.082474 33.177513 33.185997 33.271717 33.269760 33.345722 33.333138 33.398983 33.375652 33.431103 33.396992 33.441833 33.396988 33.431099 33.375648 33.398979 33.333130 33.345715 33.269753 33.271706 33.185986 33.177498 33.082458 33.063797 32.959927 32.931435 32.819290 32.781368 32.661564 32.614677 32.487869 32.432545 32.299427 32.236237 32.097542 32.027092 31.883577 31.806519 31.658953 31.575962 31.425123 31.336893 31.183561 31.090796 30.935741 30.839153 30.683136 30.583427 30.427183 30.325047 30.169285 30.065399 29.910791 29.805813 29.652994 29.547543 29.397102 29.291769 29.144253 29.039585 28.895481 28.791988 28.651735 28.549877 28.413857 28.314045 28.182581 28.085178 27.958540 27.863855 27.742252 27.650545 27.534130 27.445604 27.334476 27.249287 27.143494 27.061743 26.961277 26.883018 26.787827 26.713064 26.623047 26.551744 26.466755 26.398829 26.318687 26.254013 26.178501 26.116917 26.045780 25.987093 25.920050 25.864027 25.800770 25.747158 25.687353 25.635864 25.579165 25.529495 25.475531 25.427349 25.375740 25.328705 25.279058 25.232807 25.184727 25.138889 25.091969 25.046164 25.000000 
25.000000 25.048897 25.097420 25.147129 25.195707 25.246677 25.295731 25.348404 25.398344 25.453161 25.504385 25.561779 25.614668 25.675064 25.729980 25.793789 25.851078 25.918686 25.978668 26.050449 26.113413 26.189716 26.255926 26.337070 26.406750 26.493023 26.566362 26.658024 26.735172 26.832436 26.913500 27.016542 27.101582 27.210531 27.299555 27.414490 27.507458 27.628407 27.725225 27.852160 27.952679 28.085512 28.189526 28.328112 28.435356 28.579485 28.689640 28.839043 28.951725 29.106064 29.220839 29.379717 29.496094 29.659050 29.776482 29.942997 30.060890 30.230381 30.348099 30.519928 30.636787 30.810272 30.925558 31.099962 31.212929 31.387480 31.497358 31.671244 31.777252 31.949636 32.050980 32.221008 32.316895 32.483696 32.573345 32.736046 32.818687 32.976421 33.051319 33.203232 33.269672 33.414936 33.472260 33.610073 33.657669 33.787277 33.824585 33.945274 33.971809 34.082935 34.098282 34.199245 34.203060 34.293354 34.285381 34.364555 34.344627 34.412323 34.380356 34.436295 34.392292 34.436295 34.380352 34.412319 34.344624 34.364548 34.285378 34.293343 34.203053 34.199230 34.098267 34.082916 33.971790 33.945251 33.824558 33.787247 33.657631 33.610035 33.472214 33.414883 33.269615 33.203167 33.051243 32.976341 32.818596 32.735943 32.573231 32.483566 32.316753 32.220848 32.050804 31.949440 31.777035 31.671001 31.497087 31.387180 31.212599 31.099594 30.925152 30.809820 30.636290 30.519377 30.347490 30.229710 30.060152 29.942181 29.775587 29.658064 29.495012 29.378527 29.219536 29.104630 28.950157 28.837322 28.687765 28.577429 28.433117 28.325657 28.186861 28.082594 27.949516 27.848700 27.721481 27.624317 27.503038 27.409672 27.294357 27.204874 27.095488 27.009918 26.906378 26.824703 26.726870 26.649023 26.556713 26.482580 26.395569 26.324987 26.243013 26.175785 26.098549 26.034433 25.961603 25.900330 25.831549 25.772812 25.707699 25.651171 25.589325 25.534649 25.475649 25.422447 25.365864 25.313742 25.259134 25.207682 25.154598 25.103395 25.051386 25.000000 
25.000000 25.053921 25.108498 25.162241 25.217968 25.272003 25.329374 25.384163 25.443668 25.499659 25.561779 25.619408 25.684618 25.744293 25.813057 25.875174 25.947933 26.012859 26.090036 26.158110 26.240103 26.311630 26.398811 26.474062 26.566769 26.645973 26.744507 26.827856 26.932478 27.020111 27.131039 27.223049 27.340450 27.436878 27.560867 27.661695 27.792332 27.897488 28.034771 28.144117 28.287985 28.401325 28.551647 28.668722 28.825302 28.945789 29.108360 29.231867 29.400095 29.526173 29.699648 29.827782 30.006029 30.135645 30.318121 30.448587 30.634680 30.765314 30.954348 31.084419 31.275663 31.404396 31.597063 31.723650 31.916901 32.040501 32.233459 32.353214 32.544968 32.660004 32.849617 32.959049 33.145561 33.248524 33.430969 33.526600 33.704018 33.791477 33.962914 34.041405 34.205925 34.274685 34.431385 34.489704 34.637726 34.684959 34.823486 34.859055 34.987335 35.010738 35.128082 35.138897 35.244694 35.242588 35.336308 35.321045 35.402237 35.373676 35.441994 35.400093 35.455280 35.400093 35.441994 35.373672 35.402229 35.321041 35.336296 35.242580 35.244682 35.138882 35.128063 35.010715 34.987312 34.859028 34.823460 34.684925 34.637688 34.489658 34.431335 34.274624 34.205860 34.041332 33.962837 33.791389 33.703918 33.526485 33.430843 33.248383 33.145401 32.958874 32.849419 32.659786 32.544727 32.352947 32.233162 32.040169 31.916533 31.723244 31.596609 31.403898 31.275108 31.083809 30.953672 30.764570 30.633858 30.447685 30.317123 30.134552 30.004826 29.826464 29.698198 29.524588 29.398354 29.229967 29.106274 28.943516 28.822809 28.666012 28.548679 28.398106 28.284460 28.140301 28.030600 27.892975 27.787411 27.656380 27.555077 27.430637 27.333660 27.215744 27.123100 27.011583 26.923225 26.817930 26.733755 26.634457 26.554312 26.460739 26.384424 26.296267 26.223539 26.140448 26.071022 25.992617 25.926174 25.852045 25.788235 25.717947 25.656387 25.589487 25.529772 25.465790 25.407492 25.345940 25.288612 25.229000 25.172182 25.114012 25.057230 25.000000 
25.000000 25.059591 25.118725 25.179312 25.238506 25.300631 25.360399 25.424601 25.485447 25.552261 25.614668 25.684618 25.749054 25.822657 25.889561 25.967314 26.037109 26.119486 26.192558 26.280012 26.356718 26.449673 26.530327 26.629171 26.714054 26.819138 26.908476 27.020111 27.114088 27.232538 27.331284 27.456758 27.560347 27.693001 27.801443 27.941374 28.054623 28.201862 28.319801 28.474314 28.596764 28.758440 28.885149 29.053814 29.184460 29.359858 29.494051 29.675850 29.813126 30.000917 30.140749 30.334045 30.475834 30.674076 30.817158 31.019707 31.163361 31.369513 31.512962 31.721939 31.864353 32.075325 32.215832 32.427902 32.565601 32.777824 32.911777 33.123173 33.252422 33.461971 33.585560 33.792221 33.909180 34.111893 34.221268 34.418976 34.519840 34.711487 34.802933 34.987480 35.068649 35.245090 35.315174 35.482536 35.540791 35.698154 35.743904 35.890408 35.923054 36.057903 36.076946 36.199429 36.204445 36.313934 36.304615 36.400570 36.376701 36.458687 36.420174 36.487858 36.434700 36.487858 36.420170 36.458683 36.376698 36.400558 36.304607 36.313923 36.204433 36.199413 36.076927 36.057884 35.923031 35.890377 35.743870 35.698116 35.540749 35.482487 35.315117 35.245029 35.068577 34.987404 34.802841 34.711388 34.519726 34.418850 34.221130 34.111736 33.909004 33.792023 33.585346 33.461731 33.252159 33.122875 32.911449 32.777458 32.565197 32.427452 32.215340 32.074772 31.863745 31.721268 31.512218 31.368692 31.162458 31.018711 30.816065 30.672871 30.474514 30.332592 30.139158 29.999168 29.811216 29.673750 29.491764 29.357347 29.181728 29.050819 28.881897 28.754881 28.592903 28.470093 28.315233 28.196875 28.049232 27.935499 27.795105 27.686100 27.552916 27.448679 27.322598 27.223106 27.103964 27.009134 26.896709 26.806402 26.700422 26.614441 26.514584 26.432686 26.338591 26.260485 26.171751 26.097105 26.013298 25.941742 25.862398 25.793528 25.718161 25.651545 25.579643 25.514820 25.445860 25.382351 25.315796 25.253101 25.188404 25.126009 25.062622 25.000000 
25.000000 25.064795 25.130383 25.194960 25.261934 25.326857 25.395807 25.461634 25.533144 25.600412 25.675064 25.744293 25.822657 25.894346 25.976969 26.051588 26.139004 26.216997 26.309711 26.391483 26.489977 26.575893 26.680607 26.770996 26.882336 26.977474 27.095802 27.195913 27.321541 27.426798 27.559984 27.670500 27.811443 27.927263 28.076103 28.197206 28.354013 28.480314 28.645084 28.776423 28.949076 29.085215 29.265598 29.406223 29.594099 29.738825 29.933872 30.082232 30.284044 30.435495 30.643587 30.797514 31.011309 31.167025 31.385870 31.542618 31.765778 31.922739 32.149403 32.305702 32.534992 32.689697 32.920670 33.072811 33.304462 33.453033 33.684311 33.828278 34.058086 34.196400 34.423615 34.555225 34.778698 34.902554 35.121128 35.236198 35.448719 35.554005 35.759327 35.853863 36.050869 36.133743 36.321354 36.391716 36.568897 36.625969 36.791748 36.834835 36.988308 37.016808 37.157150 37.170559 37.297039 37.294956 37.406940 37.389076 37.486031 37.452217 37.533726 37.483910 37.549664 37.483906 37.533726 37.452213 37.486027 37.389072 37.406929 37.294945 37.297028 37.170540 37.157131 37.016785 36.988281 36.834805 36.791714 36.625927 36.568851 36.391663 36.321297 36.133675 36.050797 35.853775 35.759232 35.553894 35.448597 35.236061 35.120972 34.902382 34.778503 34.555012 34.423378 34.196136 34.057793 33.827953 33.683949 33.452633 33.304020 33.072323 32.920128 32.689098 32.534328 32.304966 32.148594 31.921844 31.764788 31.541531 31.384670 31.165710 31.009861 30.795929 30.641842 30.433590 30.281948 30.079945 29.931360 29.736090 29.591099 29.402964 29.262026 29.081339 28.944836 28.771830 28.640066 28.474888 28.348093 28.190815 28.069138 27.919756 27.803276 27.661711 27.550438 27.416540 27.310413 27.183977 27.082872 26.963625 26.867359 26.754978 26.663309 26.557421 26.470060 26.370249 26.286852 26.192659 26.112846 26.023781 25.947128 25.862673 25.788721 25.708332 25.636593 25.559704 25.489662 25.415695 25.346817 25.275177 25.206909 25.137003 25.068771 25.000000 
25.000000 25.070776 25.141003 25.212965 25.283260 25.357050 25.428024 25.504278 25.576529 25.655882 25.729980 25.813057 25.889561 25.976969 26.056404 26.148729 26.231594 26.329401 26.416155 26.519979 26.611042 26.721388 26.817137 26.934464 27.035227 27.159948 27.266001 27.398483 27.510040 27.650597 27.767813 27.916689 28.039654 28.197031 28.325758 28.491751 28.626184 28.800829 28.940832 29.124086 29.269444 29.461180 29.611595 29.811596 29.966690 30.174654 30.333961 30.549494 30.712469 30.935085 31.101099 31.330217 31.498562 31.733519 31.903410 32.143448 32.314030 32.558311 32.728661 32.976265 33.145405 33.395340 33.562237 33.813446 33.977020 34.228390 34.387535 34.637894 34.791481 35.039623 35.186508 35.431198 35.570240 35.810226 35.940292 36.174320 36.294304 36.521122 36.629959 36.848335 36.945004 37.153748 37.237289 37.435253 37.504780 37.690872 37.745590 37.918793 37.957989 38.117359 38.140434 38.285133 38.291592 38.420876 38.410343 38.523579 38.495804 38.592480 38.547340 38.627056 38.564564 38.627056 38.547337 38.592472 38.495800 38.523567 38.410332 38.420860 38.291573 38.285114 38.140408 38.117336 37.957954 37.918758 37.745548 37.690830 37.504730 37.435200 37.237225 37.153679 36.944920 36.848244 36.629848 36.521004 36.294170 36.174168 35.940125 35.810040 35.570030 35.430965 35.186253 35.039337 34.791164 34.637543 34.387142 34.227955 33.976540 33.812912 33.561646 33.394684 33.144680 32.975464 32.727779 32.557335 32.312958 32.142262 31.902107 31.732084 31.496990 31.328487 31.099205 30.933002 30.710197 30.546997 30.331242 30.171667 29.963442 29.808035 29.607729 29.456945 29.264854 29.119068 28.935402 28.794901 28.619778 28.484766 28.318222 28.188828 28.030817 27.907084 27.757486 27.639383 27.498005 27.385435 27.252016 27.144812 27.019026 26.916956 26.798428 26.701200 26.589502 26.496775 26.391430 26.302807 26.203300 26.118345 26.024130 25.942362 25.852859 25.773764 25.688374 25.611404 25.529505 25.454090 25.375042 25.300592 25.223751 25.149654 25.074371 25.000000 
25.000000 25.076191 25.153324 25.229254 25.308016 25.384352 25.465435 25.542828 25.626921 25.706005 25.793789 25.875174 25.967314 26.051588 26.148729 26.236448 26.339212 26.430893 26.539877 26.635994 26.751759 26.852747 26.975811 27.082052 27.212891 27.324709 27.463743 27.581408 27.729004 27.852715 28.009172 28.139061 28.304617 28.440737 28.615549 28.757883 28.942030 29.090473 29.283953 29.438316 29.641033 29.801041 30.012810 30.178095 30.398640 30.568747 30.797684 30.972069 31.208923 31.386950 31.631147 31.812092 32.062954 32.246014 32.502773 32.687057 32.948853 33.133400 33.399281 33.583061 33.851994 34.033920 34.304794 34.483727 34.755363 34.930119 35.201286 35.370655 35.640068 35.802818 36.069153 36.224049 36.485966 36.631779 36.887913 37.023434 37.272434 37.396488 37.637012 37.748463 37.979202 38.076984 38.296673 38.379780 38.587208 38.654736 38.848759 38.899887 39.079453 39.113472 39.277615 39.293930 39.441792 39.439934 39.570770 39.550396 39.663589 39.624504 39.719566 39.661697 39.738270 39.661697 39.719563 39.624500 39.663582 39.550388 39.570755 39.439919 39.441772 39.293907 39.277592 39.113441 39.079422 38.899849 38.848721 38.654686 38.587154 38.379719 38.296604 38.076900 37.979115 37.748360 37.636898 37.396355 37.272293 37.023273 36.887733 36.631577 36.485741 36.223801 36.068874 35.802509 35.639721 35.370274 35.200863 34.929649 34.754841 34.483147 34.304150 34.033211 33.851208 33.582195 33.398323 33.132347 32.947689 32.685776 32.501362 32.244461 32.061249 31.810223 31.629091 31.384703 31.206453 30.969376 30.794725 30.565527 30.395105 30.174257 30.008604 29.796478 29.636042 29.432909 29.278046 29.084087 28.935062 28.750359 28.607351 28.431902 28.295004 28.128717 27.997936 27.840641 27.715906 27.567360 27.448526 27.308413 27.195265 27.063202 26.955458 26.831011 26.728325 26.611010 26.512981 26.402260 26.308439 26.203735 26.113625 26.014332 25.927395 25.832874 25.748533 25.658125 25.575779 25.488798 25.407816 25.323574 25.243303 25.161098 25.080870 25.000000 
25.000000 25.082523 25.164402 25.248310 25.330265 25.416304 25.499046 25.587957 25.672180 25.764702 25.851078 25.947933 26.037109 26.139004 26.231594 26.339212 26.435795 26.549791 26.650904 26.771904 26.878035 27.006618 27.118206 27.254910 27.372339 27.517643 27.641233 27.795563 27.925568 28.089281 28.225880 28.399263 28.542559 28.725826 28.875835 29.069115 29.225773 29.429104 29.592255 29.805586 29.974977 30.198156 30.373446 30.606222 30.786966 31.028984 31.214645 31.465445 31.655386 31.914398 32.107887 32.374439 32.570656 32.843964 33.042000 33.321186 33.520042 33.804131 34.002731 34.290657 34.487862 34.778469 34.973076 35.265129 35.455891 35.748089 35.933716 36.224705 36.403877 36.692253 36.863644 37.147968 37.310253 37.589069 37.740929 38.012775 38.152927 38.416351 38.543549 38.797123 38.910179 39.152515 39.250317 39.480083 39.561596 39.777523 39.841816 40.042728 40.088974 40.273777 40.301277 40.468990 40.477165 40.626930 40.615349 40.746429 40.714794 40.826595 40.774757 40.866829 40.794800 40.866829 40.774757 40.826588 40.714787 40.746418 40.615334 40.626915 40.477146 40.468967 40.301247 40.273746 40.088936 40.042686 39.841770 39.777473 39.561535 39.480019 39.250237 39.152431 38.910080 38.797016 38.543423 38.416214 38.152771 38.012604 37.740734 37.588852 37.310013 37.147697 36.863346 36.691917 36.403507 36.224293 35.933258 35.747581 35.455326 35.264503 34.972385 34.777702 34.487019 34.289722 34.001701 33.802994 33.518787 33.319805 33.040482 32.842289 32.568821 32.372417 32.105679 31.911964 31.652731 31.462526 31.211468 31.025496 30.783175 30.602064 30.368931 30.193213 29.969620 29.799726 29.585915 29.422184 29.218296 29.060963 28.867041 28.716251 28.532246 28.388054 28.213827 28.076197 27.911522 27.780336 27.624914 27.499981 27.353436 27.234482 27.096376 26.983065 26.852903 26.744831 26.622061 26.518770 26.402792 26.303770 26.193949 26.098639 25.994303 25.902103 25.802553 25.712830 25.617342 25.529428 25.437262 25.350468 25.260876 25.174486 25.086712 25.000000 
25.000000 25.088184 25.177458 25.265337 25.356499 25.444841 25.538691 25.628252 25.725580 25.817093 25.918686 26.012859 26.119486 26.216997 26.329401 26.430893 26.549791 26.655863 26.781944 26.893147 27.027058 27.143890 27.286230 27.409134 27.560448 27.689802 27.850576 27.986691 28.157345 28.300449 28.481329 28.631580 28.822954 28.980413 29.182465 29.347111 29.559927 29.731640 29.955217 30.133778 30.368004 30.553097 30.797756 30.988958 31.243723 31.440510 31.704939 31.906681 32.180225 32.386189 32.668179 32.877529 33.167183 33.378990 33.675423 33.888660 34.190868 34.404427 34.711315 34.924011 35.234386 35.444954 35.757530 35.964657 36.278076 36.480400 36.793236 36.989357 37.300125 37.488621 37.795795 37.975243 38.277275 38.446251 38.741570 38.898682 39.185719 39.329605 39.606823 39.736176 40.002060 40.115643 40.368732 40.465393 40.704292 40.782978 41.006371 41.066132 41.272808 41.312820 41.501663 41.521248 41.691269 41.689877 41.840225 41.817463 41.947422 41.903053 42.012066 41.946011 42.033669 41.946007 42.012062 41.903046 41.947418 41.817451 41.840214 41.689857 41.691250 41.521221 41.501633 41.312786 41.272766 41.066086 41.006321 40.782917 40.704231 40.465321 40.368652 40.115547 40.001957 39.736053 39.606693 39.329456 39.185555 38.898495 38.741364 38.446018 38.277016 37.974957 37.795475 37.488262 37.299725 36.988914 36.792744 36.479855 36.277470 35.963989 35.756786 35.444130 35.233475 34.923004 34.710209 34.403206 34.189518 33.887177 33.673786 33.377197 33.165203 32.875362 32.665794 32.383583 32.177361 31.903559 31.701509 31.436777 31.239628 30.984510 30.792881 30.547810 30.362219 30.127514 29.948372 29.724239 29.551851 29.338392 29.172968 28.970177 28.811817 28.619596 28.468309 28.286463 28.142172 27.970417 27.832949 27.670925 27.540031 27.387302 27.262653 27.118717 26.999918 26.864212 26.750799 26.622705 26.514156 26.393015 26.288754 26.173861 26.073265 25.963886 25.866291 25.761662 25.666370 25.565706 25.471989 25.374489 25.281591 25.186449 25.093596 25.000000 
25.000000 25.094902 25.189058 25.285553 25.379795 25.478739 25.573881 25.676128 25.772966 25.879358 25.978668 26.090036 26.192558 26.309711 26.416155 26.539877 26.650904 26.781944 26.898174 27.037249 27.159245 27.307018 27.435282 27.592369 27.727343 27.894291 28.036345 28.213640 28.363064 28.551119 28.708117 28.907257 29.071949 29.282415 29.454824 29.676762 29.856813 30.090265 30.277777 30.522680 30.717369 30.973549 31.175020 31.442184 31.649929 31.927668 32.141071 32.428852 32.647182 32.944351 33.166775 33.472553 33.698124 34.011623 34.239288 34.559494 34.788124 35.113911 35.342266 35.672413 35.899189 36.232365 36.456181 36.790974 37.010395 37.345310 37.558861 37.892345 38.098515 38.428951 38.626217 38.951958 39.138794 39.458176 39.633076 39.944416 40.105904 40.407543 40.554188 40.844486 40.974930 41.252304 41.365261 41.628174 41.722469 41.969475 42.044025 42.273777 42.327641 42.538883 42.571255 42.762871 42.773087 42.944088 42.931644 43.081196 43.045753 43.173176 43.114563 43.219341 43.137554 43.219337 43.114555 43.173172 43.045742 43.081188 42.931629 42.944069 42.773060 42.762844 42.571224 42.538845 42.327602 42.273727 42.043972 41.969414 41.722397 41.628098 41.365173 41.252205 40.974815 40.844364 40.554043 40.407383 40.105724 39.944218 39.632854 39.457928 39.138519 38.951649 38.625870 38.428566 38.098087 37.891869 37.558334 37.344727 37.009750 36.790253 36.455387 36.231483 35.898216 35.671341 35.341080 35.112602 34.786682 34.557903 34.237545 34.009693 33.696011 33.470222 33.164227 32.941547 32.644127 32.425491 32.137413 31.923651 31.645561 31.437395 31.169821 30.967857 30.711201 30.515936 30.270479 30.082294 29.848204 29.667376 29.444698 29.271393 29.060078 28.894350 28.694241 28.536055 28.346895 28.196115 28.017563 27.873962 27.705587 27.568857 27.410162 27.279913 27.130325 27.006094 26.864986 26.746246 26.612932 26.499096 26.372847 26.263271 26.143316 26.037313 25.922850 25.819689 25.709888 25.608803 25.502819 25.403017 25.299990 25.200649 25.099712 25.000000 
