25.000000 25.000000 25.000000 25.000000 25.000000 25.000000 25.000000 25.000000 25.000000 25.000000 25.000000 25.000000 25.000000 25.000000 25.000000 25.000000 25.000000 25.000000 25.000000 25.000000 25.000000 25.000000 25.000000 25.000000 25.000000 25.000000 25.000000 25.000000 25.000000 25.000000 25.000000 25.000000 25.000000 25.000000 25.000000 25.000000 25.000000 25.000000 25.000000 25.000000 25.000000 25.000000 25.000000 25.000000 25.000000 25.000000 25.000000 25.000000 25.000000 25.000000 25.000000 25.000000 25.000000 25.000000 25.000000 25.000000 25.000000 25.000000 25.000000 25.000000 25.000000 25.000000 25.000000 25.000000 25.000000 25.000000 25.000000 25.000000 25.000000 25.000000 25.000000 25.000000 25.000000 25.000000 25.000000 25.000000 25.000000 25.000000 25.000000 25.000000 25.000000 25.000000 25.000000 25.000000 25.000000 25.000000 25.000000 25.000000 25.000000 25.000000 25.000000 25.000000 25.000000 25.000000 25.000000 25.000000 25.000000 25.000000 25.000000 25.000000 25.000000 25.000000 25.000000 25.000000 25.000000 25.000000 25.000000 25.000000 25.000000 25.000000 25.000000 25.000000 25.000000 25.000000 25.000000 25.000000 25.000000 25.000000 25.000000 25.000000 25.000000 25.000000 25.000000 25.000000 25.000000 25.000000 25.000000 25.000000 25.000000 25.000000 25.000000 25.000000 25.000000 25.000000 25.000000 25.000000 25.000000 25.000000 25.000000 25.000000 25.000000 25.000000 25.000000 25.000000 25.000000 25.000000 25.000000 25.000000 25.000000 25.000000 25.000000 25.000000 25.000000 25.000000 25.000000 25.000000 25.000000 25.000000 25.000000 25.000000 25.000000 25.000000 25.000000 25.000000 25.000000 25.000000 25.000000 25.000000 25.000000 25.000000 25.000000 25.000000 25.000000 25.000000 25.000000 25.000000 25.000000 25.000000 25.000000 25.000000 25.000000 25.000000 25.000000 25.000000 25.000000 25.000000 25.000000 25.000000 25.000000 25.000000 25.000000 25.000000 25.000000 25.000000 25.000000 25.000000 25.000000 25.000000 25.000000 25.000000 
25.000000 25.002245 25.004515 25.006765 25.009100 25.011389 25.013824 25.016184 25.018755 25.021217 25.023962 25.026558 25.029510 25.032274 25.035471 25.038427 25.041906 25.045086 25.048880 25.052313 25.056454 25.060165 25.064688 25.068703 25.073639 25.077976 25.083357 25.088039 25.093891 25.098936 25.105286 25.110706 25.117577 25.123384 25.130793 25.136993 25.144957 25.151554 25.160084 25.167074 25.176180 25.183556 25.193237 25.200985 25.211241 25.219343 25.230164 25.238596 25.249966 25.258699 25.270596 25.279594 25.291988 25.301210 25.314070 25.323465 25.336748 25.346266 25.359922 25.369503 25.383480 25.393061 25.407297 25.416811 25.431236 25.440611 25.455158 25.464315 25.478909 25.487774 25.502331 25.510826 25.525265 25.533308 25.547541 25.555056 25.568998 25.575905 25.589468 25.595694 25.608793 25.614265 25.626814 25.631466 25.643383 25.647154 25.658361 25.661198 25.671621 25.673471 25.683044 25.683870 25.692533 25.692305 25.700005 25.698696 25.705389 25.702990 25.708639 25.705147 25.709726 25.705147 25.708639 25.702990 25.705389 25.698696 25.700005 25.692305 25.692533 25.683870 25.683044 25.673471 25.671621 25.661198 25.658361 25.647154 25.643383 25.631466 25.626814 25.614265 25.608791 25.595694 25.589468 25.575903 25.568996 25.555054 25.547539 25.533306 25.525263 25.510824 25.502329 25.487772 25.478907 25.464312 25.455154 25.440605 25.431232 25.416805 25.407290 25.393055 25.383472 25.369497 25.359913 25.346256 25.336737 25.323452 25.314054 25.301193 25.291969 25.279572 25.270571 25.258671 25.249935 25.238562 25.230125 25.219301 25.211193 25.200932 25.193178 25.183489 25.176105 25.166992 25.159992 25.151453 25.144844 25.136869 25.130653 25.123232 25.117407 25.110523 25.105082 25.098713 25.093645 25.087769 25.083059 25.077650 25.073280 25.068312 25.064259 25.059698 25.055943 25.051758 25.048273 25.044430 25.041187 25.037651 25.034624 25.031359 25.028517 25.025486 25.022797 25.019964 25.017399 25.014727 25.012247 25.009701 25.007277 25.004816 25.002413 25.000000 
25.000000 25.004515 25.009010 25.013615 25.018154 25.022924 25.027573 25.032581 25.037401 25.042721 25.047779 25.053482 25.058842 25.064997 25.070717 25.077398 25.083538 25.090815 25.097433 25.105375 25.112524 25.121199 25.128929 25.138401 25.146761 25.157091 25.166122 25.177368 25.187111 25.199327 25.209810 25.223047 25.234295 25.248592 25.260622 25.276018 25.288837 25.305361 25.318972 25.336641 25.351032 25.369854 25.385008 25.404984 25.420866 25.441982 25.458553 25.480785 25.497992 25.521301 25.539076 25.563416 25.581680 25.606987 25.625650 25.651846 25.670809 25.697805 25.716955 25.744648 25.763861 25.792135 25.811283 25.840010 25.858948 25.887989 25.906572 25.935781 25.953856 25.983074 26.000484 26.029549 26.046137 26.074877 26.090483 26.118725 26.133192 26.160763 26.173941 26.200665 26.212404 26.238111 26.248272 26.272797 26.281252 26.304428 26.311064 26.332743 26.337454 26.357494 26.360189 26.378468 26.379076 26.395473 26.393942 26.408365 26.404659 26.417023 26.411127 26.421373 26.413290 26.421373 26.411127 26.417023 26.404659 26.408365 26.393942 26.395473 26.379076 26.378468 26.360189 26.357494 26.337454 26.332743 26.311064 26.304428 26.281252 26.272795 26.248272 26.238110 26.212402 26.200663 26.173939 26.160761 26.133190 26.118721 26.090479 26.074873 26.046133 26.029545 26.000481 25.983068 25.953850 25.935776 25.906565 25.887981 25.858938 25.839998 25.811270 25.792122 25.763847 25.744631 25.716936 25.697784 25.670786 25.651819 25.625620 25.606953 25.581640 25.563372 25.539026 25.521248 25.497929 25.480717 25.458477 25.441895 25.420771 25.404875 25.384888 25.369720 25.350885 25.336475 25.318790 25.305159 25.288614 25.275768 25.260347 25.248287 25.233959 25.222675 25.209402 25.198877 25.186617 25.176825 25.165527 25.156435 25.146048 25.137615 25.128075 25.120258 25.111504 25.104258 25.096222 25.089493 25.082106 25.075834 25.069027 25.063156 25.056856 25.051323 25.045458 25.040201 25.034695 25.029650 25.024427 25.019526 25.014515 25.009691 25.004816 25.000000 
25.000000 25.006765 25.013615 25.020399 25.027441 25.034338 25.041685 25.048794 25.056555 25.063972 25.072252 25.080076 25.088987 25.097307 25.106956 25.115864 25.126356 25.135941 25.147381 25.157724 25.170216 25.181398 25.195040 25.207134 25.222021 25.235096 25.251318 25.265432 25.283077 25.298283 25.317425 25.333765 25.354473 25.371979 25.394312 25.413002 25.437010 25.456890 25.482609 25.503674 25.531124 25.553352 25.582537 25.605890 25.636801 25.661224 25.693834 25.719254 25.753517 25.779842 25.815693 25.842817 25.880171 25.907967 25.946720 25.975042 26.015066 26.043758 26.084909 26.113792 26.155907 26.184788 26.227680 26.256359 26.299829 26.328085 26.371918 26.399525 26.443493 26.470217 26.514076 26.539684 26.583183 26.607435 26.650314 26.672972 26.714972 26.735804 26.776659 26.795437 26.834890 26.851398 26.889196 26.903233 26.939125 26.950508 26.984259 26.992821 27.024212 27.029808 27.058636 27.061146 27.087231 27.086559 27.109741 27.105822 27.125967 27.118761 27.135761 27.125259 27.139036 27.125259 27.135761 27.118761 27.125967 27.105822 27.109741 27.086559 27.087231 27.061146 27.058636 27.029808 27.024212 26.992821 26.984259 26.950508 26.939125 26.903233 26.889194 26.851398 26.834890 26.795435 26.776657 26.735800 26.714968 26.672968 26.650309 26.607430 26.583178 26.539679 26.514069 26.470211 26.443483 26.399515 26.371908 26.328072 26.299816 26.256342 26.227663 26.184769 26.155884 26.113768 26.084881 26.043726 26.015030 25.975002 25.946672 25.907915 25.880114 25.842751 25.815620 25.779758 25.753424 25.719149 25.693718 25.661093 25.636656 25.605728 25.582355 25.553152 25.530899 25.503428 25.482332 25.456587 25.436670 25.412628 25.393896 25.371521 25.353966 25.333208 25.316809 25.297607 25.282331 25.264618 25.250420 25.234116 25.220942 25.205959 25.193747 25.179993 25.168674 25.156052 25.145552 25.133959 25.124191 25.113522 25.104403 25.094551 25.085987 25.076845 25.068743 25.060198 25.052462 25.044403 25.036932 25.029245 25.021942 25.014517 25.007278 25.000000 
25.000000 25.009100 25.018154 25.027441 25.036583 25.046204 25.055563 25.065664 25.075373 25.086098 25.096285 25.107782 25.118572 25.130985 25.142502 25.155973 25.168337 25.183008 25.196333 25.212343 25.226740 25.244223 25.259792 25.278881 25.295717 25.316534 25.334724 25.357388 25.377007 25.401623 25.422733 25.449404 25.472055 25.500862 25.525089 25.556107 25.581926 25.615210 25.642622 25.678211 25.707197 25.745110 25.775631 25.815863 25.847855 25.890379 25.923758 25.968529 26.003183 26.050127 26.085926 26.134939 26.171726 26.222683 26.260277 26.313023 26.351221 26.405571 26.444147 26.499899 26.538605 26.595522 26.634094 26.691921 26.730076 26.788532 26.825974 26.884764 26.921183 26.979990 27.015072 27.073565 27.106991 27.164829 27.196281 27.253115 27.282278 27.337755 27.364321 27.418093 27.441763 27.493484 27.513983 27.563316 27.580381 27.627005 27.640404 27.684010 27.693533 27.733841 27.739309 27.776062 27.777332 27.810301 27.807266 27.836254 27.828840 27.853685 27.841864 27.862442 27.846218 27.862442 27.841864 27.853685 27.828840 27.836254 27.807266 27.810301 27.777332 27.776060 27.739309 27.733839 27.693533 27.684010 27.640402 27.627005 27.580381 27.563314 27.513983 27.493483 27.441763 27.418089 27.364319 27.337751 27.282274 27.253109 27.196278 27.164822 27.106985 27.073555 27.015062 26.979979 26.921171 26.884752 26.825958 26.788517 26.730057 26.691900 26.634069 26.595497 26.538574 26.499865 26.444109 26.405527 26.351171 26.312967 26.260214 26.222614 26.171648 26.134851 26.085827 26.050014 26.003059 25.968390 25.923601 25.890203 25.847658 25.815643 25.775389 25.744841 25.706900 25.677877 25.642256 25.614801 25.581474 25.555603 25.524534 25.500248 25.471378 25.448654 25.421913 25.400715 25.376013 25.356291 25.333527 25.315212 25.294279 25.277296 25.258070 25.242331 25.224686 25.210093 25.193893 25.180340 25.165449 25.152822 25.139097 25.127275 25.114573 25.103434 25.091604 25.081020 25.069916 25.059753 25.049227 25.039354 25.029249 25.019531 25.009703 25.000000 
25.000000 25.011389 25.022924 25.034338 25.046204 25.057808 25.070185 25.082146 25.095217 25.107698 25.121647 25.134808 25.149817 25.163813 25.180061 25.195049 25.212717 25.228842 25.248104 25.265507 25.286537 25.305349 25.328316 25.348661 25.373722 25.395718 25.423025 25.446770 25.476465 25.502047 25.534262 25.561752 25.596600 25.626051 25.663631 25.695074 25.735470 25.768917 25.812187 25.847628 25.893805 25.931202 25.980299 26.019588 26.071585 26.112673 26.167522 26.210289 26.267916 26.312208 26.372501 26.418137 26.480955 26.527723 26.592884 26.640545 26.707840 26.756121 26.825306 26.873909 26.944708 26.993313 27.065416 27.113678 27.186750 27.234304 27.307980 27.354448 27.428343 27.473331 27.547039 27.590149 27.663246 27.704079 27.776131 27.814287 27.884855 27.919939 27.988581 28.020216 28.086494 28.114317 28.177805 28.201477 28.261755 28.280966 28.337643 28.352114 28.404819 28.414305 28.462700 28.466997 28.510777 28.509727 28.548624 28.542116 28.575905 28.563871 28.592371 28.574799 28.597876 28.574799 28.592371 28.563871 28.575905 28.542116 28.548624 28.509727 28.510775 28.466997 28.462698 28.414305 28.404818 28.352114 28.337643 28.280966 28.261755 28.201477 28.177803 28.114317 28.086493 28.020214 27.988577 27.919935 27.884850 27.814281 27.776125 27.704073 27.663237 27.590141 27.547028 27.473320 27.428329 27.354433 27.307964 27.234283 27.186728 27.113651 27.065388 26.993279 26.944672 26.873867 26.825258 26.756065 26.707779 26.640474 26.592808 26.527634 26.480856 26.418026 26.372377 26.312069 26.267759 26.210114 26.167326 26.112453 26.071337 26.019316 25.979992 25.930864 25.893427 25.847210 25.811722 25.768406 25.734900 25.694445 25.662931 25.625280 25.595747 25.560816 25.533226 25.500914 25.475210 25.445398 25.421511 25.394066 25.371902 25.346682 25.326138 25.302982 25.283941 25.262690 25.245022 25.225502 25.209070 25.191105 25.175762 25.159170 25.144766 25.129366 25.115736 25.101341 25.088326 25.074751 25.062181 25.049234 25.036945 25.024439 25.012255 25.000000 
25.000000 25.013824 25.027573 25.041685 25.055563 25.070185 25.084393 25.099743 25.114479 25.130779 25.146242 25.163712 25.180088 25.198950 25.216429 25.236897 25.255663 25.277948 25.298174 25.322491 25.344341 25.370895 25.394526 25.423513 25.449066 25.480677 25.508284 25.542692 25.572468 25.609842 25.641880 25.682367 25.716745 25.760473 25.797241 25.844318 25.883505 25.934019 25.975624 26.029629 26.073624 26.131149 26.177471 26.238512 26.287067 26.351585 26.402246 26.470163 26.522764 26.593969 26.648308 26.722649 26.778486 26.855768 26.912836 26.992821 27.050806 27.133223 27.191784 27.276316 27.335075 27.421370 27.479931 27.567596 27.625526 27.714142 27.770992 27.860102 27.915409 28.004536 28.057819 28.146461 28.197241 28.284880 28.332668 28.418777 28.463097 28.547146 28.587526 28.668982 28.704981 28.783318 28.814508 28.889219 28.915207 28.985802 29.006233 29.072248 29.086805 29.147814 29.156227 29.211840 29.213890 29.263762 29.259283 29.303118 29.292002 29.329552 29.311750 29.342829 29.318354 29.342829 29.311750 29.329552 29.292002 29.303118 29.259283 29.263762 29.213890 29.211840 29.156227 29.147814 29.086805 29.072247 29.006231 28.985800 28.915207 28.889215 28.814508 28.783316 28.704979 28.668978 28.587524 28.547140 28.463093 28.418772 28.332661 28.284870 28.197231 28.146450 28.057808 28.004520 27.915394 27.860085 27.770971 27.714117 27.625500 27.567566 27.479895 27.421331 27.335030 27.276264 27.191725 27.133158 27.050732 26.992739 26.912741 26.855663 26.778368 26.722513 26.648157 26.593800 26.522573 26.469950 26.402010 26.351318 26.286772 26.238180 26.177105 26.130739 26.073170 26.029123 25.975065 25.933395 25.882818 25.843554 25.796398 25.759537 25.715717 25.681229 25.640635 25.608461 25.570959 25.541025 25.506462 25.478668 25.446878 25.421106 25.391907 25.368021 25.341219 25.319073 25.294466 25.273895 25.251274 25.232107 25.211256 25.193316 25.174013 25.157106 25.139132 25.123066 25.106192 25.090765 25.074766 25.059778 25.044426 25.029669 25.014736 25.000000 
25.000000 25.016184 25.032581 25.048794 25.065664 25.082146 25.099743 25.116730 25.135315 25.153038 25.172869 25.191555 25.212893 25.232767 25.255865 25.277143 25.302256 25.325150 25.352524 25.377232 25.407116 25.433826 25.466454 25.495344 25.530943 25.562174 25.600960 25.634674 25.676849 25.713169 25.758917 25.797945 25.847429 25.889240 25.942600 25.987242 26.044588 26.092077 26.153498 26.203817 26.269358 26.322456 26.392134 26.447916 26.521704 26.580044 26.657871 26.718596 26.800356 26.863247 26.948784 27.013584 27.102690 27.169102 27.261526 27.329205 27.424646 27.493210 27.591324 27.660349 27.760740 27.829773 27.932005 28.000555 28.104149 28.171701 28.276142 28.342155 28.446896 28.510820 28.615280 28.676546 28.780130 28.838171 28.940262 28.994509 29.094486 29.144384 29.241619 29.286629 29.380503 29.420113 29.510015 29.543743 29.629091 29.656494 29.736725 29.757410 29.832003 29.845623 29.914095 29.920361 29.982283 29.980968 30.035961 30.026907 30.074652 30.057764 30.098005 30.073263 30.105814 30.073263 30.098005 30.057764 30.074652 30.026907 30.035961 29.980968 29.982281 29.920361 29.914093 29.845623 29.832003 29.757410 29.736725 29.656494 29.629087 29.543743 29.510014 29.420111 29.380497 29.286627 29.241613 29.144381 29.094479 28.994503 28.940252 28.838161 28.780117 28.676535 28.615263 28.510803 28.446875 28.342136 28.276115 28.171673 28.104116 28.000519 27.931963 27.829725 27.760687 27.660288 27.591255 27.493132 27.424561 27.329105 27.261415 27.168976 27.102549 27.013426 26.948603 26.863049 26.800131 26.718346 26.657591 26.579733 26.521353 26.447529 26.391699 26.321976 26.268822 26.203224 26.152836 26.091349 26.043776 25.986345 25.941603 25.888145 25.846214 25.796614 25.757442 25.711554 25.675062 25.632721 25.598806 25.559824 25.528357 25.492527 25.463358 25.430460 25.403425 25.373226 25.348143 25.320402 25.297070 25.271536 25.249750 25.226170 25.205711 25.183821 25.164467 25.144003 25.125521 25.106218 25.088369 25.069962 25.052505 25.034727 25.017416 25.000000 
25.000000 25.018755 25.037401 25.056555 25.075373 25.095217 25.114479 25.135315 25.155293 25.177416 25.198372 25.222082 25.244280 25.269873 25.293566 25.321335 25.346769 25.377003 25.404415 25.437399 25.467012 25.503025 25.535051 25.574358 25.608992 25.651850 25.689266 25.735912 25.776266 25.826925 25.870348 25.925219 25.971809 26.031069 26.080896 26.144690 26.197796 26.266233 26.322620 26.395781 26.455404 26.533323 26.596102 26.678776 26.744581 26.831953 26.900614 26.992582 27.063873 27.160282 27.233929 27.334572 27.410255 27.514866 27.592218 27.700480 27.779079 27.890619 27.970003 28.084393 28.164055 28.280815 28.360210 28.478813 28.557364 28.677237 28.754332 28.874861 28.949873 29.070410 29.142691 29.262556 29.331451 29.449947 29.514801 29.631212 29.691380 29.804985 29.859831 29.969912 30.018833 30.124681 30.167103 30.268030 30.303417 30.398764 30.426634 30.515774 30.535700 30.618055 30.629669 30.704716 30.707722 30.774992 30.769165 30.828259 30.813452 30.864038 30.840185 30.882008 30.849123 30.882008 30.840185 30.864038 30.813452 30.828259 30.769165 30.774992 30.707722 30.704716 30.629669 30.618055 30.535698 30.515774 30.426632 30.398762 30.303415 30.268028 30.167101 30.124678 30.018831 29.969906 29.859829 29.804976 29.691374 29.631203 29.514793 29.449934 29.331440 29.262539 29.142673 29.070389 28.949852 28.874836 28.754305 28.677202 28.557327 28.478771 28.360163 28.280760 28.163992 28.084322 27.969923 27.890530 27.778978 27.700367 27.592091 27.514723 27.410093 27.334387 27.233725 27.160049 27.063614 26.992290 26.900291 26.831593 26.744181 26.678326 26.595606 26.532766 26.454788 26.395092 26.321859 26.265387 26.196863 26.143648 26.079754 26.029797 25.970413 25.923674 25.868652 25.825052 25.774216 25.733648 25.686792 25.649124 25.606022 25.571093 25.531498 25.499125 25.462776 25.432756 25.399382 25.371500 25.340815 25.314835 25.286545 25.262224 25.236036 25.213118 25.188725 25.166946 25.144045 25.123135 25.101419 25.081099 25.060265 25.040251 25.019991 25.000000 
25.000000 25.021217 25.042721 25.063972 25.086098 25.107698 25.130779 25.153038 25.177416 25.200634 25.226645 25.251127 25.279108 25.305145 25.335432 25.363308 25.396231 25.426220 25.462105 25.494469 25.533636 25.568624 25.611382 25.649223 25.695869 25.736774 25.787590 25.831747 25.886993 25.934565 25.994484 26.045601 26.110403 26.165165 26.235035 26.293503 26.368584 26.430782 26.511185 26.577091 26.662878 26.732420 26.823610 26.896673 26.993231 27.069639 27.171474 27.251009 27.357975 27.440350 27.552240 27.637119 27.753666 27.840658 27.961531 28.050188 28.174992 28.264812 28.393093 28.483526 28.614769 28.705217 28.838848 28.928675 29.064070 29.152599 29.289082 29.375610 29.512465 29.596266 29.732737 29.813072 29.948378 30.024502 30.157839 30.229012 30.359564 30.425060 30.552008 30.611120 30.733656 30.785715 30.903046 30.947422 31.058777 31.094891 31.199545 31.226879 31.324148 31.342249 31.431505 31.439999 31.520679 31.519264 31.590878 31.579342 31.641474 31.619698 31.672014 31.639967 31.682224 31.639967 31.672014 31.619698 31.641474 31.579342 31.590878 31.519264 31.520679 31.439999 31.431505 31.342249 31.324148 31.226877 31.199543 31.094891 31.058775 30.947418 30.903042 30.785711 30.733650 30.611116 30.552000 30.425053 30.359552 30.229004 30.157825 30.024490 29.948360 29.813055 29.732716 29.596245 29.512438 29.375582 29.289047 29.152561 29.064026 28.928627 28.838795 28.705156 28.614698 28.483446 28.393003 28.264709 28.174877 28.050058 27.961386 27.840494 27.753481 27.636911 27.552004 27.440088 27.357679 27.250681 27.171106 27.069231 26.992771 26.896164 26.823040 26.731791 26.662172 26.576311 26.510315 26.429823 26.367516 26.292326 26.233725 26.163727 26.108809 26.043852 25.992546 25.932444 25.884651 25.829184 25.784763 25.733690 25.692474 25.645525 25.607321 25.564209 25.528795 25.489214 25.456354 25.419991 25.389427 25.355951 25.327412 25.296492 25.269690 25.240982 25.215626 25.188787 25.164570 25.139254 25.115866 25.091722 25.068844 25.045528 25.022835 25.000000 
25.000000 25.023962 25.047779 25.072252 25.096285 25.121647 25.146242 25.172869 25.198372 25.226645 25.253399 25.283695 25.312033 25.344730 25.374971 25.410446 25.442909 25.481525 25.516512 25.558634 25.596428 25.642410 25.683283 25.733463 25.777662 25.832367 25.880116 25.939650 25.991146 26.055792 26.111200 26.181211 26.240662 26.316259 26.379845 26.461214 26.528980 26.616264 26.688213 26.781507 26.857588 26.956936 27.037045 27.142439 27.226412 27.337782 27.425396 27.542610 27.633583 27.756439 27.850424 27.978657 28.075245 28.208517 28.307238 28.445141 28.545460 28.687521 28.788847 28.934517 29.036207 29.184875 29.286236 29.437229 29.537523 29.690111 29.788561 29.941961 30.037769 30.191154 30.283493 30.436001 30.524038 30.674776 30.757679 30.905739 30.982681 31.127144 31.197321 31.337275 31.399914 31.534454 31.588823 31.717079 31.762499 31.883629 31.919479 32.032692 32.058430 32.162987 32.178150 32.273384 32.277588 32.362904 32.355862 32.430759 32.412281 32.476337 32.446339 32.499229 32.457722 32.499229 32.446339 32.476337 32.412281 32.430759 32.355862 32.362904 32.277588 32.273384 32.178150 32.162987 32.058430 32.032692 31.919479 31.883627 31.762497 31.717077 31.588820 31.534451 31.399908 31.337267 31.197315 31.127134 30.982672 30.905727 30.757668 30.674761 30.524021 30.435980 30.283472 30.191128 30.037741 29.941929 29.788527 29.690067 29.537476 29.437174 29.286175 29.184805 29.036129 28.934427 28.788746 28.687407 28.545332 28.444996 28.307074 28.208332 28.075037 27.978420 27.850163 27.756142 27.633253 27.542236 27.424984 27.337318 27.225899 27.141863 27.036407 26.956223 26.856798 26.780624 26.687241 26.615179 26.527784 26.459883 26.378382 26.314634 26.238878 26.179234 26.109032 26.053394 25.988522 25.936754 25.876953 25.828882 25.773863 25.729286 25.678736 25.637421 25.591009 25.552698 25.510075 25.474489 25.435295 25.402136 25.365999 25.334953 25.301495 25.272236 25.241070 25.213264 25.184002 25.157303 25.129555 25.103605 25.076982 25.051424 25.025537 25.000000 
25.000000 25.026558 25.053482 25.080076 25.107782 25.134808 25.163712 25.191555 25.222082 25.251127 25.283695 25.314318 25.349348 25.381912 25.419825 25.454685 25.495890 25.533394 25.578299 25.618771 25.667772 25.711523 25.765011 25.812326 25.870667 25.921814 25.985357 26.040569 26.109644 26.169123 26.244026 26.307938 26.388933 26.457401 26.544716 26.617817 26.711634 26.789394 26.889845 26.972242 27.079403 27.166348 27.280241 27.371586 27.492167 27.587696 27.714849 27.814285 27.947826 28.050817 28.190487 28.296616 28.442074 28.550848 28.701681 28.812544 28.968262 29.080587 29.240618 29.353720 29.517420 29.630554 29.797209 29.909576 30.078403 30.189165 30.359322 30.467600 30.638191 30.743078 30.913162 31.013739 31.182341 31.277674 31.443790 31.532961 31.695576 31.777676 31.935766 32.009914 32.162472 32.227833 32.373875 32.429657 32.568226 32.613708 32.743896 32.778435 32.899387 32.922421 33.033360 33.044407 33.144634 33.143330 33.232231 33.218304 33.295368 33.268665 33.333481 33.293961 33.346222 33.293961 33.333481 33.268665 33.295368 33.218304 33.232231 33.143330 33.144634 33.044407 33.033360 32.922417 32.899387 32.778435 32.743893 32.613708 32.568222 32.429657 32.373871 32.227829 32.162468 32.009907 31.935757 31.777666 31.695564 31.532949 31.443775 31.277658 31.182320 31.013718 30.913137 30.743052 30.638157 30.467564 30.359280 30.189119 30.078348 29.909517 29.797140 29.630476 29.517332 29.353621 29.240505 29.080460 28.968117 28.812382 28.701498 28.550640 28.441839 28.296354 28.190189 28.050491 27.947454 27.813873 27.714384 27.587183 27.491589 27.370947 27.279526 27.165558 27.078518 26.971264 26.888754 26.788191 26.710293 26.616341 26.543077 26.455599 26.386936 26.305744 26.241598 26.166464 26.106707 26.037357 25.981817 25.917948 25.866413 25.807693 25.759920 25.705990 25.661707 25.612186 25.571095 25.525591 25.487366 25.445473 25.409777 25.371073 25.337549 25.301613 25.269894 25.236292 25.205996 25.174299 25.145035 25.114807 25.086178 25.056986 25.028585 25.000000 
25.000000 25.029510 25.058842 25.088987 25.118572 25.149817 25.180088 25.212893 25.244280 25.279108 25.312033 25.349348 25.384216 25.424484 25.461695 25.505373 25.545313 25.592854 25.635897 25.687744 25.734238 25.790827 25.841105 25.902851 25.957218 26.024519 26.083252 26.156479 26.219820 26.299322 26.367474 26.453558 26.526680 26.619617 26.697824 26.797842 26.881189 26.988459 27.076950 27.191589 27.285160 27.407223 27.505745 27.635214 27.738491 27.875280 27.983038 28.126980 28.238871 28.389721 28.505322 28.662746 28.781553 28.945139 29.066574 29.235819 29.359228 29.533546 29.658207 29.836924 29.962044 30.144409 30.269140 30.454325 30.577761 30.764868 30.886059 31.074129 31.192089 31.380108 31.493828 31.680735 31.789190 31.973892 32.076061 32.257442 32.352310 32.529247 32.615829 32.787201 32.864548 33.029247 33.096458 33.253418 33.309658 33.457848 33.502361 33.640812 33.672928 33.800735 33.819881 33.936234 33.941936 34.046108 34.038017 34.129387 34.107265 34.185326 34.149067 34.213421 34.163044 34.213421 34.149067 34.185326 34.107265 34.129387 34.038017 34.046108 33.941936 33.936234 33.819878 33.800735 33.672924 33.640812 33.502361 33.457848 33.309658 33.253414 33.096455 33.029243 32.864540 32.787193 32.615822 32.529240 32.352299 32.257427 32.076046 31.973873 31.789169 31.680710 31.493801 31.380077 31.192055 31.074089 30.886013 30.764816 30.577702 30.454258 30.269064 30.144321 29.961948 29.836811 29.658081 29.533403 29.359070 29.235638 29.066370 28.944910 28.781296 28.662455 28.504997 28.389353 28.238464 28.126520 27.982529 27.874706 27.737858 27.634502 27.504959 27.406342 27.284187 27.190502 27.075748 26.987122 26.879713 26.796202 26.696018 26.617615 26.524479 26.451118 26.364799 26.296364 26.216585 26.152908 26.079351 26.020222 25.952536 25.897699 25.835503 25.784676 25.727560 25.680426 25.627964 25.584181 25.535931 25.495131 25.450636 25.412436 25.371231 25.335228 25.296843 25.262621 25.226578 25.193714 25.159534 25.127590 25.094799 25.063330 25.031446 25.000000 
25.000000 25.032274 25.064997 25.097307 25.130985 25.163813 25.198950 25.232767 25.269873 25.305145 25.344730 25.381912 25.424484 25.464022 25.510086 25.552410 25.602467 25.647995 25.702538 25.751665 25.811174 25.864279 25.929220 25.986652 26.057474 26.119551 26.196676 26.263685 26.347506 26.419691 26.510571 26.588133 26.686384 26.769474 26.875374 26.964087 27.077850 27.172216 27.294006 27.393993 27.523899 27.629406 27.767448 27.878296 28.024418 28.140347 28.294407 28.415079 28.576851 28.701843 28.871010 28.999811 29.175962 29.307983 29.490612 29.625175 29.813686 29.950035 30.143736 30.281038 30.479145 30.616503 30.818150 30.954597 31.158833 31.293356 31.499161 31.630692 31.836983 31.964430 32.170067 32.292309 32.496109 32.612026 32.812778 32.921253 33.117725 33.217655 33.408615 33.498940 33.683167 33.762863 33.939167 34.007290 34.174515 34.230183 34.387238 34.429665 34.575516 34.604023 34.737732 34.751743 34.872467 34.871532 34.978531 34.962318 35.054974 35.023300 35.101120 35.053928 35.116547 35.053928 35.101120 35.023300 35.054974 34.962318 34.978531 34.871532 34.872467 34.751743 34.737732 34.604023 34.575516 34.429661 34.387234 34.230179 34.174511 34.007282 33.939163 33.762856 33.683159 33.498928 33.408607 33.217644 33.117714 32.921238 32.812763 32.612007 32.496086 32.292282 32.170036 31.964396 31.836945 31.630648 31.499111 31.293297 31.158768 30.954525 30.818064 30.616409 30.479036 30.280918 30.143597 29.949879 29.813511 29.624977 29.490389 29.307730 29.175678 28.999495 28.870651 28.701443 28.576401 28.414577 28.293844 28.139721 28.023714 27.877518 27.766577 27.628443 27.522823 27.392803 27.292677 27.170752 27.076220 26.962288 26.873379 26.767281 26.683952 26.585461 26.507614 26.416454 26.343931 26.259775 26.192366 26.114849 26.052298 25.981016 25.923027 25.857550 25.803793 25.743660 25.693773 25.638506 25.592098 25.541206 25.497866 25.450842 25.410135 25.366467 25.327948 25.287109 25.250315 25.211788 25.176243 25.139503 25.104723 25.069246 25.034737 25.000000 
25.000000 25.035471 25.070717 25.106956 25.142502 25.180061 25.216429 25.255865 25.293566 25.335432 25.374971 25.419825 25.461695 25.510086 25.554768 25.607244 25.655203 25.712311 25.763985 25.826258 25.882074 25.950026 26.010382 26.084511 26.149773 26.230555 26.301052 26.388935 26.464958 26.560352 26.642149 26.745420 26.833179 26.944656 27.038511 27.158459 27.258482 27.387102 27.493298 27.630728 27.743021 27.889322 28.007557 28.162710 28.286652 28.450546 28.579868 28.752304 28.886589 29.067266 29.206007 29.394529 29.537125 29.732988 29.878748 30.081350 30.229492 30.438128 30.587784 30.801645 30.951872 31.170059 31.319836 31.541355 31.689602 31.913376 32.058956 32.283836 32.425568 32.650337 32.787014 33.010406 33.140804 33.361511 33.484402 33.701092 33.815262 34.026585 34.130863 34.335480 34.428715 34.625313 34.706436 34.893730 34.961739 35.138504 35.192490 35.357567 35.396725 35.549038 35.572681 35.711258 35.718822 35.842800 35.833862 35.942501 35.916775 36.009468 35.966824 36.043106 35.983555 36.043106 35.966824 36.009468 35.916775 35.942501 35.833862 35.842800 35.718822 35.711258 35.572681 35.549034 35.396721 35.357563 35.192486 35.138500 34.961735 34.893726 34.706429 34.625305 34.428707 34.335472 34.130848 34.026573 33.815250 33.701073 33.484383 33.361488 33.140781 33.010380 32.786983 32.650303 32.425526 32.283787 32.058899 31.913313 31.689531 31.541275 31.319746 31.169954 30.951756 30.801512 30.587633 30.437956 30.229300 30.081133 29.878504 29.732712 29.536816 29.394178 29.205618 29.066826 28.886099 28.751751 28.579254 28.449858 28.285887 28.161854 28.006609 27.888262 27.741846 27.629417 27.491850 27.385490 27.256704 27.156481 27.036337 26.942242 26.830528 26.742485 26.638927 26.556793 26.461063 26.384636 26.296358 26.225384 26.144135 26.078312 26.003639 25.942623 25.874039 25.817453 25.754444 25.701876 25.643915 25.594925 25.541466 25.495592 25.446079 25.402840 25.356707 25.315605 25.272282 25.232803 25.191721 25.153341 25.113926 25.076113 25.037792 25.000000 
25.000000 25.038427 25.077398 25.115864 25.155973 25.195049 25.236897 25.277143 25.321335 25.363308 25.410446 25.454685 25.505373 25.552410 25.607244 25.657597 25.717171 25.771328 25.836229 25.894663 25.965462 26.028620 26.105865 26.174164 26.258389 26.332209 26.423910 26.503590 26.603235 26.689066 26.797079 26.889301 27.006056 27.104845 27.230665 27.336134 27.471273 27.583464 27.728106 27.846979 28.001230 28.126665 28.290548 28.422333 28.595774 28.733603 28.916433 29.059902 29.251850 29.400457 29.601143 29.754290 29.963219 30.120201 30.336773 30.496790 30.720293 30.882448 31.112059 31.275366 31.510157 31.673550 31.912485 32.074821 32.316776 32.476852 32.720615 32.877167 33.121452 33.273186 33.516640 33.662228 33.903450 34.041557 34.279118 34.408421 34.640858 34.760052 34.985905 35.093731 35.311554 35.406803 35.615189 35.696735 35.894318 35.961117 36.146599 36.197720 36.369892 36.404518 36.562263 36.579716 36.722042 36.721783 36.847816 36.829456 36.938469 36.901779 36.993187 36.938103 37.011482 36.938103 36.993187 36.901779 36.938469 36.829456 36.847816 36.721783 36.722042 36.579716 36.562263 36.404514 36.369888 36.197716 36.146595 35.961109 35.894314 35.696728 35.615185 35.406796 35.311546 35.093719 34.985893 34.760036 34.640842 34.408401 34.279099 34.041534 33.903423 33.662197 33.516605 33.273144 33.121407 32.877113 32.720558 32.476784 32.316700 32.074738 31.912386 31.673439 31.510027 31.275223 31.111895 30.882261 30.720083 30.496552 30.336506 30.119900 29.962879 29.753908 29.600714 29.399981 29.251312 29.059303 28.915760 28.732855 28.594934 28.421402 28.289507 28.125513 27.999945 27.845556 27.726519 27.581713 27.469324 27.333988 27.228283 27.102226 27.003153 26.886114 26.793554 26.685205 26.598970 26.498928 26.418770 26.326601 26.252216 26.167444 26.098482 26.020596 25.956661 25.885118 25.825781 25.760017 25.704813 25.644241 25.592682 25.536705 25.488276 25.436281 25.390448 25.341822 25.298035 25.252157 25.209848 25.166098 25.124695 25.082449 25.041363 25.000000 
25.000000 25.041906 25.083538 25.126356 25.168337 25.212717 25.255663 25.302256 25.346769 25.396231 25.442909 25.495890 25.545313 25.602467 25.655203 25.717171 25.773767 25.841190 25.902168 25.975672 26.041531 26.121723 26.192932 26.280397 26.357388 26.452684 26.535849 26.639498 26.729177 26.841661 26.938145 27.059896 27.163408 27.294804 27.405506 27.546856 27.664831 27.816374 27.941624 28.103516 28.235954 28.408262 28.547710 28.730408 28.876587 29.069540 29.222067 29.425034 29.583420 29.796049 29.959696 30.181511 30.349714 30.580124 30.752069 30.990356 31.165127 31.410460 31.587034 31.838465 32.015732 32.272194 32.448959 32.709278 32.884270 33.147182 33.319061 33.583218 33.750595 34.014561 34.176022 34.438309 34.592403 34.851475 34.996769 35.251053 35.386120 35.634037 35.757492 35.997471 36.107967 36.338459 36.434734 36.654240 36.735115 36.942196 37.006599 37.199894 37.246876 37.425129 37.453876 37.615944 37.625801 37.770676 37.761135 37.887947 37.858673 37.966717 37.917549 38.006279 37.937233 38.006279 37.917549 37.966717 37.858673 37.887947 37.761135 37.770676 37.625801 37.615944 37.453876 37.425125 37.246872 37.199890 37.006592 36.942192 36.735107 36.654236 36.434727 36.338451 36.107956 35.997463 35.757477 35.634026 35.386105 35.251034 34.996746 34.851448 34.592377 34.438274 34.175983 34.014519 33.750546 33.583164 33.318996 33.147110 32.884186 32.709183 32.448853 32.272068 32.015594 31.838306 31.586857 31.410257 31.164898 30.990099 30.751778 30.579794 30.349346 30.181095 29.959232 29.795527 29.582838 29.424381 29.221338 29.068724 28.875679 28.729391 28.546585 28.407005 28.234562 28.101963 27.939907 27.814463 27.662725 27.544516 27.402929 27.291946 27.160271 27.056419 26.934334 26.837448 26.724567 26.634411 26.530294 26.446564 26.350719 26.273064 26.184956 26.112968 26.032026 25.965258 25.890884 25.828850 25.760420 25.702604 25.639477 25.585333 25.526854 25.475813 25.421320 25.372795 25.321615 25.275002 25.226465 25.181141 25.134575 25.089912 25.044641 25.000000 
25.000000 25.045086 25.090815 25.135941 25.183008 25.228842 25.277948 25.325150 25.377003 25.426220 25.481525 25.533394 25.592854 25.647995 25.712311 25.771328 25.841190 25.904661 25.980753 26.049231 26.132219 26.206228 26.296755 26.376781 26.475464 26.561953 26.669374 26.762724 26.879425 26.979975 27.106449 27.214481 27.351164 27.466887 27.614147 27.737692 27.895828 28.027243 28.196466 28.335707 28.516134 28.663059 28.854713 29.009075 29.211868 29.373312 29.587038 29.755093 29.979431 30.153511 30.388014 30.567415 30.811502 30.995409 31.248375 31.435848 31.696854 31.886852 32.154934 32.346302 32.620373 32.811871 33.090717 33.281010 33.563316 33.750992 34.035343 34.218937 34.503830 34.681820 34.965679 35.136517 35.417709 35.579842 35.856682 36.008560 36.279354 36.419460 36.682503 36.809357 37.062965 37.175167 37.417694 37.513912 37.743774 37.822796 38.038479 38.099216 38.299313 38.340805 38.524025 38.545479 38.710655 38.711437 38.857563 38.837219 38.963444 38.921703 39.027355 38.964134 39.048725 38.964134 39.027355 38.921703 38.963444 38.837219 38.857563 38.711437 38.710655 38.545479 38.524021 38.340801 38.299313 38.099209 38.038479 37.822788 37.743767 37.513901 37.417686 37.175152 37.062958 36.809345 36.682491 36.419445 36.279339 36.008545 35.856659 35.579815 35.417679 35.136482 34.965637 34.681770 34.503780 34.218876 34.035278 33.750912 33.563225 33.280907 33.090599 32.811741 32.620220 32.346134 32.154739 31.886633 31.696606 31.435568 31.248058 30.995054 30.811102 30.566967 30.387508 30.152948 29.978798 29.754387 29.586246 29.372431 29.210882 29.007980 28.853489 28.661703 28.514622 28.334032 28.194599 28.025185 27.893538 27.735168 27.611345 27.463806 27.347750 27.210735 27.102303 26.975437 26.874411 26.757244 26.663330 26.555363 26.468208 26.368885 26.288078 26.196800 26.121880 26.038019 25.968481 25.891376 25.826675 25.755646 25.695208 25.629555 25.572777 25.511786 25.458048 25.400999 25.349651 25.295820 25.246202 25.194864 25.146299 25.096729 25.048529 25.000000 
25.000000 25.048880 25.097433 25.147381 25.196333 25.248104 25.298174 25.352524 25.404415 25.462105 25.516512 25.578299 25.635897 25.702538 25.763985 25.836229 25.902168 25.980753 26.051790 26.137445 26.214161 26.307589 26.390532 26.492409 26.582079 26.693052 26.789906 26.910580 27.015017 27.145947 27.258299 27.399988 27.520521 27.673399 27.802298 27.966722 28.104088 28.280333 28.426165 28.614405 28.768606 28.968916 29.131277 29.343618 29.513817 29.738031 29.915625 30.151426 30.335846 30.582819 30.773371 31.030960 31.226828 31.494341 31.694580 31.971182 32.174725 32.459442 32.665112 32.956841 33.163342 33.460842 33.666790 33.968700 34.172615 34.477463 34.677795 34.984009 35.179153 35.485069 35.673374 35.977264 36.157055 36.457142 36.626743 36.921200 37.078968 37.365967 37.510281 37.787998 37.917305 38.183949 38.296780 38.550606 38.645592 38.884941 38.960835 39.184132 39.239834 39.445625 39.480186 39.667160 39.679806 39.846790 39.836933 39.982929 39.950184 40.074375 40.018536 40.120300 40.041389 40.120300 40.018536 40.074375 39.950184 39.982929 39.836933 39.846790 39.679806 39.667160 39.480183 39.445625 39.239826 39.184132 38.960827 38.884937 38.645584 38.550602 38.296768 38.183941 37.917294 37.787987 37.510265 37.365952 37.078953 36.921181 36.626720 36.457111 36.157021 35.977230 35.673328 35.485020 35.179096 34.983944 34.677723 34.477379 34.172516 33.968590 33.666664 33.460697 33.163181 32.956654 32.664906 32.459206 32.174458 31.970879 31.694241 31.493958 31.226398 31.030476 30.772829 30.582209 30.335165 30.150661 29.914772 29.737078 29.512756 29.342430 29.129961 28.967445 28.766977 28.612589 28.424158 28.278099 28.101625 27.963987 27.799288 27.670057 27.516853 27.395924 27.253847 27.141024 27.009630 26.904636 26.783417 26.685902 26.574289 26.483841 26.381216 26.297361 26.203062 26.125282 26.038614 25.966343 25.886585 25.819220 25.745630 25.682533 25.614349 25.554863 25.491314 25.434753 25.375063 25.320721 25.264109 25.211264 25.156946 25.104864 25.052063 25.000000 
