25.000000 25.000000 25.000000 25.000000 25.000000 25.000000 25.000000 25.000000 25.000000 25.000000 25.000000 25.000000 25.000000 25.000000 25.000000 25.000000 25.000000 25.000000 25.000000 25.000000 25.000000 25.000000 25.000000 25.000000 25.000000 25.000000 25.000000 25.000000 25.000000 25.000000 25.000000 25.000000 25.000000 25.000000 25.000000 25.000000 25.000000 25.000000 25.000000 25.000000 25.000000 25.000000 25.000000 25.000000 25.000000 25.000000 25.000000 25.000000 25.000000 25.000000 25.000000 25.000000 25.000000 25.000000 25.000000 25.000000 25.000000 25.000000 25.000000 25.000000 25.000000 25.000000 25.000000 25.000000 25.000000 25.000000 25.000000 25.000000 25.000000 25.000000 25.000000 25.000000 25.000000 25.000000 25.000000 25.000000 25.000000 25.000000 25.000000 25.000000 25.000000 25.000000 25.000000 25.000000 25.000000 25.000000 25.000000 25.000000 25.000000 25.000000 25.000000 25.000000 25.000000 25.000000 25.000000 25.000000 25.000000 25.000000 25.000000 25.000000 25.000000 25.000000 25.000000 25.000000 25.000000 25.000000 25.000000 25.000000 25.000000 25.000000 25.000000 25.000000 25.000000 25.000000 25.000000 25.000000 25.000000 25.000000 25.000000 25.000000 25.000000 25.000000 25.000000 25.000000 25.000000 25.000000 25.000000 25.000000 25.000000 25.000000 25.000000 25.000000 25.000000 25.000000 25.000000 25.000000 25.000000 25.000000 25.000000 25.000000 25.000000 25.000000 25.000000 25.000000 25.000000 25.000000 25.000000 25.000000 25.000000 25.000000 25.000000 25.000000 25.000000 25.000000 25.000000 25.000000 25.000000 25.000000 25.000000 25.000000 25.000000 25.000000 25.000000 25.000000 25.000000 25.000000 25.000000 25.000000 25.000000 25.000000 25.000000 25.000000 25.000000 25.000000 25.000000 25.000000 25.000000 25.000000 25.000000 25.000000 25.000000 25.000000 25.000000 25.000000 25.000000 25.000000 25.000000 25.000000 25.000000 25.000000 25.000000 25.000000 25.000000 25.000000 25.000000 25.000000 25.000000 25.000000 25.000000 25.000000 
25.000000 25.003658 25.007359 25.011015 25.014801 25.018490 25.022406 25.026167 25.030252 25.034122 25.038418 25.042435 25.046982 25.051178 25.056019 25.060427 25.065599 25.070253 25.075794 25.080723 25.086666 25.091898 25.098278 25.103836 25.110685 25.116590 25.123934 25.130209 25.138075 25.144730 25.153139 25.160185 25.169157 25.176600 25.186150 25.193993 25.204128 25.212366 25.223093 25.231716 25.243034 25.252031 25.263931 25.273283 25.285757 25.295435 25.308462 25.318438 25.331993 25.342230 25.356283 25.366737 25.381250 25.391874 25.406805 25.417547 25.432844 25.443644 25.459253 25.470047 25.485905 25.496626 25.512667 25.523245 25.539396 25.549757 25.565943 25.576010 25.592148 25.601845 25.617855 25.627102 25.642899 25.651615 25.667112 25.675224 25.690336 25.697765 25.712404 25.719078 25.733160 25.739010 25.752455 25.757416 25.770142 25.774155 25.786087 25.789101 25.800171 25.802137 25.812281 25.813164 25.822325 25.822092 25.830221 25.828854 25.835907 25.833389 25.839336 25.835669 25.840483 25.835669 25.839336 25.833389 25.835907 25.828854 25.830221 25.822092 25.822325 25.813164 25.812281 25.802137 25.800169 25.789099 25.786085 25.774155 25.770140 25.757414 25.752453 25.739008 25.733158 25.719074 25.712400 25.697762 25.690332 25.675219 25.667109 25.651609 25.642893 25.627092 25.617847 25.601835 25.592138 25.575998 25.565929 25.549742 25.539379 25.523228 25.512646 25.496603 25.485880 25.470018 25.459221 25.443609 25.432806 25.417503 25.406759 25.391823 25.381193 25.366673 25.356211 25.342150 25.331905 25.318340 25.308355 25.295319 25.285627 25.273142 25.263777 25.251860 25.242846 25.231512 25.222866 25.212120 25.203859 25.193699 25.185829 25.176250 25.168774 25.159769 25.152685 25.144236 25.137537 25.129627 25.123302 25.115910 25.109941 25.103039 25.097410 25.090965 25.085655 25.079639 25.074619 25.068996 25.064240 25.058973 25.054449 25.049501 25.045177 25.040508 25.036348 25.031918 25.027887 25.023651 25.019712 25.015633 25.011744 25.007776 25.003901 25.000000 
25.000000 25.007359 25.014673 25.022161 25.029505 25.037209 25.044657 25.052660 25.060289 25.068676 25.076561 25.085411 25.093622 25.103016 25.111622 25.121641 25.130707 25.141426 25.151014 25.162504 25.172670 25.185003 25.195801 25.209042 25.220514 25.234720 25.246910 25.262136 25.275078 25.291372 25.305086 25.322489 25.336994 25.355539 25.370844 25.390554 25.406654 25.427546 25.444431 25.466505 25.484152 25.507404 25.525780 25.550190 25.569250 25.594790 25.614477 25.641100 25.661346 25.689001 25.709728 25.738342 25.759460 25.788954 25.810360 25.840641 25.862223 25.893183 25.914820 25.946342 25.967903 25.999857 26.021204 26.053452 26.074438 26.106833 26.127306 26.159689 26.179499 26.211708 26.230696 26.262564 26.280569 26.311922 26.328793 26.359459 26.375038 26.404846 26.418987 26.447762 26.460321 26.487898 26.498741 26.524958 26.533962 26.558664 26.565716 26.588760 26.593760 26.615011 26.617876 26.637215 26.637877 26.655195 26.653601 26.668806 26.664923 26.677942 26.671753 26.682529 26.674036 26.682529 26.671753 26.677942 26.664923 26.668806 26.653601 26.655195 26.637877 26.637215 26.617876 26.615011 26.593758 26.588758 26.565714 26.558662 26.533958 26.524956 26.498737 26.487894 26.460316 26.447756 26.418980 26.404839 26.375031 26.359449 26.328781 26.311911 26.280556 26.262548 26.230679 26.211691 26.179478 26.159666 26.127281 26.106802 26.074406 26.053415 26.021162 25.999813 25.967852 25.946285 25.914757 25.893114 25.862146 25.840555 25.810265 25.788849 25.759344 25.738213 25.709585 25.688841 25.661173 25.640907 25.614264 25.594555 25.568993 25.549906 25.525469 25.507061 25.483776 25.466093 25.443981 25.427050 25.406116 25.389963 25.370199 25.354836 25.336229 25.321653 25.304180 25.290382 25.274006 25.260971 25.245651 25.233349 25.219038 25.207434 25.194073 25.183128 25.170656 25.160322 25.148674 25.138893 25.127996 25.118713 25.108494 25.099644 25.090021 25.081537 25.072433 25.064241 25.055573 25.047602 25.039286 25.031458 25.023409 25.015644 25.007776 25.000000 
25.000000 25.011015 25.022161 25.033163 25.044569 25.055672 25.067465 25.078783 25.091089 25.102737 25.115681 25.127764 25.141466 25.154093 25.168674 25.181944 25.197519 25.211529 25.228210 25.243048 25.260944 25.276691 25.295904 25.312634 25.333254 25.351034 25.373148 25.392031 25.415716 25.435745 25.461069 25.482275 25.509293 25.531694 25.560448 25.584051 25.614569 25.639362 25.671658 25.697617 25.731689 25.758768 25.794598 25.822744 25.860292 25.889427 25.928640 25.958670 25.999475 26.030287 26.072590 26.104059 26.147747 26.179729 26.224670 26.257006 26.303051 26.335560 26.382538 26.415033 26.462761 26.495039 26.543316 26.575161 26.623770 26.654963 26.703671 26.733980 26.782551 26.811743 26.859926 26.887764 26.935303 26.961550 27.008186 27.032610 27.078083 27.100454 27.144505 27.164604 27.206978 27.224600 27.265047 27.279995 27.318281 27.330376 27.366276 27.375360 27.408663 27.414598 27.445114 27.447786 27.475342 27.474661 27.499107 27.495007 27.516220 27.508661 27.526543 27.515518 27.529993 27.515518 27.526543 27.508661 27.516220 27.495007 27.499107 27.474659 27.475342 27.447786 27.445112 27.414598 27.408661 27.375357 27.366272 27.330374 27.318277 27.279989 27.265041 27.224592 27.206970 27.164597 27.144495 27.100443 27.078070 27.032597 27.008171 26.961533 26.935284 26.887741 26.859903 26.811716 26.782520 26.733946 26.703632 26.654919 26.623720 26.575108 26.543255 26.494970 26.462687 26.414948 26.382444 26.335455 26.302935 26.256876 26.224529 26.179571 26.147572 26.103865 26.072374 26.030048 25.999210 25.958378 25.928320 25.889074 25.859903 25.822317 25.794128 25.758255 25.731121 25.696999 25.670977 25.638622 25.613754 25.583166 25.559477 25.530640 25.508139 25.481024 25.459700 25.434263 25.414101 25.390284 25.371244 25.348982 25.331022 25.310230 25.293293 25.273886 25.257902 25.239782 25.224674 25.207739 25.193424 25.177565 25.163946 25.149046 25.136028 25.121967 25.109447 25.096102 25.083967 25.071215 25.059353 25.047066 25.035362 25.023411 25.011745 25.000000 
25.000000 25.014801 25.029505 25.044569 25.059330 25.074827 25.089800 25.105902 25.121239 25.138107 25.153957 25.171761 25.188265 25.207165 25.224463 25.244616 25.262840 25.284397 25.303673 25.326780 25.347219 25.372021 25.393726 25.420349 25.443415 25.471981 25.496487 25.527103 25.553118 25.585880 25.613449 25.648443 25.677601 25.714888 25.745651 25.785282 25.817646 25.859648 25.893589 25.937969 25.973442 26.020187 26.057127 26.106199 26.144514 26.195850 26.235428 26.288944 26.329647 26.385231 26.426901 26.484413 26.526869 26.586147 26.629185 26.690041 26.733433 26.795654 26.839155 26.902502 26.945852 27.010069 27.052986 27.117790 27.159986 27.225080 27.266251 27.331320 27.371155 27.435873 27.474056 27.538082 27.574297 27.637289 27.671219 27.732830 27.764170 27.824049 27.852497 27.910303 27.935574 27.990967 28.012793 28.065451 28.083578 28.133192 28.147398 28.193676 28.203760 28.246435 28.252230 28.291058 28.292425 28.327192 28.324026 28.354549 28.346781 28.372910 28.360506 28.382128 28.365095 28.382128 28.360506 28.372910 28.346779 28.354548 28.324024 28.327190 28.292423 28.291058 28.252230 28.246433 28.203758 28.193672 28.147394 28.133188 28.083572 28.065443 28.012783 27.990959 27.935562 27.910292 27.852484 27.824036 27.764153 27.732813 27.671200 27.637266 27.574270 27.538055 27.474024 27.435837 27.371115 27.331274 27.266199 27.225023 27.159922 27.117718 27.052906 27.009977 26.945751 26.902390 26.839029 26.795513 26.733276 26.689869 26.628992 26.585936 26.526634 26.484154 26.426613 26.384912 26.329294 26.288555 26.235001 26.195377 26.143995 26.105627 26.056501 26.019497 25.972689 25.937138 25.892683 25.858650 25.816563 25.784092 25.744358 25.713472 25.676064 25.646761 25.611628 25.583891 25.550964 25.524757 25.493952 25.469223 25.440443 25.417118 25.390249 25.368248 25.343166 25.322392 25.298964 25.279305 25.257389 25.238728 25.218172 25.200380 25.181026 25.163969 25.145658 25.129190 25.111755 25.095730 25.079000 25.063263 25.047071 25.031464 25.015636 25.000000 
25.000000 25.018490 25.037209 25.055672 25.074827 25.093460 25.113268 25.132261 25.152929 25.172474 25.194210 25.214487 25.237499 25.258686 25.283173 25.305439 25.331593 25.355101 25.383110 25.408010 25.438055 25.464481 25.496733 25.524809 25.559422 25.589260 25.626379 25.658068 25.697823 25.731436 25.773939 25.809526 25.854870 25.892464 25.940718 25.980330 26.031542 26.073151 26.127346 26.170906 26.228081 26.273527 26.333647 26.380878 26.443882 26.492773 26.558567 26.608961 26.677420 26.729132 26.800100 26.852915 26.926205 26.979879 27.055269 27.109535 27.186771 27.241335 27.320135 27.374676 27.454729 27.508905 27.589872 27.643330 27.724850 27.777212 27.858896 27.909781 27.991230 28.040241 28.121035 28.167776 28.247486 28.291561 28.369755 28.410770 28.487009 28.524586 28.598434 28.632204 28.703234 28.732847 28.800646 28.825775 28.889944 28.910292 28.970453 28.985752 29.041557 29.051575 29.102701 29.107248 29.153408 29.152328 29.193274 29.186459 29.221979 29.209366 29.239296 29.220865 29.245083 29.220865 29.239296 29.209366 29.221979 29.186457 29.193272 29.152327 29.153406 29.107246 29.102699 29.051575 29.041553 28.985748 28.970449 28.910286 28.889936 28.825766 28.800636 28.732834 28.703222 28.632189 28.598419 28.524569 28.486988 28.410748 28.369728 28.291533 28.247456 28.167740 28.120995 28.040195 27.991179 27.909723 27.858833 27.777140 27.724768 27.643240 27.589771 27.508793 27.454601 27.374535 27.319977 27.241159 27.186577 27.109318 27.055029 26.979612 26.925909 26.852589 26.799738 26.728731 26.676977 26.608473 26.558029 26.492182 26.443228 26.380163 26.332857 26.272663 26.227129 26.169868 26.126204 26.071905 26.030174 25.978842 25.939089 25.890694 25.852932 25.807425 25.771641 25.728947 25.695108 25.655134 25.623184 25.585812 25.555674 25.520773 25.492348 25.459768 25.432945 25.402525 25.377174 25.348740 25.324717 25.298084 25.275234 25.250212 25.228369 25.204754 25.183744 25.161333 25.140970 25.119553 25.099648 25.079012 25.059368 25.039299 25.019720 25.000000 
25.000000 25.022406 25.044657 25.067465 25.089800 25.113268 25.135921 25.160299 25.183504 25.209047 25.233027 25.259983 25.284954 25.313566 25.339739 25.370247 25.397818 25.430450 25.459612 25.494591 25.525513 25.563051 25.595888 25.636181 25.671078 25.714306 25.751385 25.797712 25.837069 25.886644 25.928354 25.981302 26.025415 26.081829 26.128372 26.188328 26.237293 26.300831 26.352184 26.419317 26.472988 26.543694 26.599583 26.673805 26.731775 26.809420 26.869299 26.950235 27.011820 27.095877 27.158928 27.245897 27.310137 27.399773 27.464893 27.556908 27.622568 27.716642 27.782471 27.878242 27.943844 28.040922 28.105875 28.203838 28.267700 28.366095 28.428410 28.526762 28.587059 28.684874 28.742676 28.839439 28.894268 28.989462 29.040842 29.133940 29.181404 29.271881 29.314976 29.402309 29.440603 29.524286 29.557373 29.636915 29.664413 29.739347 29.760918 29.830805 29.846148 29.910583 29.919439 29.978056 29.980219 30.032694 30.028004 30.074059 30.062412 30.101822 30.083168 30.115759 30.090105 30.115759 30.083168 30.101822 30.062410 30.074059 30.028002 30.032692 29.980217 29.978054 29.919437 29.910582 29.846144 29.830801 29.760912 29.739342 29.664404 29.636904 29.557360 29.524273 29.440588 29.402292 29.314957 29.271858 29.181381 29.133913 29.040812 28.989429 28.894230 28.839396 28.742626 28.684816 28.586998 28.526693 28.428331 28.366009 28.267603 28.203728 28.105753 28.040787 27.943691 27.878071 27.782280 27.716429 27.622332 27.556646 27.464602 27.399450 27.309780 27.245502 27.158491 27.095394 27.011288 26.949646 26.868652 26.808702 26.730989 26.672937 26.598635 26.542648 26.471846 26.418058 26.350813 26.299324 26.235651 26.186525 26.126415 26.079685 26.023087 25.978754 25.925596 25.883631 25.833809 25.794159 25.747547 25.710131 25.666576 25.631289 25.590626 25.557339 25.519377 25.487944 25.452482 25.422741 25.389565 25.361332 25.330212 25.303295 25.273994 25.248188 25.220463 25.195549 25.169149 25.144901 25.119574 25.095760 25.071245 25.047626 25.023664 25.000000 
25.000000 25.026167 25.052660 25.078783 25.105902 25.132261 25.160299 25.187170 25.216427 25.244074 25.274845 25.303528 25.336102 25.366072 25.400728 25.432226 25.469240 25.502493 25.542131 25.577351 25.619867 25.657248 25.702881 25.742594 25.791567 25.833771 25.886286 25.931107 25.987347 26.034889 26.095011 26.145350 26.209484 26.262661 26.330908 26.386936 26.459364 26.518217 26.594856 26.656475 26.737320 26.801605 26.886610 26.953423 27.042498 27.111658 27.204674 27.275959 27.372738 27.445889 27.546209 27.620922 27.724516 27.800449 27.907003 27.983776 28.092934 28.170128 28.281488 28.358654 28.471779 28.548437 28.662844 28.738487 28.853666 28.927767 29.043171 29.115185 29.230247 29.299618 29.413748 29.479914 29.592505 29.654905 29.765343 29.823427 29.931091 29.984320 30.088598 30.136446 30.236738 30.278715 30.374430 30.410076 30.500654 30.529543 30.614454 30.636211 30.714956 30.729254 30.801384 30.807947 30.873055 30.871668 30.929401 30.919910 30.969976 30.952290 30.994452 30.968544 31.002632 30.968544 30.994452 30.952288 30.969975 30.919909 30.929401 30.871666 30.873053 30.807943 30.801382 30.729250 30.714954 30.636206 30.614447 30.529533 30.500645 30.410063 30.374416 30.278698 30.236719 30.136425 30.088575 29.984293 29.931065 29.823395 29.765306 29.654865 29.592459 29.479862 29.413691 29.299555 29.230175 29.115105 29.043079 28.927664 28.853550 28.738358 28.662699 28.548275 28.471598 28.358454 28.281265 28.169878 28.092657 27.983469 27.906662 27.800072 27.724096 27.620461 27.545694 27.445324 27.372110 27.275269 27.203911 27.110819 27.041573 26.952408 26.885492 26.800383 26.735973 26.655005 26.593239 26.516455 26.457428 26.384830 26.328600 26.260153 26.206739 26.142372 26.091757 26.031368 25.983503 25.926954 25.881760 25.828890 25.786259 25.736879 25.696672 25.650574 25.612633 25.569586 25.533726 25.493486 25.459507 25.421814 25.389492 25.354074 25.323177 25.289753 25.260031 25.228308 25.199499 25.169184 25.141024 25.111813 25.084021 25.055613 25.027908 25.000000 
25.000000 25.030252 25.060289 25.091089 25.121239 25.152929 25.183504 25.216427 25.247746 25.282238 25.314600 25.351000 25.384697 25.423332 25.458651 25.499842 25.537048 25.581106 25.620455 25.667675 25.709400 25.760071 25.804382 25.858765 25.905855 25.964197 26.014227 26.076750 26.129854 26.196751 26.253033 26.324472 26.383997 26.460110 26.522913 26.603796 26.669868 26.755577 26.824873 26.915424 26.987848 27.083210 27.158627 27.258724 27.336952 27.441658 27.522463 27.631599 27.714708 27.828045 27.913132 28.030388 28.117083 28.237923 28.325809 28.449850 28.538467 28.665272 28.754124 28.883207 28.971758 29.102592 29.190273 29.322289 29.408504 29.541090 29.625225 29.757742 29.839163 29.970943 30.049004 30.179359 30.253418 30.381647 30.451061 30.576452 30.640593 30.762440 30.820696 30.938297 30.990084 31.102755 31.147526 31.254604 31.291849 31.392708 31.421965 31.516014 31.536879 31.623569 31.635695 31.714539 31.717640 31.788198 31.782064 31.843966 31.828455 31.881395 31.856438 31.900185 31.865789 31.900185 31.856438 31.881395 31.828453 31.843966 31.782063 31.788197 31.717638 31.714535 31.635691 31.623568 31.536873 31.516008 31.421957 31.392698 31.291836 31.254591 31.147509 31.102736 30.990063 30.938272 30.820667 30.762409 30.640560 30.576416 30.451019 30.381601 30.253366 30.179302 30.048939 29.970869 29.839079 29.757650 29.625120 29.540974 29.408371 29.322140 29.190105 29.102407 28.971550 28.882977 28.753866 28.664986 28.538149 28.449495 28.325417 28.237488 28.116600 28.029854 27.912542 27.827391 27.713987 27.630802 27.521587 27.440689 27.335890 27.257553 27.157345 27.081797 26.986303 26.913723 26.823019 26.753540 26.667648 26.601360 26.520266 26.457211 26.380850 26.321030 26.249304 26.192678 26.125450 26.071947 26.009045 25.958553 25.899775 25.852156 25.797274 25.752354 25.701115 25.658697 25.610828 25.570692 25.525902 25.487803 25.445786 25.409460 25.369900 25.335070 25.297636 25.264008 25.228361 25.195633 25.161432 25.129288 25.096186 25.064302 25.031950 25.000000 
25.000000 25.034122 25.068676 25.102737 25.138107 25.172474 25.209047 25.244074 25.282238 25.318277 25.358410 25.395800 25.438280 25.477346 25.522541 25.563597 25.611866 25.655207 25.706890 25.752794 25.808226 25.856943 25.916433 25.968195 26.032030 26.087034 26.155483 26.213898 26.287195 26.349155 26.427507 26.493111 26.576683 26.645985 26.734909 26.807928 26.902288 26.978991 27.078829 27.159138 27.264446 27.348228 27.458946 27.546024 27.662035 27.752174 27.873304 27.966219 28.092237 28.187586 28.318205 28.415592 28.550465 28.649445 28.788158 28.888237 29.030329 29.130962 29.275909 29.376513 29.523741 29.623690 29.772575 29.871208 30.021084 30.117716 30.267874 30.361795 30.511492 30.601978 30.750446 30.836765 30.983217 31.064644 31.208277 31.284090 31.424101 31.493599 31.629189 31.691690 31.822075 31.876938 32.001358 32.047985 32.165703 32.203541 32.313869 32.342426 32.444725 32.463573 32.557251 32.566036 32.650562 32.649002 32.723927 32.711811 32.776749 32.753967 32.808617 32.775131 32.819267 32.775131 32.808617 32.753967 32.776749 32.711811 32.723923 32.648998 32.650558 32.566029 32.557247 32.463570 32.444717 32.342419 32.313862 32.203526 32.165691 32.047966 32.001339 31.876917 31.822052 31.691662 31.629158 31.493565 31.424065 31.284050 31.208231 31.064592 30.983158 30.836700 30.750372 30.601892 30.511396 30.361687 30.267754 30.117582 30.020935 29.871040 29.772387 29.623478 29.523506 29.376251 29.275618 29.130636 29.029968 28.887835 28.787712 28.648951 28.549915 28.414988 28.317535 28.186846 28.091419 27.965317 27.872309 27.751080 27.660826 27.544701 27.457487 27.346632 27.262686 27.157217 27.076717 26.976690 26.899761 26.805178 26.731895 26.642712 26.573099 26.489223 26.423260 26.344561 26.282181 26.208481 26.149580 26.080667 26.025105 25.960737 25.908333 25.848238 25.798784 25.742664 25.695923 25.643457 25.599165 25.550016 25.507885 25.461699 25.421423 25.377832 25.339085 25.297714 25.260157 25.220619 25.183905 25.145805 25.109570 25.072521 25.036394 25.000000 
25.000000 25.038418 25.076561 25.115681 25.153957 25.194210 25.233027 25.274845 25.314600 25.358410 25.399488 25.445717 25.488493 25.537556 25.582386 25.634691 25.681917 25.737856 25.787798 25.847750 25.900705 25.965029 26.021269 26.090298 26.150063 26.224110 26.287601 26.366949 26.434341 26.519234 26.590658 26.681303 26.756845 26.853411 26.933111 27.035719 27.119570 27.228291 27.316231 27.431080 27.522993 27.643934 27.739647 27.866579 27.965860 28.098625 28.201183 28.339552 28.445034 28.588715 28.696712 28.845348 28.955389 29.108557 29.220114 29.377323 29.489815 29.650511 29.763306 29.926876 30.039299 30.205069 30.316397 30.483646 30.593126 30.761084 30.867931 31.035784 31.139200 31.306101 31.405268 31.570345 31.664446 31.826807 31.915031 32.073780 32.155331 32.309570 32.383667 32.532509 32.598415 32.740993 32.798016 32.933495 32.980984 33.108562 33.145939 33.264874 33.291615 33.401215 33.416885 33.516529 33.520763 33.609901 33.602432 33.680595 33.661240 33.728039 33.696712 33.751858 33.708569 33.751858 33.696712 33.728039 33.661240 33.680592 33.602432 33.609898 33.520763 33.516525 33.416878 33.401211 33.291607 33.264866 33.145924 33.108551 32.980968 32.933475 32.797997 32.740974 32.598389 32.532478 32.383633 32.309532 32.155289 32.073734 31.914980 31.826750 31.664379 31.570271 31.405182 31.306005 31.139093 31.035666 30.867798 30.760933 30.592958 30.483458 30.316185 30.204834 30.039034 29.926582 29.762980 29.650146 29.489408 29.376873 29.219614 29.108002 28.954777 28.844669 28.695961 28.587885 28.444118 28.338539 28.200069 28.097395 27.964510 27.865091 27.738016 27.642138 27.521029 27.428919 27.313871 27.225698 27.116749 27.032623 26.929747 26.849726 26.752846 26.676928 26.585918 26.514057 26.428747 26.360847 26.281017 26.216938 26.142336 26.081900 26.012234 25.955225 25.890177 25.836342 25.775568 25.724625 25.667755 25.619396 25.566044 25.519936 25.469696 25.425484 25.377941 25.335253 25.289980 25.248432 25.204992 25.164183 25.122139 25.081659 25.040571 25.000000 
25.000000 25.042435 25.085411 25.127764 25.171761 25.214487 25.259983 25.303528 25.351000 25.395800 25.445717 25.492195 25.545027 25.593588 25.649792 25.700825 25.760843 25.814714 25.878975 25.936029 26.004940 26.065491 26.139441 26.203772 26.283115 26.351475 26.436543 26.509140 26.600225 26.677227 26.774580 26.856110 26.959940 27.046068 27.156534 27.247280 27.364489 27.459812 27.583811 27.683617 27.814394 27.918522 28.056002 28.164227 28.308264 28.420296 28.570677 28.686157 28.842594 28.961103 29.123234 29.244282 29.411673 29.534706 29.706850 29.831255 30.007572 30.132673 30.312515 30.437592 30.620241 30.744514 30.929201 31.051851 31.237745 31.357922 31.544142 31.660965 31.846592 31.959164 32.143246 32.250656 32.432213 32.533558 32.711597 32.805988 32.979511 33.066071 33.234089 33.311977 33.473518 33.541939 33.696056 33.754261 33.900047 33.947353 34.083958 34.119755 34.246376 34.270130 34.386040 34.397308 34.501858 34.500290 34.592915 34.578255 34.658478 34.630581 34.698029 34.656853 34.711250 34.656853 34.698029 34.630581 34.658478 34.578255 34.592911 34.500290 34.501858 34.397305 34.386036 34.270123 34.246368 34.119743 34.083946 33.947338 33.900032 33.754238 33.696033 33.541912 33.473492 33.311947 33.234055 33.066032 32.979465 32.805939 32.711540 32.533497 32.432140 32.250572 32.143150 31.959057 31.846476 31.660831 31.543993 31.357754 31.237558 31.051641 30.928967 30.744251 30.619949 30.437263 30.312151 30.132269 30.007120 29.830755 29.706293 29.534092 29.410990 29.243528 29.122398 28.960182 28.841576 28.685036 28.569435 28.418932 28.306761 28.162577 28.054186 27.916533 27.812206 27.681225 27.581181 27.456945 27.361340 27.243856 27.152781 27.041992 26.955479 26.851274 26.769293 26.671509 26.593983 26.502398 26.429193 26.343552 26.274494 26.194490 26.129360 26.054657 25.993193 25.923424 25.865328 25.800097 25.745041 25.683928 25.631557 25.574123 25.524055 25.469843 25.421677 25.370220 25.323530 25.274353 25.228704 25.181320 25.136265 25.090185 25.045261 25.000000 
25.000000 25.046982 25.093622 25.141466 25.188265 25.237499 25.284954 25.336102 25.384697 25.438280 25.488493 25.545027 25.597311 25.657307 25.712101 25.776054 25.833776 25.902164 25.963203 26.036489 26.101210 26.179831 26.248560 26.332926 26.405960 26.496447 26.574038 26.670988 26.753344 26.857058 26.944336 27.055067 27.147379 27.265329 27.362722 27.488039 27.590504 27.723270 27.830732 27.970966 28.083286 28.230942 28.347904 28.502859 28.624186 28.786242 28.911573 29.080452 29.209362 29.384708 29.516695 29.698069 29.832558 30.019440 30.155790 30.347580 30.485085 30.681107 30.818991 31.018496 31.155937 31.358101 31.494219 31.698162 31.832037 32.036816 32.167496 32.372120 32.498619 32.702061 32.823391 33.024578 33.139740 33.337589 33.445591 33.639008 33.738876 33.926769 34.017555 34.198845 34.279648 34.453274 34.523243 34.688187 34.746536 34.901825 34.947842 35.092567 35.125622 35.258942 35.278492 35.399654 35.405262 35.513592 35.504925 35.599854 35.576687 35.657749 35.619976 35.686813 35.634445 35.686813 35.619976 35.657749 35.576687 35.599854 35.504921 35.513592 35.405258 35.399651 35.278488 35.258938 35.125610 35.092560 34.947826 34.901810 34.746517 34.688164 34.523216 34.453243 34.279617 34.198807 34.017517 33.926723 33.738823 33.638954 33.445526 33.337521 33.139656 33.024487 32.823284 32.701946 32.498489 32.371975 32.167332 32.036633 31.831829 31.697931 31.493959 31.357813 31.155613 31.018135 30.818590 30.680660 30.484587 30.347029 30.155178 30.018759 29.831808 29.697235 29.515776 29.383690 29.208242 29.079212 28.910210 28.784735 28.622530 28.501036 28.345907 28.228741 28.080879 27.968321 27.827843 27.720097 27.587049 27.484247 27.358604 27.260817 27.142485 27.049713 26.938538 26.850723 26.746496 26.663519 26.565977 26.487669 26.396503 26.322647 26.237505 26.167831 26.088326 26.022530 25.948238 25.885975 25.816448 25.757341 25.692108 25.635750 25.574318 25.520275 25.462135 25.409954 25.354586 25.303791 25.250666 25.200771 25.149353 25.099857 25.049610 25.000000 
25.000000 25.051178 25.103016 25.154093 25.207165 25.258686 25.313566 25.366072 25.423332 25.477346 25.537556 25.593588 25.657307 25.715849 25.783627 25.845146 25.917515 25.982454 26.059931 26.128704 26.211777 26.284760 26.373898 26.451433 26.547062 26.629452 26.731966 26.819464 26.929213 27.022017 27.139305 27.237564 27.362642 27.466442 27.599499 27.708862 27.850023 27.964905 28.114227 28.234510 28.391975 28.517469 28.682985 28.813417 28.986809 29.121834 29.302839 29.442024 29.630297 29.773138 29.968241 30.114147 30.315556 30.463863 30.670965 30.820938 31.033035 31.183859 31.400169 31.550972 31.770636 31.920485 32.142567 32.290482 32.513985 32.658936 32.882805 33.023735 33.246857 33.382687 33.603920 33.733551 33.951717 34.074070 34.287971 34.401966 34.610413 34.714996 34.916794 35.010956 35.204933 35.287716 35.472740 35.543243 35.718224 35.775627 35.939533 35.983101 36.134979 36.164066 36.303043 36.317116 36.442410 36.441044 36.551975 36.534863 36.630871 36.597832 36.678463 36.629444 36.694370 36.629444 36.678463 36.597832 36.630871 36.534863 36.551975 36.441036 36.442406 36.317108 36.303040 36.164055 36.134972 35.983086 35.939522 35.775604 35.718204 35.543217 35.472713 35.287685 35.204899 35.010918 34.916748 34.714947 34.610359 34.401905 34.287903 34.073990 33.951630 33.733448 33.603806 33.382557 33.246716 33.023575 32.882626 32.658733 32.513760 32.290226 32.142284 31.920166 31.770281 31.550577 31.399729 31.183369 31.032490 30.820333 30.670294 30.463121 30.314732 30.113237 29.967230 29.772026 29.629065 29.440670 29.301340 29.120186 28.984991 28.811426 28.680790 28.515066 28.389330 28.231623 28.111050 27.961445 27.846220 27.704729 27.594965 27.461523 27.357254 27.231728 27.132923 27.015112 26.921675 26.811321 26.723093 26.619886 26.536654 26.440231 26.361729 26.271683 26.197598 26.113487 26.043461 25.964811 25.898447 25.824755 25.761623 25.692362 25.632002 25.566622 25.508549 25.446487 25.390194 25.330875 25.275833 25.218678 25.164345 25.108767 25.054588 25.000000 
25.000000 25.056019 25.111622 25.168674 25.224463 25.283173 25.339739 25.400728 25.458651 25.522541 25.582386 25.649792 25.712101 25.783627 25.848927 25.925158 25.993942 26.075453 26.148188 26.235525 26.312641 26.406324 26.488214 26.588730 26.675747 26.783541 26.875986 26.991465 27.089582 27.213102 27.317085 27.448944 27.558920 27.699360 27.815388 27.964579 28.086649 28.244690 28.372713 28.539623 28.673435 28.849155 28.988501 29.172886 29.317432 29.510241 29.659565 29.860468 30.014059 30.222628 30.379892 30.595604 30.755857 30.978092 31.140575 31.368618 31.532486 31.765532 31.929867 32.167023 32.330841 32.571129 32.733391 32.975758 33.135368 33.378696 33.534523 33.777630 33.928505 34.170166 34.314907 34.553860 34.691277 34.926231 35.055149 35.284798 35.404057 35.627102 35.735580 35.950741 36.047363 36.253380 36.337132 36.532799 36.602745 36.786907 36.842201 37.013783 37.053665 37.211666 37.235504 37.379025 37.386288 37.514538 37.504833 37.617130 37.590187 37.685989 37.641678 37.720554 37.658886 37.720554 37.641678 37.685989 37.590187 37.617130 37.504826 37.514538 37.386280 37.379021 37.235497 37.211658 37.053654 37.013767 36.842182 36.786892 36.602722 36.532776 36.337101 36.253345 36.047321 35.950699 35.735531 35.627048 35.403996 35.284729 35.055069 34.926144 34.691177 34.553749 34.314781 34.170029 33.928349 33.777458 33.534325 33.378475 33.135120 32.975483 32.733082 32.570782 32.330456 32.166592 31.929388 31.764997 31.531893 31.367958 31.139845 30.977282 30.754961 30.594608 30.378794 30.221411 30.012720 29.858986 29.657934 29.508440 29.315456 29.170708 28.986116 28.846527 28.670563 28.536463 28.369267 28.240900 28.082525 27.960052 27.810472 27.693972 27.553078 27.442553 27.310163 27.205540 27.081409 26.982550 26.866365 26.773067 26.664463 26.576464 26.475023 26.392006 26.297268 26.218868 26.130331 26.056139 25.973270 25.902836 25.825075 25.757912 25.684675 25.620268 25.550951 25.488756 25.422739 25.362196 25.298849 25.239374 25.178064 25.119059 25.059149 25.000000 
25.000000 25.060427 25.121641 25.181944 25.244616 25.305439 25.370247 25.432226 25.499842 25.563597 25.634691 25.700825 25.776054 25.845146 25.925158 25.997761 26.083183 26.159817 26.251255 26.332409 26.430441 26.516560 26.621733 26.713221 26.826036 26.923250 27.044172 27.147408 27.276848 27.386341 27.524656 27.640583 27.788063 27.910524 28.067390 28.196417 28.362816 28.498352 28.674349 28.816257 29.001829 29.149887 29.344919 29.498806 29.703093 29.862400 30.075628 30.239851 30.461613 30.630152 30.859928 31.032095 31.269266 31.444279 31.688120 31.865107 32.114796 32.292805 32.547417 32.725418 32.983944 33.160835 33.422173 33.596802 33.859776 34.030933 34.294296 34.460735 34.723183 34.883633 35.143814 35.296989 35.553520 35.698135 35.949612 36.084404 36.329414 36.453144 36.690292 36.801769 37.029671 37.127766 37.345093 37.428741 37.634216 37.702450 37.894867 37.946819 38.125050 38.159962 38.322975 38.340221 38.487106 38.486183 38.616138 38.596684 38.709053 38.670845 38.765099 38.708076 38.783833 38.708073 38.765099 38.670841 38.709053 38.596680 38.616138 38.486176 38.487103 38.340214 38.322968 38.159954 38.125034 37.946804 37.894848 37.702431 37.634193 37.428711 37.345062 37.127724 37.029633 36.801720 36.690239 36.453083 36.329350 36.084328 35.949528 35.698040 35.553413 35.296867 35.143681 34.883480 34.723015 34.460545 34.294083 34.030693 33.859509 33.596500 33.421837 33.160461 32.983524 32.724949 32.546898 32.292225 32.114151 31.864391 31.687326 31.443399 31.268291 31.031019 30.858734 30.628838 30.460154 30.238249 30.073854 29.860451 29.700943 29.496450 29.342321 29.147045 28.998701 28.812843 28.670591 28.494261 28.358322 28.191532 28.062033 27.904709 27.781693 27.633680 27.517111 27.378178 27.267937 27.137783 27.033686 26.911942 26.813738 26.699980 26.607351 26.501106 26.413683 26.314430 26.231792 26.138971 26.060654 25.973671 25.899164 25.817398 25.746161 25.668970 25.600426 25.527149 25.460701 25.390657 25.325682 25.258192 25.194050 25.128422 25.064455 25.000000 
25.000000 25.065599 25.130707 25.197519 25.262840 25.331593 25.397818 25.469240 25.537048 25.611866 25.681917 25.760843 25.833776 25.917515 25.993942 26.083183 26.163683 26.259090 26.344210 26.446423 26.536667 26.646290 26.742119 26.859718 26.961540 27.087641 27.195808 27.330881 27.445683 27.590139 27.711802 27.865992 27.994663 28.158861 28.294613 28.469017 28.611837 28.796562 28.946348 29.141417 29.297974 29.503309 29.666344 29.881773 30.050896 30.276138 30.450855 30.685520 30.865236 31.108824 31.292845 31.544739 31.732271 31.991745 32.181896 32.448116 32.639904 32.911922 33.104275 33.381050 33.572823 33.853210 34.043182 34.325958 34.512852 34.796707 34.979195 35.262753 35.439480 35.721302 35.890892 36.169506 36.330563 36.604462 36.755615 37.023281 37.163177 37.423092 37.550419 37.801083 37.914589 38.154541 38.253036 38.480873 38.563263 38.777637 38.842930 39.042587 39.089905 39.273682 39.302273 39.469116 39.478374 39.627365 39.616817 39.747173 39.716499 39.827579 39.776634 39.867947 39.796730 39.867947 39.776630 39.827579 39.716496 39.747173 39.616810 39.627365 39.478367 39.469112 39.302265 39.273666 39.089893 39.042568 38.842915 38.777615 38.563240 38.480843 38.253002 38.154503 37.914539 37.801037 37.550358 37.423027 37.163101 37.023201 36.755524 36.604359 36.330444 36.169376 35.890743 35.721142 35.439293 35.262547 34.978962 34.796448 34.512558 34.325634 34.042816 33.852806 33.572369 33.380547 33.103714 32.911293 32.639206 32.447342 32.181038 31.990793 31.731218 31.543571 31.291557 31.107395 30.863667 30.683781 30.448944 30.274027 30.048580 29.879217 29.663546 29.500225 29.294605 29.137709 28.942307 28.792120 28.607004 28.463711 28.288849 28.152544 27.987812 27.858494 27.703688 27.581274 27.436102 27.320429 27.184530 27.075363 26.948313 26.845341 26.726656 26.629509 26.518650 26.426901 26.323286 26.236456 26.139463 26.057026 25.966000 25.887386 25.801645 25.726254 25.645092 25.572289 25.494986 25.424109 25.349930 25.280296 25.208502 25.139414 25.069260 25.000000 
25.000000 25.070253 25.141426 25.211529 25.284397 25.355101 25.430450 25.502493 25.581106 25.655207 25.737856 25.814714 25.902164 25.982454 26.075453 26.159817 26.259090 26.348135 26.454386 26.548674 26.662571 26.762625 26.884798 26.991087 27.122120 27.235054 27.375483 27.495407 27.645706 27.772900 27.933479 28.068142 28.239338 28.381588 28.563654 28.713528 28.906628 29.064064 29.268272 29.433113 29.648401 29.820383 30.046616 30.225372 30.462305 30.647362 30.894630 31.085405 31.342531 31.538328 31.804708 32.004730 32.279644 32.482983 32.765587 32.971237 33.260574 33.467426 33.762428 33.969292 34.268784 34.474384 34.777088 34.980087 35.284637 35.483631 35.788586 35.982132 36.285973 36.472599 36.773766 36.951981 37.248863 37.417183 37.708160 37.865112 38.148548 38.292702 38.566978 38.696953 38.960472 39.074951 39.326172 39.423931 39.661377 39.741287 39.963562 40.024612 40.230415 40.271736 40.459877 40.480728 40.650146 40.649952 40.799732 40.778061 40.907440 40.864040 40.972412 40.907204 40.994129 40.907204 40.972412 40.864040 40.907440 40.778057 40.799728 40.649944 40.650143 40.480721 40.459866 40.271725 40.230400 40.024597 39.963539 39.741264 39.661350 39.423901 39.326138 39.074909 38.960426 38.696896 38.566921 38.292633 38.148476 37.865025 37.708065 37.417068 37.248741 36.951836 36.773605 36.472420 36.285774 35.981907 35.788334 35.483349 35.284325 34.979736 34.776699 34.473949 34.268299 33.968750 33.761826 33.466751 33.259823 32.970402 32.764664 32.481956 32.278507 32.003475 31.803318 31.536795 31.340832 31.083538 30.892565 30.645096 30.459801 30.222630 30.043591 29.817074 29.644756 29.429136 29.263899 29.059301 28.901394 28.707840 28.557413 28.374817 28.231920 28.060106 27.924694 27.763397 27.635334 27.484205 27.363277 27.221895 27.107803 26.975679 26.868061 26.744642 26.643070 26.527756 26.431740 26.323883 26.232878 26.131792 26.045212 25.950178 25.867390 25.777664 25.698002 25.612816 25.535583 25.454153 25.378628 25.300163 25.225599 25.149300 25.074936 25.000000 
25.000000 25.075794 25.151014 25.228210 25.303673 25.383110 25.459612 25.542131 25.620455 25.706890 25.787798 25.878975 25.963203 26.059931 26.148188 26.251255 26.344210 26.454386 26.552668 26.670685 26.774878 26.901432 27.012066 27.147808 27.265358 27.410891 27.535759 27.691622 27.824148 27.990812 28.131254 28.309122 28.457651 28.647036 28.803738 29.004862 29.169722 29.382717 29.555616 29.780502 29.961218 30.197910 30.386105 30.634394 30.829620 31.089180 31.290871 31.561249 31.768719 32.049332 32.261784 32.551926 32.768440 33.067268 33.286819 33.593372 33.814831 34.128010 34.350143 34.668755 34.890236 35.212963 35.432392 35.757812 35.973721 36.300327 36.511192 36.837395 37.041649 37.365799 37.561855 37.882256 38.068512 38.383427 38.558300 38.865982 39.027916 39.326618 39.474098 39.762104 39.893688 40.169308 40.283630 40.545250 40.641045 40.887123 40.963245 41.192333 41.247772 41.458538 41.492432 41.683670 41.695301 41.865955 41.854786 42.003960 41.969624 42.096581 42.038895 42.143078 42.062046 42.143078 42.038895 42.096581 41.969620 42.003960 41.854778 41.865952 41.695290 41.683659 41.492416 41.458523 41.247757 41.192314 40.963226 40.887096 40.641018 40.545216 40.283592 40.169266 39.893635 39.762047 39.474037 39.326546 39.027832 38.865891 38.558193 38.383308 38.068375 37.882103 37.561680 37.365612 37.041431 36.837154 36.510921 36.300026 35.973381 35.757435 35.431973 35.212490 34.889713 34.668171 34.349491 34.127285 33.814022 33.592472 33.285828 33.066166 32.767220 32.550571 32.260292 32.047680 31.766899 31.559235 31.288658 31.086735 30.826939 30.631435 30.382868 30.194340 29.957321 29.776211 29.550940 29.377575 29.164127 28.998722 28.797068 28.639725 28.449726 28.300447 28.121866 27.980556 27.813065 27.679531 27.522717 27.396687 27.250061 27.131178 26.994184 26.882023 26.754044 26.648109 26.528475 26.428213 26.316208 26.221012 26.115883 26.025099 25.926062 25.838991 25.745237 25.661146 25.571842 25.489971 25.404272 25.323833 25.240885 25.161070 25.080017 25.000000 
