25.000000 25.000000 25.000000 25.000000 25.000000 25.000000 25.000000 25.000000 25.000000 25.000000 25.000000 25.000000 25.000000 25.000000 25.000000 25.000000 25.000000 25.000000 25.000000 25.000000 25.000000 25.000000 25.000000 25.000000 25.000000 25.000000 25.000000 25.000000 25.000000 25.000000 25.000000 25.000000 25.000000 25.000000 25.000000 25.000000 25.000000 25.000000 25.000000 25.000000 25.000000 25.000000 25.000000 25.000000 25.000000 25.000000 25.000000 25.000000 25.000000 25.000000 25.000000 25.000000 25.000000 25.000000 25.000000 25.000000 25.000000 25.000000 25.000000 25.000000 25.000000 25.000000 25.000000 25.000000 25.000000 25.000000 25.000000 25.000000 25.000000 25.000000 25.000000 25.000000 25.000000 25.000000 25.000000 25.000000 25.000000 25.000000 25.000000 25.000000 25.000000 25.000000 25.000000 25.000000 25.000000 25.000000 25.000000 25.000000 25.000000 25.000000 25.000000 25.000000 25.000000 25.000000 25.000000 25.000000 25.000000 25.000000 25.000000 25.000000 25.000000 25.000000 25.000000 25.000000 25.000000 25.000000 25.000000 25.000000 25.000000 25.000000 25.000000 25.000000 25.000000 25.000000 25.000000 25.000000 25.000000 25.000000 25.000000 25.000000 25.000000 25.000000 25.000000 25.000000 25.000000 25.000000 25.000000 25.000000 25.000000 25.000000 25.000000 25.000000 25.000000 25.000000 25.000000 25.000000 25.000000 25.000000 25.000000 25.000000 25.000000 25.000000 25.000000 25.000000 25.000000 25.000000 25.000000 25.000000 25.000000 25.000000 25.000000 25.000000 25.000000 25.000000 25.000000 25.000000 25.000000 25.000000 25.000000 25.000000 25.000000 25.000000 25.000000 25.000000 25.000000 25.000000 25.000000 25.000000 25.000000 25.000000 25.000000 25.000000 25.000000 25.000000 25.000000 25.000000 25.000000 25.000000 25.000000 25.000000 25.000000 25.000000 25.000000 25.000000 25.000000 25.000000 25.000000 25.000000 25.000000 25.000000 25.000000 25.000000 25.000000 25.000000 25.000000 25.000000 25.000000 25.000000 25.000000 25.000000 
25.000000 25.013435 25.026972 25.040314 25.053972 25.067232 25.081024 25.094210 25.108150 25.121275 25.135374 25.148447 25.162716 25.175747 25.190195 25.203190 25.217825 25.230793 25.245621 25.258564 25.273592 25.286512 25.301743 25.314644 25.330074 25.342955 25.358585 25.371441 25.387268 25.400093 25.416109 25.428896 25.445093 25.457832 25.474197 25.486874 25.503395 25.515995 25.532654 25.545158 25.561935 25.574327 25.591200 25.603455 25.620401 25.632496 25.649487 25.661394 25.678400 25.690094 25.707083 25.718533 25.735472 25.746645 25.763502 25.774364 25.791101 25.801622 25.818195 25.828341 25.844715 25.854448 25.870583 25.879868 25.895720 25.904522 25.920050 25.928333 25.943495 25.951225 25.965979 25.973120 25.987425 25.993946 26.007759 26.013628 26.026913 26.032097 26.044811 26.049286 26.061394 26.065128 26.076595 26.079567 26.090361 26.092546 26.102634 26.104017 26.113371 26.113932 26.122526 26.122255 26.130066 26.128950 26.135958 26.133991 26.140179 26.137360 26.142712 26.139038 26.143547 26.139023 26.142681 26.137312 26.140116 26.133913 26.135862 26.128838 26.129934 26.122108 26.122360 26.113749 26.113167 26.103794 26.102390 26.092281 26.090073 26.079256 26.076260 26.064768 26.061005 26.048870 26.044367 26.031624 26.026403 26.013088 26.007183 25.993336 25.986773 25.972431 25.965242 25.950449 25.942669 25.927464 25.919125 25.903547 25.894686 25.878780 25.869429 25.853237 25.843431 25.826994 25.816771 25.800127 25.789520 25.772711 25.761753 25.744816 25.733541 25.716511 25.704952 25.687866 25.676054 25.658945 25.646910 25.629808 25.617575 25.600510 25.588106 25.571104 25.558554 25.541639 25.528963 25.512157 25.499374 25.482698 25.469826 25.453295 25.440348 25.423977 25.410967 25.394766 25.381706 25.365685 25.352579 25.336742 25.323599 25.307955 25.294775 25.279322 25.266109 25.250847 25.237598 25.222525 25.209238 25.194347 25.181019 25.166307 25.152931 25.138391 25.124960 25.110580 25.097084 25.082857 25.069288 25.055201 25.041550 25.027590 25.013845 25.000000 
25.000000 25.026972 25.053749 25.080946 25.107546 25.134998 25.161442 25.189177 25.215485 25.243526 25.269724 25.298094 25.324198 25.352917 25.378942 25.408030 25.433992 25.463459 25.489370 25.519230 25.545095 25.575357 25.601181 25.631847 25.657631 25.688698 25.714437 25.745901 25.771584 25.803434 25.829050 25.861271 25.886801 25.919373 25.944792 25.977688 26.002970 26.036160 26.061270 26.094717 26.119619 26.153282 26.177935 26.211765 26.236122 26.270073 26.294081 26.328093 26.351702 26.385712 26.408861 26.442806 26.465437 26.499249 26.521294 26.554901 26.576296 26.609619 26.630297 26.663260 26.683147 26.715670 26.734697 26.766699 26.784796 26.816191 26.833286 26.863991 26.880014 26.909945 26.924826 26.953899 26.967569 26.995703 27.008101 27.035212 27.046274 27.072285 27.081951 27.106787 27.115002 27.138590 27.145302 27.167574 27.172735 27.193628 27.197201 27.216652 27.218599 27.236555 27.236849 27.253260 27.251875 27.266699 27.263618 27.276817 27.272032 27.283577 27.277082 27.286949 27.278748 27.286917 27.277020 27.283484 27.271906 27.276661 27.263428 27.266474 27.251617 27.252964 27.236519 27.236187 27.218193 27.216206 27.196714 27.193096 27.172161 27.166950 27.144632 27.137865 27.114227 27.105955 27.081064 27.071333 27.045261 27.034130 27.006952 26.994476 26.966272 26.952513 26.923363 26.908386 26.878370 26.862242 26.831446 26.814234 26.782738 26.764515 26.732403 26.713236 26.680592 26.660553 26.627457 26.606615 26.573149 26.551573 26.517813 26.495571 26.461590 26.438747 26.404619 26.381239 26.347031 26.323174 26.288950 26.264673 26.230494 26.205849 26.171772 26.146809 26.112883 26.087648 26.053919 26.028452 25.994961 25.969299 25.936085 25.910259 25.877350 25.851389 25.818808 25.792734 25.760504 25.734335 25.702473 25.676220 25.644733 25.618410 25.587305 25.560911 25.530190 25.503729 25.473387 25.446852 25.416885 25.390270 25.360666 25.333961 25.304707 25.277899 25.248976 25.222050 25.193439 25.166376 25.138058 25.110840 25.082790 25.055395 25.027590 25.000000 
25.000000 25.040314 25.080946 25.120979 25.161972 25.201756 25.243153 25.282717 25.324556 25.363937 25.406252 25.445480 25.488304 25.527405 25.570765 25.609760 25.653685 25.692593 25.737099 25.775934 25.821035 25.859808 25.905514 25.944225 25.990538 26.029186 26.076097 26.114672 26.162170 26.200653 26.248722 26.287090 26.335701 26.373922 26.423038 26.461077 26.510658 26.548466 26.598461 26.635983 26.686335 26.723516 26.774157 26.810928 26.861786 26.898075 26.949068 26.984797 27.035835 27.070921 27.121912 27.156263 27.207106 27.240629 27.291218 27.323816 27.374039 27.405611 27.455351 27.485792 27.534933 27.564137 27.612556 27.640417 27.687988 27.714401 27.761000 27.785856 27.831358 27.854553 27.898830 27.920259 27.963188 27.982758 28.024212 28.041821 28.081686 28.097244 28.135403 28.148823 28.185162 28.196369 28.230783 28.239698 28.272089 28.278648 28.308922 28.313068 28.341139 28.342825 28.368614 28.367798 28.391237 28.387890 28.408918 28.403019 28.421585 28.413122 28.429190 28.418163 28.431696 28.418116 28.429094 28.412981 28.421398 28.402781 28.408632 28.387554 28.390848 28.367357 28.368118 28.342274 28.340528 28.312401 28.308189 28.277855 28.271223 28.238766 28.229773 28.195286 28.183996 28.147579 28.134066 28.095821 28.080162 28.040203 28.022484 27.980923 27.961233 27.918192 27.896624 27.852226 27.828880 27.783247 27.758224 27.711479 27.684887 27.637156 27.609095 27.560503 27.531080 27.481750 27.451073 27.401125 27.369295 27.318848 27.285969 27.235136 27.201307 27.150200 27.115519 27.064241 27.028797 26.977451 26.941334 26.890011 26.853304 26.802090 26.764870 26.713846 26.676184 26.625423 26.587383 26.536951 26.498592 26.448545 26.409920 26.360308 26.321459 26.272326 26.233290 26.184668 26.145477 26.097393 26.058069 26.010544 25.971106 25.924150 25.884607 25.838226 25.798580 25.752773 25.713018 25.667780 25.627913 25.583225 25.543234 25.499081 25.458944 25.415302 25.375000 25.331842 25.291349 25.248646 25.207933 25.165651 25.124689 25.082792 25.041550 25.000000 
25.000000 25.053972 25.107546 25.161972 25.215189 25.270126 25.323032 25.378534 25.431173 25.487288 25.539700 25.596472 25.648699 25.706167 25.758240 25.816444 25.868389 25.927359 25.979197 26.038952 26.090702 26.151258 26.202927 26.264292 26.315878 26.378046 26.429544 26.492504 26.543892 26.607626 26.658878 26.723354 26.774431 26.839609 26.890467 26.956293 27.006876 27.073290 27.123529 27.190458 27.240284 27.307644 27.356968 27.424665 27.473398 27.541332 27.589369 27.657425 27.704660 27.772717 27.819033 27.886959 27.932236 27.999893 28.044003 28.111246 28.154053 28.220734 28.262102 28.328062 28.367853 28.432930 28.471003 28.535034 28.571243 28.634062 28.668266 28.729704 28.761765 28.821653 28.851427 28.909601 28.936956 28.993248 29.018053 29.072302 29.094433 29.146481 29.165819 29.215515 29.231951 29.279148 29.292578 29.337143 29.347471 29.389275 29.396423 29.435343 29.439240 29.475166 29.475754 29.508591 29.505819 29.535480 29.529318 29.555729 29.546152 29.569252 29.556257 29.575998 29.559589 29.575935 29.556131 29.569065 29.545900 29.555412 29.528936 29.535030 29.505302 29.508001 29.475094 29.474430 29.438429 29.434448 29.395451 29.388210 29.346323 29.335894 29.291237 29.277700 29.230402 29.213850 29.164043 29.144577 29.092409 29.070135 29.015757 28.990793 28.934359 28.906830 28.848501 28.818535 28.758476 28.726206 28.664583 28.630146 28.567125 28.530663 28.466410 28.428061 28.362740 28.322647 28.256422 28.214724 28.147757 28.104589 28.037033 27.992533 27.924536 27.878836 27.810543 27.763767 27.695314 27.647583 27.579102 27.530527 27.462135 27.412827 27.344635 27.294691 27.226803 27.176313 27.108820 27.057867 26.990852 26.939510 26.873043 26.821375 26.755518 26.703577 26.638382 26.586214 26.521721 26.469362 26.405602 26.353079 26.290071 26.237404 26.175159 26.122355 26.060877 26.007933 25.947218 25.894127 25.834160 25.780912 25.721668 25.668242 25.609697 25.556063 25.498182 25.444311 25.387058 25.332912 25.276245 25.221786 25.165657 25.110846 25.055204 25.000000 
25.000000 25.067232 25.134998 25.201756 25.270126 25.336468 25.405512 25.471491 25.541269 25.606941 25.677515 25.742929 25.814352 25.879553 25.951874 26.016899 26.090158 26.155039 26.229267 26.294029 26.369251 26.433908 26.510138 26.574692 26.651930 26.716379 26.794617 26.858944 26.938162 27.002337 27.082504 27.146484 27.227556 27.291292 27.373211 27.436640 27.519331 27.582376 27.665758 27.728331 27.812305 27.874308 27.958763 28.020084 28.104900 28.165419 28.250460 28.310041 28.395161 28.453669 28.538708 28.595993 28.680784 28.736689 28.821054 28.875416 28.959171 29.011820 29.094774 29.145536 29.227489 29.276192 29.356937 29.403402 29.482735 29.526781 29.604494 29.645947 29.721827 29.760508 29.834347 29.870087 29.941675 29.974308 30.043442 30.072807 30.139288 30.165236 30.228867 30.251251 30.311852 30.330540 30.387930 30.402798 30.456814 30.467754 30.518238 30.525158 30.571966 30.574780 30.617785 30.616426 30.655512 30.649933 30.684998 30.675161 30.706121 30.692013 30.718801 30.700418 30.722982 30.700340 30.718645 30.691778 30.705809 30.674765 30.684519 30.649372 30.654863 30.615692 30.616957 30.573862 30.570948 30.524042 30.517015 30.466431 30.455370 30.401245 30.386248 30.328735 30.309908 30.249176 30.226639 30.162863 30.136745 30.070108 30.040556 29.971251 29.938412 29.866636 29.830667 29.756628 29.717693 29.641592 29.599865 29.521910 29.477560 29.397963 29.351166 29.270130 29.221066 29.138798 29.087637 29.004341 28.951260 28.867130 28.812300 28.727526 28.671112 28.585880 28.528044 28.442530 28.383423 28.297791 28.237562 28.151968 28.090754 28.005344 27.943275 27.858181 27.795376 27.710718 27.647284 27.563173 27.499208 27.415741 27.351330 27.268589 27.203804 27.121859 27.056767 26.975674 26.910320 26.830128 26.764555 26.685291 26.619524 26.541210 26.475267 26.397915 26.331800 26.255402 26.189112 26.113659 26.047180 25.972647 25.905960 25.832317 25.765388 25.692600 25.625393 25.553415 25.485888 25.414667 25.346775 25.276257 25.207947 25.138071 25.069296 25.000000 
25.000000 25.081024 25.161442 25.243153 25.323032 25.405512 25.484926 25.568249 25.647261 25.731504 25.810179 25.895411 25.973803 26.060081 26.138241 26.225626 26.303595 26.392124 26.469938 26.559647 26.637325 26.728235 26.805794 26.897915 26.975349 27.068680 27.145979 27.240498 27.317633 27.413315 27.490244 27.587038 27.663708 27.761553 27.837893 27.936714 28.012640 28.112341 28.187757 28.288229 28.363020 28.464138 28.538179 28.639807 28.712957 28.814936 28.887047 28.989206 29.060114 29.162273 29.231802 29.333767 29.401733 29.503296 29.569510 29.670452 29.734711 29.834805 29.896904 29.995916 30.055651 30.153337 30.210489 30.306604 30.360964 30.455257 30.506607 30.598829 30.646957 30.736855 30.781553 30.868874 30.909943 30.994436 31.031679 31.113106 31.146334 31.224457 31.253490 31.328085 31.352760 31.423607 31.443769 31.510660 31.526171 31.588915 31.599651 31.658068 31.663925 31.717848 31.718737 31.768021 31.763868 31.808386 31.799141 31.838779 31.824413 31.859081 31.839581 31.869205 31.844582 31.869112 31.839394 31.858799 31.824036 31.838305 31.798567 31.807711 31.763092 31.767138 31.717745 31.716742 31.662706 31.656725 31.598192 31.587317 31.524448 31.508785 31.441757 31.421432 31.350437 31.325583 31.250826 31.221598 31.143291 31.109852 31.028229 30.990751 30.906042 30.864712 30.777161 30.732172 30.642021 30.593576 30.501078 30.449379 30.354782 30.300043 30.203594 30.146027 30.047974 29.987787 29.888378 29.825783 29.725256 29.660456 29.559046 29.492247 29.390175 29.321571 29.219057 29.148840 29.046085 28.974432 28.871632 28.798716 28.696049 28.622032 28.519667 28.444695 28.342783 28.266993 28.165674 28.089190 27.988586 27.911518 27.811737 27.734179 27.635313 27.557348 27.459475 27.381170 27.284349 27.205759 27.110039 27.031200 26.936609 26.857552 26.764107 26.684843 26.592550 26.513079 26.421928 26.342239 26.252211 26.172283 26.083344 26.003147 25.915255 25.834747 25.747854 25.666990 25.581038 25.499762 25.414688 25.332941 25.248676 25.166399 25.082869 25.000000 
25.000000 25.094210 25.189177 25.282717 25.378534 25.471491 25.568249 25.660698 25.758488 25.850504 25.949409 26.041065 26.141159 26.232517 26.333868 26.424980 26.527643 26.618555 26.722578 26.813324 26.918737 27.009335 27.116158 27.206614 27.314852 27.405157 27.514797 27.604931 27.715944 27.805864 27.918207 28.007858 28.121466 28.210775 28.325567 28.414446 28.530323 28.618664 28.735506 28.823187 28.940857 29.027739 29.146086 29.232010 29.350863 29.435661 29.554827 29.638319 29.757589 29.839579 29.958736 30.039011 30.157822 30.236162 30.354376 30.430555 30.547913 30.621691 30.737925 30.809063 30.923891 30.992142 31.105280 31.170393 31.281553 31.343281 31.452166 31.510258 31.616577 31.670786 31.774244 31.824335 31.924637 31.970375 32.067238 32.108398 32.201542 32.237907 32.327065 32.358437 32.443340 32.469540 32.549946 32.570789 32.646469 32.661812 32.732540 32.742245 32.807823 32.811779 32.872025 32.870136 32.924889 32.917084 32.966206 32.952435 32.995804 32.976048 33.013573 32.987823 33.019428 32.987717 33.013351 32.975719 32.995365 32.951881 32.965534 32.916294 32.923981 32.869102 32.870865 32.810490 32.806396 32.740685 32.730824 32.659958 32.644444 32.568615 32.547585 32.467010 32.440617 32.355530 32.323936 32.234581 32.197975 32.104614 32.063190 31.966089 31.920063 31.819500 31.769089 31.665350 31.610786 31.504158 31.445679 31.336454 31.274302 31.162771 31.097193 30.983646 30.914890 30.799616 30.727924 30.611208 30.536825 30.418941 30.342106 30.223322 30.144268 30.024839 29.943792 29.823967 29.741142 29.621149 29.536753 29.416813 29.331038 29.211353 29.124380 29.005138 28.917131 28.798504 28.709616 28.591753 28.502123 28.385160 28.294905 28.178957 28.088181 27.973349 27.882139 27.768501 27.676929 27.564550 27.472670 27.361593 27.269440 27.159695 27.067295 26.958893 26.866255 26.759192 26.666307 26.560566 26.467419 26.362968 26.269526 26.166325 26.072544 25.970539 25.876369 25.775497 25.680882 25.581072 25.485939 25.387115 25.291399 25.193478 25.097105 25.000000 
25.000000 25.108150 25.215485 25.324556 25.431173 25.541269 25.647261 25.758488 25.863943 25.976397 26.081400 26.195173 26.299799 26.414972 26.519289 26.635933 26.739998 26.858170 26.962027 27.081772 27.185452 27.306799 27.410315 27.533279 27.636631 27.761208 27.864378 27.990543 28.093494 28.221209 28.323887 28.453085 28.555418 28.686018 28.787912 28.919811 29.021156 29.154228 29.254889 29.388992 29.488819 29.623785 29.722610 29.858252 29.955893 30.092003 30.188253 30.324606 30.419252 30.555601 30.648409 30.784498 30.875221 31.010771 31.099154 31.233873 31.319651 31.453239 31.536135 31.668278 31.748014 31.878387 31.954679 32.082954 32.155518 32.281361 32.349911 32.472984 32.537235 32.657207 32.716885 32.833416 32.888245 33.001003 33.050728 33.159389 33.203758 33.308014 33.346783 33.446323 33.479275 33.573814 33.600746 33.690006 33.710728 33.794453 33.808800 33.886749 33.894585 33.966537 33.967743 34.033504 34.027981 34.087376 34.075058 34.127941 34.108788 34.155037 34.129032 34.168552 34.135704 34.168427 34.128780 34.154663 34.108284 34.127308 34.074291 34.086475 34.026939 34.032322 33.966419 33.965061 33.892960 33.884956 33.806850 33.792320 33.708427 33.687504 33.598061 33.570911 33.476173 33.442982 33.343224 33.304192 33.199696 33.155048 33.046120 32.996082 32.883038 32.827858 32.711021 32.650959 32.530651 32.465977 32.342529 32.273518 32.147266 32.074196 31.945477 31.868628 31.737768 31.657425 31.524754 31.441196 31.307030 31.220533 31.085186 30.996021 30.859791 30.768219 30.631395 30.537668 30.400524 30.304884 30.167677 30.070351 29.933321 29.834526 29.697897 29.597828 29.461805 29.360643 29.225410 29.123323 28.989044 28.886179 28.752996 28.649479 28.517517 28.413456 28.282816 28.178303 28.049068 27.944174 27.816404 27.711180 27.584919 27.479403 27.354671 27.248878 27.125683 27.019615 26.897942 26.791584 26.671410 26.564734 26.446011 26.338974 26.221651 26.114201 25.998211 25.890284 25.775549 25.667072 25.553511 25.444405 25.331923 25.222109 25.110611 25.000000 
25.000000 25.121275 25.243526 25.363937 25.487288 25.606941 25.731504 25.850504 25.976397 26.094843 26.222168 26.340147 26.469006 26.586599 26.717075 26.834354 26.966520 27.083542 27.217455 27.334263 27.469965 27.586584 27.724098 27.840536 27.979870 28.096115 28.237253 28.353275 28.496183 28.611931 28.756546 28.871950 29.018194 29.133160 29.280924 29.395336 29.544495 29.658216 29.808617 29.921488 30.072956 30.184797 30.337133 30.447746 30.600729 30.709894 30.863281 30.970762 31.124285 31.229832 31.383205 31.486547 31.639473 31.740326 31.892485 31.990555 32.141609 32.236595 32.386196 32.477783 32.625576 32.713444 32.859062 32.942894 33.085960 33.165440 33.305576 33.380375 33.517208 33.587009 33.720161 33.784660 33.913746 33.972641 34.097301 34.150307 34.270180 34.317017 34.431751 34.472164 34.581429 34.615173 34.718647 34.745506 34.842892 34.862663 34.953682 34.966198 35.050587 35.055702 35.133228 35.130821 35.201275 35.191254 35.254456 35.236755 35.292557 35.267151 35.315426 35.282310 35.322968 35.282169 35.315144 35.266727 35.291988 35.236042 35.253590 35.190239 35.200104 35.129490 35.131733 35.054043 35.048752 34.964188 34.951477 34.860275 34.840286 34.742702 34.715611 34.611916 34.577919 34.468418 34.427727 34.312733 34.265591 34.145435 34.092094 33.967125 33.907860 33.778435 33.713524 33.580009 33.509754 33.372520 33.297226 33.156651 33.076626 32.933083 32.848648 32.702507 32.613987 32.465622 32.373322 32.223095 32.127335 31.975603 31.876688 31.723797 31.622026 31.468304 31.363968 31.209732 31.103107 30.948658 30.840012 30.685629 30.575207 30.421152 30.309191 30.155703 30.042412 29.889713 29.775290 29.623573 29.508192 29.357634 29.241451 29.092197 28.975346 28.827526 28.710117 28.563833 28.445959 28.301294 28.183022 28.040031 27.921413 27.780134 27.661198 27.521648 27.402403 27.264576 27.145016 27.008892 26.888990 26.754528 26.634247 26.501390 26.380676 26.249359 26.128143 25.998285 25.876493 25.748001 25.625547 25.498325 25.375118 25.249060 25.125004 25.000000 
25.000000 25.135374 25.269724 25.406252 25.539700 25.677515 25.810179 25.949409 26.081400 26.222168 26.353592 26.496012 26.626963 26.771133 26.901701 27.047710 27.177961 27.325884 27.455873 27.605764 27.735533 27.887428 28.016994 28.170912 28.300272 28.456205 28.585339 28.743261 28.872122 29.031979 29.160500 29.322214 29.450302 29.613770 29.741310 29.906401 30.033253 30.199812 30.325809 30.493656 30.618612 30.787537 30.911242 31.081009 31.203230 31.373583 31.494066 31.664721 31.783195 31.953844 32.070019 32.240341 32.353909 32.523552 32.634193 32.802795 32.910179 33.077362 33.181137 33.346508 33.446335 33.609489 33.705002 33.865532 33.956379 34.113861 34.199688 34.353706 34.434151 34.584282 34.659000 34.804825 34.873478 35.014584 35.076843 35.212826 35.268379 35.398842 35.447392 35.571953 35.613228 35.731522 35.765259 35.876949 35.902912 36.007675 36.025665 36.123196 36.133034 36.223061 36.224598 36.306873 36.299992 36.374302 36.358913 36.425076 36.401131 36.458988 36.426468 36.475903 36.434822 36.475746 36.426155 36.458515 36.400497 36.424278 36.357956 36.373173 36.298691 36.305393 36.222939 36.221214 36.130997 36.120953 36.023220 36.005005 35.900028 35.873817 35.761894 35.727890 35.609341 35.567772 35.442936 35.394058 35.263298 35.207386 35.071079 35.008427 34.866962 34.797874 34.651661 34.576462 34.425903 34.344933 34.190445 34.104046 33.946049 33.854568 33.693481 33.597271 33.433506 33.332928 33.166889 33.062286 32.894379 32.786098 32.616711 32.505089 32.334595 32.219963 32.048725 31.931396 31.759752 31.640032 31.468307 31.346478 31.174976 31.051306 30.880304 30.755045 30.584797 30.458170 30.288910 30.161125 29.993057 29.864300 29.697601 29.568029 29.402857 29.272608 29.109089 28.978271 28.816511 28.685217 28.525290 28.393585 28.235540 28.103472 27.947342 27.814926 27.660719 27.527960 27.375658 27.242537 27.092106 26.958588 26.809975 26.676004 26.529142 26.394655 26.249462 26.114376 25.970757 25.834982 25.692827 25.556267 25.415466 25.278017 25.138451 25.000000 
25.000000 25.148447 25.298094 25.445480 25.596472 25.742929 25.895411 26.041065 26.195173 26.340147 26.496012 26.640415 26.798153 26.942087 27.101803 27.245354 27.407135 27.550371 27.714291 27.857264 28.023375 28.166117 28.334444 28.476965 28.647518 28.789804 28.962563 29.104578 29.279499 29.421183 29.598192 29.739454 29.918455 30.059179 30.240040 30.380089 30.562654 30.701859 30.885944 31.024107 31.209497 31.346403 31.532852 31.668255 31.855494 31.989126 32.176853 32.308426 32.496323 32.625526 32.813240 32.939747 33.126907 33.250374 33.436588 33.556648 33.741508 33.857796 34.040878 34.153008 34.333874 34.441456 34.619659 34.722298 34.897377 34.994686 35.166180 35.257763 35.425213 35.510677 35.673618 35.752590 35.910561 35.982677 36.135227 36.200130 36.346821 36.404179 36.544579 36.594074 36.727776 36.769112 36.895725 36.928635 37.047794 37.072033 37.183395 37.198757 37.302006 37.308304 37.403152 37.400246 37.486439 37.474213 37.551529 37.529907 37.598167 37.567108 37.626160 37.585663 37.635384 37.585491 37.625809 37.566589 37.597469 37.529034 37.550472 37.472969 37.485004 37.398621 37.401325 37.306274 37.299755 37.196293 37.180695 37.069103 37.044605 36.925198 36.892010 36.765125 36.723480 36.589489 36.539654 36.398937 36.341202 36.194172 36.128853 35.975929 35.903355 35.744972 35.665497 35.502106 35.416088 35.248146 35.155960 34.983921 34.885952 34.710278 34.606915 34.428066 34.319691 34.138119 34.025124 33.841274 33.724041 33.538345 33.417252 33.230137 33.105549 32.917416 32.789688 32.600925 32.470398 32.281368 32.148369 31.959421 31.824247 31.635698 31.498642 31.310785 31.172106 30.985210 30.845146 30.659452 30.518217 30.333935 30.191721 30.009035 29.866003 29.685070 29.541357 29.362305 29.218019 29.040947 28.896177 28.721151 28.575960 28.403028 28.257448 28.086628 27.940672 27.771961 27.625620 27.458990 27.312233 27.147636 27.000414 26.837784 26.690029 26.529284 26.380917 26.221954 26.072882 25.915594 25.765709 25.609976 25.459169 25.304861 25.153013 25.000000 
25.000000 25.162716 25.324198 25.488304 25.648699 25.814352 25.973803 26.141159 26.299799 26.469006 26.626963 26.798153 26.955545 27.128838 27.285769 27.461269 27.617821 27.795620 27.951859 28.132023 28.287994 28.470568 28.626295 28.811296 28.966780 29.154202 29.309414 29.499222 29.654108 29.846239 30.000719 30.195082 30.349041 30.545507 30.698811 30.897226 31.049702 31.249882 31.401333 31.603054 31.753258 31.956274 32.104969 32.308998 32.455914 32.660641 32.805470 33.010555 33.152973 33.358051 33.497707 33.702389 33.838909 34.042778 34.175781 34.378395 34.507481 34.708389 34.833145 35.031872 35.151878 35.347942 35.462769 35.655674 35.764893 35.954132 36.057316 36.242393 36.339111 36.519512 36.609348 36.784576 36.867123 37.036678 37.111542 37.274933 37.341740 37.498497 37.556889 37.706554 37.756199 37.898335 37.938919 38.073112 38.104366 38.230225 38.251892 38.369064 38.380936 38.489086 38.490978 38.589817 38.581593 38.670856 38.652412 38.731880 38.703148 38.772640 38.733601 38.792965 38.743637 38.792778 38.733223 38.772072 38.702389 38.730923 38.651260 38.669502 38.580032 38.588039 38.488991 38.486866 38.378487 38.366367 38.248951 38.227016 38.100895 38.069351 37.934875 37.893967 37.751526 37.701530 37.551537 37.492752 37.335636 37.268398 37.104614 37.029274 36.859291 36.776222 36.600525 36.510113 36.329193 36.231846 36.046204 35.942333 35.752468 35.642494 35.448914 35.333256 35.136459 35.015545 34.816017 34.690269 34.488491 34.358322 34.154762 34.020584 33.815693 33.677895 33.472107 33.331070 33.124794 32.980881 32.774509 32.628059 32.421951 32.273293 32.067780 31.917213 31.712605 31.560400 31.356977 31.203381 31.001387 30.846619 30.646273 30.490526 30.292011 30.135452 29.938921 29.781683 29.587261 29.429451 29.237230 29.078930 28.888971 28.730232 28.542572 28.383419 28.198067 28.038502 27.855436 27.695436 27.514622 27.354143 27.175512 27.014494 26.837965 26.676325 26.501801 26.339439 26.166807 26.003618 25.832750 25.668615 25.499374 25.334166 25.166412 25.000000 
25.000000 25.175747 25.352917 25.527405 25.706167 25.879553 26.060081 26.232517 26.414972 26.586599 26.771133 26.942087 27.128838 27.299236 27.488327 27.658272 27.849808 28.019381 28.213446 28.382708 28.579363 28.748352 28.947634 29.116362 29.318274 29.486725 29.691246 29.859381 30.066456 30.234198 30.443747 30.610989 30.822891 30.989500 31.203602 31.369411 31.585531 31.750341 31.968254 32.131840 32.351292 32.513386 32.734093 32.894409 33.116043 33.274269 33.496479 33.652271 33.874676 34.027660 34.249851 34.399643 34.621178 34.767368 34.987785 35.129944 35.348755 35.486446 35.703152 35.835922 36.050003 36.177391 36.388317 36.509857 36.717083 36.832310 37.035290 37.143742 37.341930 37.443146 37.635990 37.729523 37.916485 38.001896 38.182438 38.259319 38.432919 38.500870 38.667027 38.725666 38.883892 38.932873 39.082706 39.121719 39.262726 39.291473 39.423244 39.441483 39.563652 39.571163 39.683388 39.680000 39.781982 39.767563 39.859035 39.833500 39.914246 39.877537 39.947380 39.899498 39.958302 39.899296 39.946968 39.876923 39.913422 39.832466 39.857788 39.766098 39.780289 39.678082 39.681225 39.568764 39.560989 39.438568 39.420052 39.288002 39.258953 39.117653 39.078308 38.928158 38.878807 38.720238 38.661194 38.494667 38.426273 38.252262 38.174892 37.993908 37.907951 37.720501 37.626377 37.432995 37.331127 37.132355 37.023190 36.819565 36.703556 36.495628 36.373226 36.161541 36.033207 35.818295 35.684498 35.466885 35.328072 35.108273 34.964890 34.743408 34.595890 34.373203 34.221970 33.998531 33.843983 33.620232 33.462753 33.239098 33.079048 32.855862 32.693588 32.471214 32.307022 32.085781 31.919950 31.700132 31.532917 31.314768 31.146391 30.930132 30.760788 30.546600 30.376453 30.164488 29.993668 29.784040 29.612648 29.405443 29.233551 29.028822 28.856472 28.654242 28.481449 28.281713 28.108463 27.911190 27.737448 27.542580 27.368288 27.175747 27.000828 26.810514 26.634871 26.446671 26.270187 26.083969 25.906527 25.722151 25.543613 25.360926 25.181152 25.000000 
25.000000 25.190195 25.378942 25.570765 25.758240 25.951874 26.138241 26.333868 26.519289 26.717075 26.901701 27.101803 27.285769 27.488327 27.671753 27.876890 28.059875 28.267696 28.450315 28.660902 28.843208 29.056606 29.238630 29.454865 29.636604 29.855665 30.037088 30.258936 30.439981 30.664539 30.845110 31.072273 31.252239 31.481859 31.661058 31.892954 32.071190 32.305141 32.482182 32.717930 32.893513 33.130772 33.304600 33.543037 33.714779 33.954033 34.123341 34.363014 34.529499 34.769161 34.932419 35.171616 35.331215 35.569458 35.724941 35.961720 36.112629 36.347404 36.493256 36.725483 36.865780 37.094894 37.229141 37.454559 37.582253 37.803387 37.924026 38.140289 38.253380 38.464176 38.569225 38.773972 38.870499 39.068611 39.156166 39.347073 39.425213 39.608360 39.676666 39.851528 39.909607 40.075668 40.123165 40.279938 40.316528 40.463562 40.488953 40.625828 40.639767 40.766102 40.768383 40.883831 40.874287 40.978546 40.957058 41.049866 41.016357 41.097500 41.051945 41.121258 41.063679 41.121037 41.051506 41.096836 41.015469 41.048748 40.955711 40.976959 40.872463 40.881756 40.766056 40.763508 40.636906 40.622677 40.485516 40.459812 40.312473 40.275539 40.118439 40.070564 39.904148 39.845654 39.670410 39.601646 39.418076 39.339436 39.148067 39.059959 38.861343 38.764202 38.558907 38.453190 38.241787 38.127964 37.911037 37.789593 37.567734 37.439152 37.212948 37.077728 36.847755 36.706398 36.473232 36.326221 36.090427 35.938255 35.700375 35.543510 35.304073 35.142982 34.902496 34.737617 34.496559 34.328320 34.087147 33.915947 33.675079 33.501297 33.261124 33.085114 32.845993 32.668068 32.430328 32.250782 32.014709 31.833796 31.599644 31.417589 31.185575 31.002569 30.772873 30.589077 30.361839 30.177378 29.952711 29.767677 29.545652 29.360106 29.140764 28.954737 28.738091 28.551582 28.337608 28.150593 27.939243 27.751671 27.542875 27.354670 27.148329 26.959398 26.755400 26.565628 26.363838 26.173098 25.973370 25.781523 25.583700 25.390596 25.194513 25.000000 
25.000000 25.203190 25.408030 25.609760 25.816444 26.016899 26.225626 26.424980 26.635933 26.834354 27.047710 27.245354 27.461269 27.658272 27.876890 28.073370 28.294813 28.490864 28.715231 28.910921 29.138281 29.333658 29.564049 29.759127 29.992556 30.187315 30.423758 30.618153 30.857546 31.051487 31.293734 31.487103 31.732065 31.924706 32.172211 32.363926 32.613758 32.804321 33.056221 33.245369 33.499043 33.686474 33.941597 34.126968 34.383163 34.566120 34.822979 35.003120 35.260201 35.437099 35.693932 35.867138 36.123211 36.292252 36.547028 36.711414 36.964333 37.123554 37.374035 37.527569 37.775013 37.922325 38.166119 38.306671 38.546185 38.679443 38.914047 39.039478 39.268532 39.385601 39.608475 39.716667 39.932735 40.031544 40.240189 40.329136 40.529751 40.608372 40.800385 40.868244 41.051086 41.107784 41.280926 41.326092 41.489025 41.522335 41.674595 41.695755 41.836906 41.845669 41.975327 41.971489 42.089302 42.072712 42.178379 42.148933 42.242199 42.199841 42.280502 42.225231 42.293129 42.224995 42.280025 42.199131 42.241245 42.147739 42.176929 42.071014 42.087337 41.969265 41.972824 41.842892 41.833828 41.692383 41.670898 41.518326 41.484661 41.321392 41.275837 41.102329 41.045208 40.861969 40.793644 40.601200 40.522068 40.320972 40.231468 40.022301 39.922871 39.706234 39.597363 39.373863 39.256046 39.026310 38.900055 38.664711 38.530544 38.290222 38.148666 37.903996 37.755592 37.507187 37.352463 37.100933 36.940414 36.686359 36.520554 36.264549 36.093967 35.836567 35.661690 35.403419 35.224712 34.966076 34.783981 34.525448 34.340389 34.082397 33.894764 33.637711 33.447857 33.192112 33.000370 32.746262 32.552917 32.300743 32.106056 31.856060 31.660261 31.412655 31.215927 30.970886 30.773384 30.531040 30.332880 30.093336 29.894598 29.657911 29.458647 29.224848 29.025070 28.794151 28.593849 28.365774 28.164906 27.939608 27.738104 27.515495 27.313265 27.093231 26.890163 26.672571 26.468536 26.253235 26.048088 25.834915 25.628502 25.417286 25.209440 25.000000 
25.000000 25.217825 25.433992 25.653685 25.868389 26.090158 26.303595 26.527643 26.739998 26.966520 27.177961 27.407135 27.617821 27.849808 28.059875 28.294813 28.504377 28.742386 28.951534 29.192703 29.401495 29.645884 29.854353 30.101984 30.310131 30.560997 30.768784 31.022837 31.230192 31.487347 31.694160 31.954290 32.160416 32.423355 32.628605 32.894150 33.098293 33.366188 33.568970 33.838921 34.040031 34.311703 34.510807 34.783829 34.980545 35.254498 35.448429 35.722855 35.913555 36.187973 36.374977 36.648853 36.831665 37.104450 37.282555 37.553658 37.726524 37.995335 38.162407 38.428291 38.589012 38.851326 39.005119 39.263199 39.409489 39.662663 39.800877 40.048462 40.178032 40.419361 40.539726 40.774117 40.884731 41.111523 41.211864 41.430401 41.519958 41.729614 41.807911 42.008072 42.074661 42.264740 42.319210 42.498657 42.540638 42.708931 42.738091 42.894745 42.910797 43.055378 43.058079 43.190193 43.179352 43.298653 43.274136 43.380322 43.342041 43.434872 43.382793 43.462074 43.396233 43.461823 43.382290 43.434109 43.341022 43.379044 43.272591 43.296833 43.177265 43.187813 43.055412 43.052402 42.907520 42.891136 42.734158 42.704632 42.535999 42.493618 42.313801 42.258892 42.068409 42.001343 41.800739 41.721924 41.511784 41.421654 41.202583 41.101612 40.874241 40.762928 40.527905 40.406776 40.164757 40.034344 39.785995 39.646858 39.392857 39.245548 38.986568 38.831661 38.568363 38.406429 38.139469 37.971069 37.701092 37.526779 37.254414 37.074730 36.800579 36.616058 36.340698 36.151844 35.875828 35.683121 35.406967 35.210876 34.935070 34.736023 34.461010 34.259407 33.985600 33.781807 33.509579 33.303925 33.033604 32.826389 32.558262 32.349743 32.084061 31.874454 31.611422 31.400913 31.140694 30.929426 30.672142 30.460220 30.205961 29.993456 29.742266 29.529209 29.281101 29.067497 28.822447 28.608265 28.366217 28.151398 27.912271 27.696728 27.460413 27.244038 27.010405 26.793068 26.561960 26.343515 26.114771 25.895056 25.668493 25.447340 25.222769 25.000000 
25.000000 25.230793 25.463459 25.692593 25.927359 26.155039 26.392124 26.618555 26.858170 27.083542 27.325884 27.550371 27.795620 28.019381 28.267696 28.490864 28.742386 28.965069 29.219906 29.442184 29.700417 29.922338 30.184010 30.405594 30.670713 30.891941 31.160477 31.381290 31.653173 31.873476 32.148594 32.368248 32.646450 32.865280 33.146358 33.364143 33.647861 33.864334 34.150406 34.365269 34.653351 34.866264 35.155987 35.366570 35.657505 35.865341 36.157028 36.361668 36.653606 36.854568 37.146214 37.342983 37.633762 37.825806 38.115112 38.301868 38.589062 38.769955 39.054375 39.228809 39.509773 39.677147 39.953960 40.113663 40.385612 40.537033 40.803398 40.945930 41.205994 41.339027 41.592072 41.715027 41.960335 42.072639 42.309517 42.410618 42.638374 42.727753 42.945732 43.022888 43.230453 43.294937 43.491482 43.542873 43.727821 43.765747 43.938568 43.962700 44.122906 44.132957 44.280109 44.275852 44.409550 44.390812 44.510712 44.477379 44.583191 44.535194 44.626694 44.564030 44.641033 44.563763 44.626156 44.534386 44.582111 44.476017 44.509068 44.388885 44.407322 44.273331 44.277264 44.129803 44.119408 43.958870 43.934368 43.761192 43.722862 43.537533 43.485699 43.288742 43.223778 43.015762 42.938072 42.719601 42.629642 42.401348 42.299603 42.062138 41.949131 41.703175 41.579445 41.325695 41.191807 40.930973 40.787502 40.520290 40.367840 40.094975 39.934135 39.656322 39.487713 39.205654 39.029865 38.744259 38.561886 38.273407 38.085037 37.794338 37.600544 37.308254 37.109589 36.816303 36.613293 36.319588 36.112732 35.819138 35.608917 35.315937 35.102783 34.810871 34.595200 34.304771 34.086956 33.798382 33.578751 33.292366 33.071213 32.787300 32.564884 32.283680 32.060211 31.781918 31.557571 31.282337 31.057247 30.785185 30.559441 30.290625 30.064283 29.798738 29.571819 29.309544 29.082029 28.822979 28.594824 28.338926 28.110050 27.857204 27.627504 27.377581 27.146931 26.899778 26.668030 26.423479 26.190466 25.948334 25.713881 25.473970 25.237892 25.000000 
25.000000 25.245621 25.489370 25.737099 25.979197 26.229267 26.469938 26.722578 26.962027 27.217455 27.455873 27.714291 27.951859 28.213446 28.450315 28.715231 28.951534 29.219906 29.455744 29.727673 29.963116 30.238668 30.473749 30.752956 30.987673 31.270523 31.504837 31.791273 32.025105 32.315037 32.548260 32.841537 33.073990 33.370430 33.601894 33.901268 34.131489 34.433510 34.662189 34.966530 35.193329 35.499607 35.724140 36.031937 36.253784 36.562622 36.781330 37.090702 37.305771 37.615124 37.826027 38.134769 38.340946 38.648449 38.849323 39.154926 39.349895 39.652912 39.841351 40.141064 40.322346 40.618027 40.791500 41.082401 41.247421 41.532784 41.688702 41.967766 42.113937 42.385937 42.521736 42.785912 42.910721 43.166325 43.279549 43.525845 43.626919 43.863194 43.951576 44.177139 44.252323 44.466526 44.528046 44.730255 44.777699 44.967323 45.000317 45.176819 45.195034 45.357925 45.361088 45.509922 45.497818 45.632202 45.604679 45.724277 45.681240 45.785778 45.727192 45.816452 45.742340 45.816166 45.726620 45.784924 45.680092 45.722836 45.602940 45.630154 45.495461 45.507236 45.358082 45.354568 45.191338 45.172749 44.995876 44.962479 44.772461 44.724567 44.521942 44.459927 44.245274 44.169552 43.943485 43.854519 43.617699 43.515976 43.269085 43.155144 42.898891 42.773296 42.508408 42.371742 42.098965 41.951839 41.671921 41.514957 41.228661 41.062496 40.770580 40.595848 40.299061 40.116405 39.815483 39.625542 39.321217 39.124611 38.817589 38.614933 38.305889 38.097778 37.787369 37.574379 37.263222 37.045891 36.734573 36.513432 36.202499 35.978024 35.667984 35.440628 35.131947 34.902122 34.595215 34.363297 34.058537 33.824856 33.522568 33.287418 32.987881 32.751507 32.454952 32.217567 31.924177 31.685938 31.395855 31.156879 30.870203 30.630569 30.347349 30.107100 29.827349 29.586483 29.310177 29.068663 28.795738 28.553507 28.283873 28.040827 27.774361 27.530378 27.266932 27.021866 26.761267 26.514952 26.257017 26.009268 25.753794 25.504421 25.251196 25.000000 
