25.000000 25.000000 25.000000 25.000000 25.000000 25.000000 25.000000 25.000000 25.000000 25.000000 25.000000 25.000000 25.000000 25.000000 25.000000 25.000000 25.000000 25.000000 25.000000 25.000000 25.000000 25.000000 25.000000 25.000000 25.000000 25.000000 25.000000 25.000000 25.000000 25.000000 25.000000 25.000000 25.000000 25.000000 25.000000 25.000000 25.000000 25.000000 25.000000 25.000000 25.000000 25.000000 25.000000 25.000000 25.000000 25.000000 25.000000 25.000000 25.000000 25.000000 25.000000 25.000000 25.000000 25.000000 25.000000 25.000000 25.000000 25.000000 25.000000 25.000000 25.000000 25.000000 25.000000 25.000000 25.000000 25.000000 25.000000 25.000000 25.000000 25.000000 25.000000 25.000000 25.000000 25.000000 25.000000 25.000000 25.000000 25.000000 25.000000 25.000000 25.000000 25.000000 25.000000 25.000000 25.000000 25.000000 25.000000 25.000000 25.000000 25.000000 25.000000 25.000000 25.000000 25.000000 25.000000 25.000000 25.000000 25.000000 25.000000 25.000000 25.000000 25.000000 25.000000 25.000000 25.000000 25.000000 25.000000 25.000000 25.000000 25.000000 25.000000 25.000000 25.000000 25.000000 25.000000 25.000000 25.000000 25.000000 25.000000 25.000000 25.000000 25.000000 25.000000 25.000000 25.000000 25.000000 25.000000 25.000000 25.000000 25.000000 25.000000 25.000000 25.000000 25.000000 25.000000 25.000000 25.000000 25.000000 25.000000 25.000000 25.000000 25.000000 25.000000 25.000000 25.000000 25.000000 25.000000 25.000000 25.000000 25.000000 25.000000 25.000000 25.000000 25.000000 25.000000 25.000000 25.000000 25.000000 25.000000 25.000000 25.000000 25.000000 25.000000 25.000000 25.000000 25.000000 25.000000 25.000000 25.000000 25.000000 25.000000 25.000000 25.000000 25.000000 25.000000 25.000000 25.000000 25.000000 25.000000 25.000000 25.000000 25.000000 25.000000 25.000000 25.000000 25.000000 25.000000 25.000000 25.000000 25.000000 25.000000 25.000000 25.000000 25.000000 25.000000 25.000000 25.000000 25.000000 25.000000 25.000000 
25.000000 25.000078 25.000158 25.000240 25.000328 25.000416 25.000515 25.000616 25.000732 25.000849 25.000986 25.001125 25.001291 25.001457 25.001659 25.001860 25.002104 25.002346 25.002640 25.002932 25.003284 25.003635 25.004061 25.004477 25.004984 25.005480 25.006079 25.006664 25.007372 25.008057 25.008886 25.009684 25.010653 25.011572 25.012695 25.013750 25.015045 25.016245 25.017733 25.019087 25.020782 25.022303 25.024223 25.025917 25.028080 25.029953 25.032373 25.034431 25.037121 25.039364 25.042336 25.044760 25.048023 25.050627 25.054184 25.056955 25.060810 25.063734 25.067884 25.070946 25.075384 25.078556 25.083271 25.086529 25.091501 25.094814 25.100023 25.103354 25.108772 25.112080 25.117674 25.120914 25.126646 25.129778 25.135605 25.138577 25.144455 25.147219 25.153095 25.155603 25.161428 25.163630 25.169350 25.171204 25.176760 25.178223 25.183563 25.184595 25.189667 25.190235 25.194986 25.195065 25.199448 25.199013 25.202988 25.202026 25.205553 25.204060 25.207108 25.205084 25.207628 25.205084 25.207108 25.204060 25.205553 25.202026 25.202988 25.199013 25.199448 25.195065 25.194986 25.190235 25.189667 25.184595 25.183563 25.178223 25.176760 25.171204 25.169350 25.163630 25.161428 25.155603 25.153095 25.147219 25.144455 25.138577 25.135605 25.129778 25.126646 25.120914 25.117674 25.112080 25.108772 25.103354 25.100023 25.094814 25.091501 25.086529 25.083271 25.078556 25.075384 25.070946 25.067884 25.063734 25.060810 25.056955 25.054184 25.050627 25.048023 25.044760 25.042336 25.039364 25.037121 25.034431 25.032373 25.029953 25.028080 25.025917 25.024223 25.022303 25.020782 25.019087 25.017733 25.016245 25.015045 25.013748 25.012695 25.011572 25.010653 25.009684 25.008886 25.008057 25.007370 25.006662 25.006077 25.005476 25.004980 25.004475 25.004055 25.003630 25.003281 25.002924 25.002632 25.002337 25.002094 25.001848 25.001646 25.001442 25.001274 25.001106 25.000963 25.000822 25.000700 25.000580 25.000475 25.000370 25.000275 25.000179 25.000090 25.000000 
25.000000 25.000158 25.000319 25.000486 25.000656 25.000845 25.001034 25.001249 25.001467 25.001720 25.001976 25.002281 25.002586 25.002954 25.003323 25.003767 25.004211 25.004749 25.005285 25.005936 25.006578 25.007360 25.008129 25.009064 25.009979 25.011089 25.012175 25.013487 25.014763 25.016306 25.017794 25.019602 25.021324 25.023426 25.025408 25.027840 25.030102 25.032902 25.035467 25.038668 25.041555 25.045191 25.048422 25.052528 25.056114 25.060722 25.064674 25.069815 25.074139 25.079834 25.084528 25.090799 25.095858 25.102720 25.108128 25.115585 25.121317 25.129372 25.135397 25.144037 25.150314 25.159523 25.166000 25.175747 25.182367 25.192612 25.199305 25.209997 25.216686 25.227768 25.234367 25.245766 25.252190 25.263823 25.269976 25.281755 25.287539 25.299370 25.304686 25.316463 25.321215 25.332832 25.336927 25.348276 25.351625 25.362593 25.365116 25.375593 25.377216 25.387102 25.387762 25.396954 25.396605 25.405012 25.403618 25.411163 25.408703 25.415314 25.411783 25.417404 25.412815 25.417404 25.411783 25.415314 25.408703 25.411163 25.403618 25.405012 25.396605 25.396954 25.387762 25.387102 25.377216 25.375593 25.365116 25.362593 25.351625 25.348276 25.336927 25.332832 25.321215 25.316463 25.304686 25.299370 25.287539 25.281755 25.269976 25.263823 25.252190 25.245766 25.234367 25.227768 25.216686 25.209997 25.199305 25.192612 25.182367 25.175747 25.166000 25.159523 25.150314 25.144037 25.135397 25.129372 25.121317 25.115585 25.108128 25.102720 25.095858 25.090799 25.084528 25.079834 25.074139 25.069815 25.064674 25.060722 25.056114 25.052528 25.048422 25.045191 25.041555 25.038668 25.035465 25.032902 25.030102 25.027840 25.025406 25.023426 25.021322 25.019600 25.017794 25.016304 25.014761 25.013485 25.012171 25.011086 25.009974 25.009058 25.008121 25.007351 25.006569 25.005924 25.005272 25.004734 25.004192 25.003744 25.003296 25.002924 25.002552 25.002239 25.001928 25.001665 25.001404 25.001177 25.000952 25.000750 25.000549 25.000364 25.000179 25.000000 
25.000000 25.000240 25.000486 25.000734 25.001003 25.001274 25.001577 25.001884 25.002239 25.002596 25.003017 25.003441 25.003948 25.004457 25.005070 25.005684 25.006426 25.007166 25.008062 25.008953 25.010035 25.011103 25.012400 25.013672 25.015219 25.016731 25.018562 25.020346 25.022507 25.024593 25.027128 25.029554 25.032513 25.035313 25.038746 25.041954 25.045916 25.049568 25.054108 25.058235 25.063410 25.068041 25.073902 25.079062 25.085659 25.091368 25.098749 25.105017 25.113220 25.120052 25.129112 25.136503 25.146448 25.154379 25.165222 25.173666 25.185413 25.194326 25.206970 25.216299 25.229816 25.239489 25.253845 25.263779 25.278921 25.289019 25.304878 25.315031 25.331524 25.341608 25.358635 25.368521 25.385963 25.395512 25.413246 25.422310 25.440193 25.448626 25.466505 25.474157 25.491875 25.498604 25.515995 25.521660 25.538559 25.543032 25.559271 25.562435 25.577852 25.579607 25.594049 25.594307 25.607630 25.606331 25.618404 25.615507 25.626215 25.621698 25.630947 25.624817 25.632534 25.624817 25.630947 25.621698 25.626215 25.615507 25.618404 25.606331 25.607630 25.594307 25.594049 25.579607 25.577852 25.562435 25.559271 25.543032 25.538559 25.521660 25.515995 25.498604 25.491875 25.474157 25.466505 25.448626 25.440193 25.422310 25.413246 25.395512 25.385963 25.368521 25.358635 25.341608 25.331524 25.315031 25.304878 25.289019 25.278921 25.263779 25.253845 25.239489 25.229816 25.216299 25.206970 25.194326 25.185413 25.173666 25.165222 25.154379 25.146448 25.136503 25.129112 25.120052 25.113220 25.105017 25.098749 25.091368 25.085659 25.079062 25.073902 25.068041 25.063410 25.058235 25.054108 25.049566 25.045916 25.041954 25.038746 25.035313 25.032513 25.029552 25.027124 25.024591 25.022503 25.020342 25.018557 25.016724 25.015209 25.013662 25.012386 25.011089 25.010019 25.008936 25.008043 25.007141 25.006397 25.005648 25.005030 25.004410 25.003893 25.003380 25.002945 25.002514 25.002142 25.001776 25.001451 25.001131 25.000839 25.000549 25.000275 25.000000 
25.000000 25.000328 25.000656 25.001003 25.001352 25.001738 25.002127 25.002569 25.003017 25.003538 25.004065 25.004690 25.005318 25.006073 25.006830 25.007742 25.008656 25.009760 25.010859 25.012194 25.013514 25.015118 25.016695 25.018614 25.020493 25.022770 25.024996 25.027689 25.030300 25.033470 25.036514 25.040224 25.043751 25.048067 25.052122 25.057116 25.061747 25.067490 25.072742 25.079306 25.085220 25.092674 25.099289 25.107706 25.115049 25.124493 25.132586 25.143114 25.151970 25.163633 25.173248 25.186089 25.196449 25.210493 25.221569 25.236832 25.248573 25.265053 25.277393 25.295069 25.307928 25.326759 25.340029 25.359959 25.373520 25.394464 25.408176 25.430033 25.443739 25.466383 25.479910 25.503197 25.516363 25.540129 25.552742 25.576801 25.588665 25.612820 25.623732 25.647774 25.657534 25.681246 25.689665 25.712820 25.719715 25.742090 25.747295 25.768667 25.772034 25.792191 25.793592 25.812332 25.811670 25.828804 25.826012 25.841375 25.836405 25.849859 25.842703 25.854134 25.844810 25.854134 25.842703 25.849859 25.836405 25.841375 25.826012 25.828804 25.811670 25.812332 25.793592 25.792191 25.772034 25.768667 25.747295 25.742090 25.719715 25.712820 25.689665 25.681246 25.657534 25.647774 25.623732 25.612820 25.588665 25.576801 25.552742 25.540129 25.516363 25.503197 25.479910 25.466383 25.443739 25.430033 25.408176 25.394464 25.373520 25.359959 25.340029 25.326759 25.307928 25.295069 25.277393 25.265053 25.248573 25.236832 25.221569 25.210493 25.196449 25.186089 25.173248 25.163633 25.151970 25.143114 25.132586 25.124493 25.115049 25.107706 25.099289 25.092674 25.085218 25.079304 25.072741 25.067490 25.061747 25.057116 25.052122 25.048065 25.043749 25.040220 25.036512 25.033464 25.030294 25.027681 25.024986 25.022760 25.020481 25.018599 25.016680 25.015099 25.013493 25.012169 25.010830 25.009726 25.008614 25.007696 25.006773 25.006008 25.005245 25.004604 25.003967 25.003424 25.002888 25.002420 25.001957 25.001543 25.001131 25.000750 25.000370 25.000000 
25.000000 25.000416 25.000845 25.001274 25.001738 25.002207 25.002729 25.003262 25.003872 25.004488 25.005215 25.005947 25.006823 25.007702 25.008759 25.009817 25.011099 25.012375 25.013922 25.015457 25.017323 25.019163 25.021399 25.023594 25.026258 25.028864 25.032021 25.035091 25.038816 25.042408 25.046780 25.050953 25.056055 25.060869 25.066788 25.072306 25.079130 25.085411 25.093233 25.100330 25.109241 25.117207 25.127295 25.136169 25.147522 25.157341 25.170036 25.180817 25.194923 25.206676 25.222250 25.234962 25.252052 25.265696 25.284325 25.298849 25.319025 25.334358 25.356068 25.372116 25.395319 25.411963 25.436598 25.453690 25.479668 25.497046 25.524246 25.541719 25.570000 25.587360 25.616547 25.633568 25.663465 25.679909 25.710295 25.725914 25.756546 25.771084 25.801702 25.814905 25.845238 25.856861 25.886627 25.896427 25.925341 25.933100 25.960873 25.966391 25.992752 25.995852 26.020535 26.021076 26.043833 26.041704 26.062313 26.057444 26.075710 26.068064 26.083828 26.073414 26.086548 26.073414 26.083828 26.068064 26.075710 26.057444 26.062313 26.041704 26.043833 26.021076 26.020535 25.995852 25.992752 25.966391 25.960873 25.933100 25.925341 25.896427 25.886627 25.856861 25.845238 25.814905 25.801702 25.771084 25.756546 25.725914 25.710295 25.679909 25.663465 25.633568 25.616547 25.587360 25.570000 25.541719 25.524246 25.497046 25.479668 25.453690 25.436598 25.411963 25.395319 25.372116 25.356068 25.334358 25.319025 25.298849 25.284325 25.265696 25.252052 25.234962 25.222250 25.206675 25.194923 25.180817 25.170036 25.157339 25.147522 25.136169 25.127295 25.117205 25.109240 25.100328 25.093231 25.085409 25.079128 25.072306 25.066784 25.060867 25.056051 25.050949 25.046774 25.042402 25.038809 25.035082 25.032011 25.028852 25.026243 25.023577 25.021378 25.019138 25.017296 25.015425 25.013885 25.012329 25.011047 25.009756 25.008688 25.007620 25.006727 25.005838 25.005089 25.004345 25.003704 25.003071 25.002512 25.001957 25.001453 25.000952 25.000475 25.000000 
25.000000 25.000515 25.001034 25.001577 25.002127 25.002729 25.003340 25.004034 25.004734 25.005552 25.006376 25.007355 25.008341 25.009521 25.010706 25.012136 25.013565 25.015293 25.017014 25.019100 25.021166 25.023674 25.026144 25.029140 25.032080 25.035641 25.039116 25.043327 25.047405 25.052361 25.057114 25.062914 25.068415 25.075165 25.081490 25.089294 25.096518 25.105488 25.113680 25.123928 25.133154 25.144791 25.155107 25.168240 25.179693 25.194420 25.207047 25.223459 25.237272 25.255447 25.270447 25.290449 25.306610 25.328482 25.345757 25.369518 25.387833 25.413479 25.432732 25.460230 25.480291 25.509579 25.530283 25.561268 25.582428 25.614981 25.636379 25.670340 25.691732 25.726904 25.748026 25.784185 25.804750 25.841639 25.861349 25.898682 25.917231 25.954702 25.971775 26.009060 26.024349 26.061106 26.074316 26.110197 26.121044 26.155701 26.163927 26.197016 26.202389 26.233580 26.235907 26.264885 26.264009 26.290491 26.286301 26.310028 26.302456 26.323214 26.312246 26.329855 26.315525 26.329855 26.312246 26.323214 26.302456 26.310028 26.286301 26.290491 26.264009 26.264885 26.235907 26.233580 26.202389 26.197016 26.163927 26.155701 26.121044 26.110197 26.074316 26.061106 26.024349 26.009060 25.971775 25.954702 25.917231 25.898682 25.861349 25.841639 25.804750 25.784185 25.748026 25.726904 25.691732 25.670340 25.636379 25.614981 25.582428 25.561268 25.530283 25.509579 25.480291 25.460230 25.432732 25.413479 25.387833 25.369518 25.345757 25.328482 25.306610 25.290449 25.270447 25.255447 25.237270 25.223459 25.207045 25.194420 25.179691 25.168240 25.155106 25.144791 25.133152 25.123926 25.113678 25.105484 25.096516 25.089289 25.081488 25.075159 25.068413 25.062908 25.057108 25.052353 25.047396 25.043316 25.039101 25.035625 25.032061 25.029119 25.026117 25.023643 25.021132 25.019060 25.016966 25.015240 25.013498 25.012062 25.010620 25.009420 25.008224 25.007221 25.006222 25.005373 25.004530 25.003798 25.003073 25.002422 25.001778 25.001179 25.000582 25.000000 
25.000000 25.000616 25.001249 25.001884 25.002569 25.003262 25.004034 25.004814 25.005714 25.006626 25.007696 25.008778 25.010065 25.011360 25.012917 25.014477 25.016361 25.018242 25.020519 25.022778 25.025520 25.028229 25.031513 25.034744 25.038658 25.042488 25.047131 25.051640 25.057116 25.062389 25.068815 25.074938 25.082436 25.089500 25.098196 25.106289 25.116312 25.125525 25.137007 25.147415 25.160490 25.172173 25.186970 25.199986 25.216629 25.231028 25.249630 25.265442 25.286102 25.303337 25.326141 25.344784 25.369793 25.389799 25.417053 25.438353 25.467859 25.490345 25.522081 25.545616 25.579523 25.603933 25.639919 25.664991 25.702925 25.728416 25.768124 25.793762 25.835026 25.860506 25.903078 25.928070 25.971663 25.995817 26.040104 26.063059 26.107687 26.129074 26.173666 26.193111 26.237268 26.254410 26.297724 26.312214 26.354265 26.365784 26.406160 26.414412 26.452711 26.457441 26.493280 26.494278 26.527296 26.524403 26.554279 26.547384 26.573839 26.562895 26.585690 26.570707 26.589659 26.570707 26.585690 26.562895 26.573839 26.547384 26.554279 26.524403 26.527296 26.494278 26.493280 26.457441 26.452711 26.414412 26.406160 26.365784 26.354265 26.312214 26.297724 26.254410 26.237268 26.193111 26.173666 26.129074 26.107687 26.063059 26.040104 25.995817 25.971663 25.928070 25.903078 25.860506 25.835026 25.793762 25.768124 25.728416 25.702925 25.664991 25.639919 25.603933 25.579523 25.545616 25.522081 25.490345 25.467859 25.438353 25.417053 25.389799 25.369793 25.344784 25.326141 25.303337 25.286102 25.265440 25.249630 25.231026 25.216629 25.199984 25.186970 25.172171 25.160490 25.147413 25.137003 25.125523 25.116308 25.106287 25.098190 25.089499 25.082430 25.074934 25.068808 25.062380 25.057104 25.051626 25.047115 25.042469 25.038637 25.034718 25.031483 25.028193 25.025478 25.022728 25.020462 25.018173 25.016285 25.014387 25.012812 25.011238 25.009924 25.008615 25.007511 25.006413 25.005468 25.004534 25.003710 25.002892 25.002148 25.001408 25.000702 25.000000 
25.000000 25.000732 25.001467 25.002239 25.003017 25.003872 25.004734 25.005714 25.006706 25.007862 25.009031 25.010414 25.011806 25.013475 25.015150 25.017168 25.019186 25.021627 25.024057 25.027002 25.029917 25.033453 25.036940 25.041164 25.045309 25.050331 25.055225 25.061167 25.066908 25.073896 25.080585 25.088762 25.096504 25.106012 25.114914 25.125904 25.136068 25.148697 25.160221 25.174641 25.187618 25.203983 25.218494 25.236954 25.253065 25.273756 25.291513 25.314562 25.333988 25.359503 25.380596 25.408659 25.431387 25.462061 25.486353 25.519663 25.545418 25.581354 25.608431 25.646946 25.675158 25.716162 25.745285 25.788647 25.818413 25.863951 25.894058 25.941544 25.971651 26.020813 26.050549 26.101067 26.130035 26.181549 26.209330 26.261444 26.287605 26.339890 26.363998 26.415997 26.437618 26.488857 26.507578 26.557570 26.572996 26.621256 26.633022 26.679071 26.686857 26.730236 26.733767 26.774038 26.773096 26.809860 26.804289 26.837194 26.826897 26.855640 26.840595 26.864931 26.845184 26.864931 26.840595 26.855640 26.826897 26.837194 26.804289 26.809860 26.773096 26.774038 26.733767 26.730236 26.686857 26.679071 26.633022 26.621256 26.572996 26.557570 26.507578 26.488857 26.437618 26.415997 26.363998 26.339890 26.287605 26.261444 26.209330 26.181549 26.130035 26.101067 26.050549 26.020813 25.971651 25.941544 25.894058 25.863951 25.818413 25.788647 25.745285 25.716162 25.675158 25.646946 25.608431 25.581354 25.545418 25.519663 25.486353 25.462061 25.431387 25.408659 25.380596 25.359501 25.333988 25.314562 25.291512 25.273756 25.253063 25.236954 25.218493 25.203983 25.187616 25.174639 25.160219 25.148691 25.136065 25.125898 25.114910 25.106007 25.096498 25.088753 25.080576 25.073885 25.066893 25.061150 25.055206 25.050308 25.045282 25.041134 25.036905 25.033411 25.029869 25.026943 25.023989 25.021549 25.019094 25.017063 25.015026 25.013330 25.011641 25.010221 25.008812 25.007610 25.006416 25.005381 25.004353 25.003433 25.002520 25.001671 25.000824 25.000000 
25.000000 25.000849 25.001720 25.002596 25.003538 25.004488 25.005552 25.006626 25.007862 25.009113 25.010584 25.012068 25.013834 25.015612 25.017748 25.019888 25.022470 25.025049 25.028170 25.031267 25.035021 25.038733 25.043230 25.047653 25.053013 25.058250 25.064608 25.070770 25.078268 25.085474 25.094267 25.102634 25.112888 25.122538 25.134424 25.145479 25.159174 25.171753 25.187435 25.201649 25.219496 25.235445 25.255632 25.273403 25.296097 25.315752 25.341105 25.362686 25.390833 25.414354 25.445402 25.470846 25.504881 25.532187 25.569256 25.598326 25.638439 25.669128 25.712254 25.744377 25.790432 25.823750 25.872606 25.906834 25.958307 25.993116 26.046970 26.081987 26.137930 26.172741 26.230431 26.264591 26.323633 26.356668 26.416624 26.448044 26.508432 26.537733 26.598042 26.624722 26.684410 26.707975 26.766493 26.786474 26.843250 26.859209 26.913691 26.925230 26.976871 26.983643 27.031925 27.033644 27.078087 27.074532 27.114698 27.105724 27.141237 27.126774 27.157318 27.137377 27.162703 27.137377 27.157318 27.126774 27.141237 27.105724 27.114698 27.074532 27.078087 27.033644 27.031925 26.983643 26.976871 26.925230 26.913691 26.859209 26.843250 26.786474 26.766493 26.707975 26.684410 26.624722 26.598042 26.537733 26.508432 26.448044 26.416624 26.356668 26.323633 26.264591 26.230431 26.172741 26.137930 26.081987 26.046970 25.993116 25.958307 25.906834 25.872606 25.823750 25.790432 25.744377 25.712254 25.669128 25.638439 25.598326 25.569256 25.532187 25.504881 25.470846 25.445402 25.414354 25.390831 25.362686 25.341105 25.315750 25.296097 25.273401 25.255632 25.235443 25.219496 25.201647 25.187431 25.171751 25.159170 25.145475 25.134418 25.122532 25.112879 25.102625 25.094255 25.085461 25.078251 25.070751 25.064585 25.058226 25.052982 25.047617 25.043188 25.038685 25.034964 25.031199 25.028090 25.024956 25.022364 25.019762 25.017603 25.015444 25.013641 25.011845 25.010326 25.008820 25.007523 25.006237 25.005104 25.003981 25.002956 25.001938 25.000967 25.000000 
25.000000 25.000986 25.001976 25.003017 25.004065 25.005215 25.006376 25.007696 25.009031 25.010584 25.012154 25.014011 25.015882 25.018122 25.020370 25.023079 25.025787 25.029060 25.032320 25.036264 25.040174 25.044910 25.049583 25.055241 25.060789 25.067516 25.074064 25.082020 25.089697 25.099054 25.107996 25.118937 25.129284 25.141998 25.153894 25.168585 25.182163 25.199034 25.214428 25.233681 25.251015 25.272854 25.292233 25.316854 25.338366 25.365950 25.389656 25.420366 25.446301 25.480274 25.508432 25.545782 25.576122 25.616922 25.649351 25.693634 25.728016 25.775766 25.811911 25.863062 25.900726 25.955156 25.994040 26.051567 26.091318 26.151703 26.191917 26.254856 26.295082 26.360209 26.399956 26.466845 26.505585 26.573757 26.610935 26.679865 26.714912 26.784031 26.816368 26.885067 26.914125 26.981781 27.007004 27.072973 27.093842 27.157480 27.173512 27.234190 27.244955 27.302065 27.307199 27.360170 27.359383 27.407686 27.400766 27.443937 27.430759 27.468401 27.448933 27.480724 27.455021 27.480724 27.448933 27.468401 27.430759 27.443937 27.400766 27.407686 27.359383 27.360170 27.307199 27.302065 27.244955 27.234190 27.173512 27.157480 27.093842 27.072973 27.007004 26.981781 26.914125 26.885067 26.816368 26.784031 26.714912 26.679865 26.610935 26.573757 26.505585 26.466845 26.399956 26.360209 26.295082 26.254856 26.191917 26.151703 26.091318 26.051567 25.994040 25.955156 25.900726 25.863062 25.811911 25.775766 25.728016 25.693634 25.649351 25.616922 25.576122 25.545782 25.508432 25.480274 25.446299 25.420364 25.389656 25.365948 25.338366 25.316853 25.292233 25.272854 25.251013 25.233679 25.214424 25.199030 25.182159 25.168579 25.153889 25.141991 25.129274 25.118923 25.107983 25.099037 25.089678 25.081997 25.074038 25.067486 25.060753 25.055201 25.049534 25.044855 25.040108 25.036186 25.032227 25.028954 25.025660 25.022934 25.020201 25.017927 25.015657 25.013752 25.011856 25.010241 25.008638 25.007244 25.005861 25.004625 25.003395 25.002251 25.001112 25.000000 
25.000000 25.001125 25.002281 25.003441 25.004690 25.005947 25.007355 25.008778 25.010414 25.012068 25.014011 25.015970 25.018305 25.020651 25.023472 25.026297 25.029705 25.033106 25.037220 25.041307 25.046253 25.051147 25.057070 25.062897 25.069956 25.076851 25.085220 25.093330 25.103201 25.112675 25.124247 25.135244 25.148731 25.161413 25.177038 25.191565 25.209557 25.226082 25.246672 25.265341 25.288763 25.309706 25.336185 25.359516 25.389263 25.415070 25.448280 25.476614 25.513464 25.544340 25.584967 25.618362 25.662872 25.698711 25.747160 25.785315 25.837713 25.877995 25.934298 25.976460 26.036556 26.080290 26.144005 26.188942 26.256033 26.301743 26.371899 26.417892 26.490730 26.536472 26.611546 26.656454 26.733242 26.776703 26.854633 26.896004 26.974453 27.013081 27.091379 27.126608 27.204054 27.235243 27.311115 27.337652 27.411221 27.432531 27.503071 27.518637 27.585442 27.594810 27.657211 27.660007 27.717382 27.713320 27.765102 27.753988 27.799690 27.781431 27.820646 27.795254 27.827665 27.795254 27.820646 27.781431 27.799690 27.753988 27.765102 27.713320 27.717382 27.660007 27.657211 27.594810 27.585442 27.518637 27.503071 27.432531 27.411221 27.337652 27.311115 27.235243 27.204054 27.126608 27.091379 27.013081 26.974453 26.896004 26.854633 26.776703 26.733242 26.656454 26.611546 26.536472 26.490730 26.417892 26.371899 26.301743 26.256033 26.188942 26.144005 26.080290 26.036556 25.976460 25.934298 25.877995 25.837713 25.785315 25.747160 25.698711 25.662872 25.618362 25.584967 25.544338 25.513462 25.476612 25.448280 25.415068 25.389263 25.359516 25.336185 25.309706 25.288763 25.265337 25.246670 25.226078 25.209551 25.191561 25.177031 25.161406 25.148720 25.135233 25.124231 25.112656 25.103178 25.093304 25.085190 25.076815 25.069914 25.062847 25.057014 25.051081 25.046177 25.041216 25.037113 25.032982 25.029562 25.026129 25.023277 25.020428 25.018045 25.015673 25.013666 25.011673 25.009960 25.008259 25.006760 25.005272 25.003916 25.002567 25.001282 25.000000 
25.000000 25.001291 25.002586 25.003948 25.005318 25.006823 25.008341 25.010065 25.011806 25.013834 25.015882 25.018305 25.020744 25.023664 25.026594 25.030123 25.033651 25.037914 25.042158 25.047291 25.052382 25.058540 25.064617 25.071972 25.079184 25.087927 25.096432 25.106770 25.116737 25.128891 25.140495 25.154699 25.168123 25.184622 25.200048 25.219099 25.236708 25.258572 25.278530 25.303469 25.325935 25.354208 25.379320 25.411173 25.439047 25.474709 25.505424 25.545103 25.578701 25.622574 25.659048 25.707251 25.746548 25.799170 25.841173 25.898252 25.942783 26.004299 26.051113 26.116972 26.165754 26.235794 26.286165 26.360147 26.411652 26.489262 26.541380 26.622225 26.674377 26.757982 26.809536 26.895357 26.945635 27.033051 27.081343 27.169674 27.215246 27.303761 27.345871 27.433794 27.471710 27.558235 27.591246 27.675554 27.702986 27.784254 27.805487 27.882910 27.897394 27.970190 27.977455 28.044899 28.044567 28.105989 28.097788 28.152594 28.136358 28.184040 28.159727 28.199881 28.167555 28.199881 28.159727 28.184040 28.136358 28.152594 28.097788 28.105989 28.044567 28.044899 27.977455 27.970190 27.897394 27.882910 27.805487 27.784254 27.702986 27.675554 27.591246 27.558235 27.471710 27.433794 27.345871 27.303761 27.215246 27.169674 27.081343 27.033051 26.945635 26.895357 26.809536 26.757982 26.674377 26.622225 26.541380 26.489262 26.411652 26.360147 26.286165 26.235794 26.165754 26.116972 26.051113 26.004297 25.942783 25.898252 25.841173 25.799170 25.746548 25.707251 25.659048 25.622572 25.578701 25.545103 25.505423 25.474709 25.439045 25.411171 25.379320 25.354206 25.325933 25.303467 25.278526 25.258568 25.236704 25.219093 25.200043 25.184612 25.168112 25.154684 25.140478 25.128868 25.116711 25.106741 25.096395 25.087887 25.079134 25.071917 25.064550 25.058464 25.052292 25.047188 25.042036 25.037771 25.033487 25.029932 25.026373 25.023409 25.020451 25.017963 25.015490 25.013382 25.011290 25.009470 25.007664 25.006046 25.004440 25.002943 25.001453 25.000000 
25.000000 25.001457 25.002954 25.004457 25.006073 25.007702 25.009521 25.011360 25.013475 25.015612 25.018122 25.020651 25.023664 25.026693 25.030329 25.033972 25.038366 25.042751 25.048048 25.053316 25.059683 25.065983 25.073606 25.081100 25.090183 25.099047 25.109814 25.120234 25.132923 25.145092 25.159962 25.174084 25.191404 25.207684 25.227736 25.246380 25.269455 25.290657 25.317051 25.340998 25.371004 25.397863 25.431763 25.461678 25.499739 25.532822 25.575287 25.611605 25.658691 25.698267 25.750149 25.792948 25.849751 25.895678 25.957470 26.006365 26.073153 26.124771 26.196491 26.250523 26.327026 26.383078 26.464142 26.521742 26.607048 26.665651 26.754801 26.813787 26.906290 26.964977 27.060255 27.117907 27.215303 27.271135 27.369917 27.423117 27.522490 27.572226 27.671341 27.716782 27.814747 27.855080 27.950983 27.985426 28.078342 28.106167 28.195181 28.215725 28.299944 28.312634 28.391214 28.395569 28.467726 28.463377 28.528400 28.515099 28.572374 28.550001 28.599014 28.567577 28.607937 28.567577 28.599014 28.550001 28.572374 28.515099 28.528400 28.463377 28.467726 28.395569 28.391214 28.312634 28.299944 28.215725 28.195181 28.106167 28.078342 27.985426 27.950983 27.855080 27.814747 27.716782 27.671341 27.572226 27.522490 27.423117 27.369917 27.271135 27.215303 27.117907 27.060255 26.964977 26.906290 26.813787 26.754801 26.665651 26.607048 26.521742 26.464142 26.383078 26.327026 26.250523 26.196491 26.124771 26.073153 26.006365 25.957470 25.895678 25.849749 25.792948 25.750147 25.698267 25.658689 25.611605 25.575285 25.532820 25.499737 25.461676 25.431761 25.397861 25.371000 25.340996 25.317047 25.290653 25.269449 25.246372 25.227726 25.207674 25.191389 25.174068 25.159941 25.145069 25.132893 25.120199 25.109776 25.099001 25.090130 25.081036 25.073532 25.065895 25.059582 25.053196 25.047911 25.042589 25.038177 25.033754 25.030077 25.026403 25.023327 25.020266 25.017673 25.015100 25.012884 25.010687 25.008747 25.006824 25.005068 25.003323 25.001659 25.000000 
25.000000 25.001659 25.003323 25.005070 25.006830 25.008759 25.010706 25.012917 25.015150 25.017748 25.020370 25.023472 25.026594 25.030329 25.034079 25.038588 25.043100 25.048544 25.053968 25.060520 25.067020 25.074883 25.082634 25.092020 25.101213 25.112368 25.123203 25.136385 25.149080 25.164566 25.179342 25.197430 25.214518 25.235516 25.255146 25.279377 25.301777 25.329567 25.354952 25.386629 25.415197 25.451086 25.483013 25.523420 25.558851 25.604061 25.643097 25.693367 25.736059 25.791605 25.837948 25.898935 25.948858 26.015396 26.068756 26.140881 26.197451 26.275129 26.334600 26.417711 26.479689 26.568020 26.632019 26.725266 26.790716 26.888474 26.954721 27.056488 27.122805 27.227976 27.293566 27.401453 27.465462 27.575281 27.636814 27.747709 27.805843 27.916891 27.970692 28.080919 28.129465 28.237858 28.280254 28.385782 28.421181 28.522816 28.550432 28.647163 28.666306 28.757160 28.767235 28.851301 28.851830 28.928272 28.918905 28.986986 28.967516 29.026606 28.996964 29.046558 29.006826 29.046558 28.996964 29.026606 28.967516 28.986986 28.918905 28.928272 28.851830 28.851301 28.767235 28.757160 28.666306 28.647163 28.550432 28.522816 28.421181 28.385782 28.280254 28.237858 28.129465 28.080919 27.970692 27.916891 27.805843 27.747709 27.636814 27.575281 27.465462 27.401453 27.293566 27.227976 27.122805 27.056488 26.954721 26.888474 26.790716 26.725266 26.632019 26.568020 26.479689 26.417711 26.334600 26.275129 26.197451 26.140881 26.068756 26.015394 25.948858 25.898933 25.837948 25.791603 25.736059 25.693365 25.643095 25.604059 25.558849 25.523418 25.483011 25.451084 25.415195 25.386625 25.354946 25.329561 25.301771 25.279367 25.255136 25.235502 25.214502 25.197409 25.179319 25.164537 25.149046 25.136347 25.123158 25.112316 25.101151 25.091949 25.082548 25.074783 25.066904 25.060387 25.053810 25.048359 25.042887 25.038342 25.033792 25.029999 25.026215 25.023029 25.019865 25.017164 25.014484 25.012150 25.009836 25.007761 25.005699 25.003778 25.001865 25.000000 
25.000000 25.001860 25.003767 25.005684 25.007742 25.009817 25.012136 25.014477 25.017168 25.019888 25.023079 25.026297 25.030123 25.033972 25.038588 25.043215 25.048788 25.054354 25.061069 25.067751 25.075823 25.083805 25.093464 25.102955 25.114460 25.125677 25.139309 25.152489 25.168545 25.183933 25.202738 25.220587 25.242476 25.263048 25.288374 25.311924 25.341051 25.367826 25.401119 25.431355 25.469173 25.503080 25.545778 25.583534 25.631443 25.673187 25.726604 25.772425 25.831615 25.881538 25.946711 26.000694 26.072001 26.129923 26.207445 26.269102 26.352837 26.417931 26.507786 26.575924 26.671711 26.742405 26.843832 26.916489 27.023155 27.097094 27.208492 27.282936 27.398445 27.472548 27.591440 27.664276 27.785730 27.856321 27.979420 28.046751 28.170498 28.233530 28.356863 28.414560 28.536371 28.587713 28.706861 28.750875 28.866213 28.901985 29.012371 29.039076 29.143406 29.160320 29.257545 29.264071 29.353216 29.348886 29.429079 29.413576 29.484056 29.457226 29.517363 29.479208 29.528519 29.479208 29.517363 29.457226 29.484056 29.413576 29.429079 29.348886 29.353216 29.264071 29.257545 29.160320 29.143406 29.039076 29.012371 28.901985 28.866213 28.750875 28.706861 28.587713 28.536371 28.414560 28.356863 28.233530 28.170498 28.046751 27.979420 27.856321 27.785730 27.664276 27.591440 27.472548 27.398445 27.282936 27.208492 27.097094 27.023155 26.916489 26.843832 26.742405 26.671711 26.575924 26.507786 26.417931 26.352835 26.269102 26.207445 26.129923 26.072001 26.000694 25.946709 25.881538 25.831614 25.772425 25.726604 25.673185 25.631441 25.583532 25.545776 25.503077 25.469172 25.431349 25.401114 25.367819 25.341042 25.311914 25.288363 25.263033 25.242458 25.220566 25.202709 25.183901 25.168507 25.152445 25.139257 25.125618 25.114391 25.102871 25.093369 25.083691 25.075691 25.067596 25.060892 25.054148 25.048546 25.042936 25.038263 25.033600 25.029690 25.025799 25.022505 25.019232 25.016413 25.013617 25.011148 25.008699 25.006462 25.004236 25.002115 25.000000 
25.000000 25.002104 25.004211 25.006426 25.008656 25.011099 25.013565 25.016361 25.019186 25.022470 25.025787 25.029705 25.033651 25.038366 25.043100 25.048788 25.054483 25.061342 25.068184 25.076441 25.084631 25.094532 25.104292 25.116112 25.127678 25.141718 25.155344 25.171925 25.187881 25.207350 25.225918 25.248642 25.270105 25.296471 25.321119 25.351522 25.379641 25.414486 25.446341 25.486034 25.521877 25.566814 25.606865 25.657421 25.701857 25.758385 25.807333 25.870144 25.923668 25.993023 26.051115 26.127213 26.189785 26.272753 26.339624 26.429499 26.500389 26.597116 26.671646 26.775066 26.852739 26.962582 27.042797 27.158670 27.240721 27.362118 27.445190 27.571476 27.654667 27.785091 27.867411 28.001106 28.081497 28.217491 28.294840 28.432068 28.505232 28.642546 28.710365 28.846556 28.907887 29.041702 29.095432 29.225599 29.270676 29.395920 29.431372 29.550446 29.575409 29.687119 29.700851 29.804071 29.805981 29.899687 29.889332 29.972616 29.949732 30.021824 29.986320 30.046606 29.998573 30.046606 29.986320 30.021824 29.949732 29.972616 29.889332 29.899687 29.805981 29.804071 29.700851 29.687119 29.575409 29.550446 29.431372 29.395920 29.270676 29.225599 29.095432 29.041702 28.907887 28.846556 28.710365 28.642546 28.505232 28.432068 28.294840 28.217491 28.081497 28.001106 27.867411 27.785091 27.654667 27.571476 27.445190 27.362118 27.240721 27.158670 27.042797 26.962582 26.852739 26.775066 26.671646 26.597116 26.500389 26.429497 26.339624 26.272751 26.189785 26.127213 26.051115 25.993021 25.923668 25.870142 25.807331 25.758385 25.701855 25.657419 25.606861 25.566811 25.521873 25.486029 25.446335 25.414478 25.379631 25.351511 25.321106 25.296453 25.270086 25.248617 25.225887 25.207314 25.187840 25.171875 25.155285 25.141651 25.127598 25.116020 25.104181 25.094406 25.084480 25.076267 25.067982 25.061108 25.054211 25.048471 25.042736 25.037941 25.033165 25.029140 25.025143 25.021729 25.018341 25.015387 25.012459 25.009832 25.007221 25.004787 25.002365 25.000000 
25.000000 25.002346 25.004749 25.007166 25.009760 25.012375 25.015293 25.018242 25.021627 25.025049 25.029060 25.033106 25.037914 25.042751 25.048544 25.054354 25.061342 25.068329 25.076748 25.085123 25.095238 25.105238 25.117340 25.129219 25.143627 25.157663 25.174723 25.191204 25.211287 25.230524 25.254028 25.276335 25.303677 25.329374 25.360989 25.390396 25.426731 25.460157 25.501659 25.539394 25.586508 25.628813 25.681965 25.729065 25.788658 25.840721 25.907122 25.964258 26.037783 26.100023 26.180922 26.248215 26.336666 26.408863 26.504953 26.581800 26.685518 26.766647 26.877869 26.962795 27.081276 27.169390 27.294760 27.385336 27.517090 27.609282 27.746782 27.839638 27.982111 28.074577 28.221123 28.312061 28.461653 28.549860 28.701365 28.785583 28.937771 29.016724 29.168283 29.240688 29.390253 29.454855 29.601023 29.656618 29.797976 29.843437 29.978588 30.012896 30.140486 30.162743 30.281487 30.290949 30.399656 30.395746 30.493351 30.475672 30.561247 30.529596 30.602377 30.556753 30.616152 30.556753 30.602377 30.529596 30.561247 30.475672 30.493351 30.395746 30.399656 30.290949 30.281487 30.162743 30.140486 30.012896 29.978588 29.843437 29.797976 29.656618 29.601023 29.454855 29.390253 29.240688 29.168283 29.016724 28.937771 28.785583 28.701365 28.549860 28.461653 28.312061 28.221123 28.074577 27.982111 27.839638 27.746782 27.609282 27.517090 27.385336 27.294760 27.169390 27.081276 26.962795 26.877869 26.766647 26.685518 26.581800 26.504953 26.408863 26.336664 26.248215 26.180920 26.100023 26.037779 25.964256 25.907122 25.840719 25.788656 25.729061 25.681961 25.628809 25.586502 25.539387 25.501652 25.460148 25.426720 25.390383 25.360973 25.329353 25.303654 25.276306 25.253994 25.230484 25.211239 25.191149 25.174658 25.157585 25.143539 25.129112 25.117218 25.105091 25.095072 25.084925 25.076521 25.068064 25.061035 25.053999 25.048130 25.042276 25.037363 25.032476 25.028332 25.024218 25.020672 25.017153 25.014046 25.010960 25.008142 25.005339 25.002666 25.000000 
25.000000 25.002640 25.005285 25.008062 25.010859 25.013922 25.017014 25.020519 25.024057 25.028170 25.032320 25.037220 25.042158 25.048048 25.053968 25.061069 25.068184 25.076748 25.085285 25.095589 25.105801 25.118153 25.130314 25.145052 25.159456 25.176949 25.193913 25.214560 25.234415 25.258642 25.281738 25.309996 25.336685 25.369450 25.400089 25.437843 25.472784 25.516026 25.555599 25.604822 25.649336 25.705021 25.754747 25.817352 25.872511 25.942459 26.003204 26.080872 26.147284 26.232981 26.305050 26.399012 26.476629 26.578997 26.661938 26.772751 26.860674 26.979849 27.072281 27.199610 27.295946 27.431084 27.530586 27.673042 27.774837 27.923975 28.027065 28.182100 28.285376 28.445372 28.547617 28.711506 28.811422 28.978004 29.074228 29.242191 29.333317 29.501253 29.585859 29.752283 29.828966 29.992344 30.059736 30.218513 30.275322 30.427938 30.472973 30.617910 30.650101 30.785902 30.804340 30.929636 30.933586 31.047132 31.036047 31.136742 31.110289 31.197201 31.155260 31.227650 31.170321 31.227650 31.155260 31.197201 31.110289 31.136742 31.036047 31.047132 30.933586 30.929636 30.804340 30.785902 30.650101 30.617910 30.472973 30.427938 30.275322 30.218513 30.059736 29.992344 29.828966 29.752283 29.585859 29.501253 29.333317 29.242191 29.074228 28.978004 28.811422 28.711506 28.547617 28.445372 28.285376 28.182100 28.027065 27.923975 27.774837 27.673042 27.530586 27.431084 27.295946 27.199610 27.072281 26.979847 26.860674 26.772749 26.661938 26.578995 26.476629 26.399010 26.305050 26.232979 26.147284 26.080870 26.003202 25.942457 25.872507 25.817348 25.754744 25.705015 25.649330 25.604815 25.555590 25.516016 25.472771 25.437828 25.400070 25.369427 25.336658 25.309965 25.281700 25.258596 25.234362 25.214497 25.193838 25.176863 25.159353 25.144934 25.130173 25.117992 25.105612 25.095369 25.085030 25.076450 25.067839 25.060671 25.053507 25.047512 25.041544 25.036509 25.031507 25.027231 25.022991 25.019293 25.015623 25.012331 25.009058 25.006006 25.002966 25.000000 
