25.000000 25.000000 25.000000 25.000000 25.000000 25.000000 25.000000 25.000000 25.000000 25.000000 25.000000 25.000000 25.000000 25.000000 25.000000 25.000000 25.000000 25.000000 25.000000 25.000000 25.000000 25.000000 25.000000 25.000000 25.000000 25.000000 25.000000 25.000000 25.000000 25.000000 25.000000 25.000000 25.000000 25.000000 25.000000 25.000000 25.000000 25.000000 25.000000 25.000000 25.000000 25.000000 25.000000 25.000000 25.000000 25.000000 25.000000 25.000000 25.000000 25.000000 25.000000 25.000000 25.000000 25.000000 25.000000 25.000000 25.000000 25.000000 25.000000 25.000000 25.000000 25.000000 25.000000 25.000000 25.000000 25.000000 25.000000 25.000000 25.000000 25.000000 25.000000 25.000000 25.000000 25.000000 25.000000 25.000000 25.000000 25.000000 25.000000 25.000000 25.000000 25.000000 25.000000 25.000000 25.000000 25.000000 25.000000 25.000000 25.000000 25.000000 25.000000 25.000000 25.000000 25.000000 25.000000 25.000000 25.000000 25.000000 25.000000 25.000000 25.000000 25.000000 25.000000 25.000000 25.000000 25.000000 25.000000 25.000000 25.000000 25.000000 25.000000 25.000000 25.000000 25.000000 25.000000 25.000000 25.000000 25.000000 25.000000 25.000000 25.000000 25.000000 25.000000 25.000000 25.000000 25.000000 25.000000 25.000000 25.000000 25.000000 25.000000 25.000000 25.000000 25.000000 25.000000 25.000000 25.000000 25.000000 25.000000 25.000000 25.000000 25.000000 25.000000 25.000000 25.000000 25.000000 25.000000 25.000000 25.000000 25.000000 25.000000 25.000000 25.000000 25.000000 25.000000 25.000000 25.000000 25.000000 25.000000 25.000000 25.000000 25.000000 25.000000 25.000000 25.000000 25.000000 25.000000 25.000000 25.000000 25.000000 25.000000 25.000000 25.000000 25.000000 25.000000 25.000000 25.000000 25.000000 25.000000 25.000000 25.000000 25.000000 25.000000 25.000000 25.000000 25.000000 25.000000 25.000000 25.000000 25.000000 25.000000 25.000000 25.000000 25.000000 25.000000 25.000000 25.000000 25.000000 25.000000 25.000000 
25.000000 25.000149 25.000301 25.000454 25.000618 25.000782 25.000963 25.001146 25.001354 25.001562 25.001802 25.002045 25.002327 25.002611 25.002949 25.003284 25.003685 25.004080 25.004555 25.005024 25.005587 25.006140 25.006802 25.007452 25.008230 25.008989 25.009897 25.010778 25.011839 25.012852 25.014080 25.015242 25.016659 25.017981 25.019606 25.021099 25.022953 25.024633 25.026733 25.028610 25.030977 25.033060 25.035711 25.038010 25.040960 25.043478 25.046747 25.049484 25.053082 25.056038 25.059973 25.063145 25.067423 25.070799 25.075424 25.078991 25.083958 25.087696 25.093000 25.096884 25.102512 25.106514 25.112446 25.116529 25.122744 25.126873 25.133337 25.137468 25.144146 25.148232 25.155085 25.159073 25.166054 25.169893 25.176950 25.180586 25.187666 25.191042 25.198088 25.201147 25.208096 25.210789 25.217581 25.219852 25.226425 25.228230 25.234522 25.235815 25.241768 25.242516 25.248072 25.248241 25.253349 25.252916 25.257530 25.256479 25.260557 25.258883 25.262390 25.260094 25.263004 25.260094 25.262390 25.258883 25.260557 25.256479 25.257530 25.252916 25.253349 25.248241 25.248072 25.242516 25.241768 25.235815 25.234522 25.228230 25.226425 25.219852 25.217581 25.210789 25.208096 25.201147 25.198088 25.191042 25.187666 25.180586 25.176950 25.169893 25.166054 25.159073 25.155085 25.148232 25.144146 25.137468 25.133337 25.126873 25.122744 25.116529 25.112446 25.106514 25.102512 25.096884 25.093000 25.087696 25.083958 25.078991 25.075424 25.070799 25.067423 25.063145 25.059973 25.056038 25.053082 25.049484 25.046745 25.043478 25.040960 25.038010 25.035711 25.033060 25.030977 25.028610 25.026731 25.024633 25.022951 25.021099 25.019604 25.017979 25.016657 25.015238 25.014076 25.012848 25.011833 25.010773 25.009892 25.008982 25.008223 25.007442 25.006792 25.006128 25.005573 25.005011 25.004538 25.004061 25.003662 25.003258 25.002920 25.002579 25.002291 25.002001 25.001753 25.001505 25.001289 25.001074 25.000881 25.000689 25.000513 25.000338 25.000168 25.000000 
25.000000 25.000301 25.000603 25.000919 25.001236 25.001583 25.001928 25.002319 25.002708 25.003157 25.003607 25.004133 25.004660 25.005281 25.005901 25.006641 25.007374 25.008249 25.009117 25.010157 25.011181 25.012409 25.013617 25.015059 25.016472 25.018166 25.019808 25.021786 25.023682 25.025982 25.028162 25.030819 25.033310 25.036366 25.039190 25.042683 25.045872 25.049841 25.053413 25.057899 25.061878 25.066917 25.071320 25.076948 25.081785 25.088036 25.093315 25.100214 25.105938 25.113506 25.119667 25.127922 25.134504 25.143454 25.150434 25.160076 25.167423 25.177748 25.185413 25.196404 25.204336 25.215958 25.224092 25.236303 25.244570 25.257315 25.265629 25.278843 25.287113 25.300718 25.308847 25.322758 25.330639 25.344755 25.352282 25.366499 25.373560 25.387764 25.394249 25.408319 25.414118 25.427935 25.432940 25.446379 25.450491 25.463425 25.466555 25.478865 25.480930 25.492502 25.493437 25.504156 25.503904 25.513674 25.512194 25.520927 25.518198 25.525820 25.521835 25.528284 25.523052 25.528284 25.521835 25.525820 25.518198 25.520927 25.512194 25.513674 25.503904 25.504156 25.493437 25.492502 25.480930 25.478865 25.466555 25.463425 25.450491 25.446379 25.432940 25.427935 25.414118 25.408319 25.394249 25.387764 25.373560 25.366499 25.352282 25.344755 25.330639 25.322758 25.308847 25.300718 25.287113 25.278843 25.265629 25.257315 25.244570 25.236303 25.224092 25.215958 25.204336 25.196404 25.185413 25.177748 25.167423 25.160076 25.150434 25.143454 25.134504 25.127922 25.119667 25.113506 25.105938 25.100214 25.093315 25.088036 25.081785 25.076946 25.071320 25.066917 25.061878 25.057899 25.053413 25.049839 25.045870 25.042681 25.039188 25.036360 25.033304 25.030813 25.028156 25.025974 25.023674 25.021774 25.019796 25.018152 25.016457 25.015041 25.013596 25.012386 25.011156 25.010126 25.009083 25.008209 25.007328 25.006588 25.005842 25.005215 25.004581 25.004045 25.003508 25.003044 25.002579 25.002172 25.001764 25.001394 25.001026 25.000681 25.000338 25.000000 
25.000000 25.000454 25.000919 25.001385 25.001884 25.002384 25.002939 25.003494 25.004126 25.004759 25.005493 25.006227 25.007093 25.007957 25.008984 25.010004 25.011223 25.012430 25.013874 25.015303 25.017012 25.018698 25.020714 25.022690 25.025059 25.027363 25.030136 25.032806 25.036039 25.039116 25.042862 25.046389 25.050705 25.054720 25.059669 25.064213 25.069853 25.074961 25.081352 25.087059 25.094259 25.100594 25.108658 25.115644 25.124624 25.132275 25.142216 25.150539 25.161478 25.170467 25.182432 25.192074 25.205084 25.215347 25.229406 25.240248 25.255348 25.266712 25.282831 25.294640 25.311741 25.323906 25.341930 25.354351 25.373226 25.385784 25.405418 25.417982 25.438267 25.450689 25.471502 25.483635 25.504831 25.516510 25.537941 25.549000 25.570496 25.580769 25.602154 25.611469 25.632563 25.640760 25.661373 25.668297 25.688240 25.693745 25.712833 25.716791 25.734848 25.737143 25.753994 25.754536 25.770023 25.768738 25.782721 25.779562 25.791918 25.786861 25.797485 25.790535 25.799351 25.790535 25.797485 25.786861 25.791918 25.779562 25.782721 25.768738 25.770023 25.754536 25.753994 25.737143 25.734848 25.716791 25.712833 25.693745 25.688240 25.668297 25.661373 25.640760 25.632563 25.611469 25.602154 25.580769 25.570496 25.549000 25.537941 25.516510 25.504831 25.483635 25.471502 25.450689 25.438267 25.417982 25.405418 25.385784 25.373226 25.354351 25.341930 25.323906 25.311741 25.294640 25.282831 25.266712 25.255348 25.240248 25.229406 25.215347 25.205084 25.192074 25.182432 25.170467 25.161476 25.150539 25.142216 25.132275 25.124622 25.115644 25.108656 25.100594 25.094257 25.087057 25.081350 25.074959 25.069849 25.064209 25.059664 25.054714 25.050699 25.046381 25.042852 25.039106 25.036026 25.032793 25.030119 25.027344 25.025036 25.022663 25.020683 25.018663 25.016973 25.015257 25.013823 25.012369 25.011152 25.009924 25.008894 25.007854 25.006977 25.006094 25.005341 25.004585 25.003929 25.003271 25.002686 25.002102 25.001562 25.001028 25.000513 25.000000 
25.000000 25.000618 25.001236 25.001884 25.002533 25.003242 25.003950 25.004747 25.005547 25.006464 25.007385 25.008461 25.009535 25.010809 25.012075 25.013586 25.015083 25.016876 25.018650 25.020773 25.022869 25.025377 25.027840 25.030794 25.033674 25.037140 25.040487 25.044535 25.048405 25.053106 25.057554 25.062988 25.068068 25.074314 25.080078 25.087217 25.093719 25.101830 25.109118 25.118280 25.126398 25.136690 25.145672 25.157162 25.167034 25.179790 25.190565 25.204641 25.216322 25.231764 25.244335 25.261173 25.274607 25.292858 25.307104 25.326767 25.341755 25.362806 25.378452 25.400850 25.417042 25.440725 25.457331 25.482212 25.499084 25.525051 25.542023 25.568939 25.585823 25.613533 25.630131 25.658455 25.674551 25.703293 25.718668 25.747608 25.762037 25.790947 25.804201 25.832836 25.844694 25.872805 25.883051 25.910385 25.918816 25.945120 25.951550 25.976580 25.980844 26.004362 26.006323 26.028105 26.027649 26.047497 26.044542 26.062275 26.056776 26.072241 26.064184 26.077257 26.066664 26.077257 26.064184 26.072241 26.056776 26.062275 26.044542 26.047497 26.027649 26.028105 26.006323 26.004362 25.980844 25.976580 25.951550 25.945120 25.918816 25.910385 25.883051 25.872805 25.844694 25.832836 25.804201 25.790947 25.762037 25.747608 25.718668 25.703293 25.674551 25.658455 25.630131 25.613533 25.585823 25.568939 25.542023 25.525051 25.499084 25.482212 25.457331 25.440725 25.417042 25.400850 25.378452 25.362806 25.341755 25.326765 25.307104 25.292858 25.274607 25.261173 25.244335 25.231764 25.216322 25.204641 25.190565 25.179789 25.167034 25.157162 25.145670 25.136688 25.126398 25.118279 25.109116 25.101826 25.093716 25.087210 25.080072 25.074305 25.068058 25.062977 25.057543 25.053091 25.048388 25.044516 25.040464 25.037113 25.033644 25.030760 25.027800 25.025330 25.022816 25.020712 25.018579 25.016794 25.014992 25.013477 25.011953 25.010668 25.009377 25.008280 25.007179 25.006229 25.005280 25.004446 25.003611 25.002855 25.002102 25.001394 25.000690 25.000000 
25.000000 25.000782 25.001583 25.002384 25.003242 25.004101 25.005053 25.006004 25.007090 25.008177 25.009439 25.010700 25.012188 25.013668 25.015430 25.017179 25.019270 25.021341 25.023821 25.026270 25.029203 25.032089 25.035549 25.038931 25.042999 25.046942 25.051704 25.056274 25.061821 25.067089 25.073515 25.079550 25.086954 25.093824 25.102310 25.110085 25.119753 25.128496 25.139446 25.149216 25.161551 25.172394 25.186203 25.198162 25.213535 25.226633 25.243647 25.257895 25.276611 25.292000 25.312468 25.328974 25.351221 25.368792 25.392832 25.411392 25.437206 25.456659 25.484207 25.504425 25.533644 25.554476 25.585266 25.606535 25.638773 25.660276 25.693802 25.715319 25.749949 25.771231 25.806753 25.827539 25.863712 25.883728 25.920288 25.939251 25.975914 25.993534 26.030001 26.045994 26.081951 26.096037 26.131166 26.143082 26.177061 26.186558 26.219072 26.225927 26.256670 26.260691 26.289371 26.290398 26.316748 26.314657 26.338434 26.333143 26.354139 26.345610 26.363647 26.351887 26.366833 26.351887 26.363647 26.345610 26.354139 26.333143 26.338434 26.314657 26.316748 26.290398 26.289371 26.260691 26.256670 26.225927 26.219072 26.186558 26.177061 26.143082 26.131166 26.096037 26.081951 26.045994 26.030001 25.993534 25.975914 25.939251 25.920288 25.883728 25.863712 25.827539 25.806753 25.771231 25.749949 25.715319 25.693802 25.660276 25.638773 25.606535 25.585266 25.554476 25.533644 25.504425 25.484207 25.456659 25.437206 25.411392 25.392830 25.368792 25.351221 25.328974 25.312468 25.292000 25.276611 25.257893 25.243647 25.226633 25.213535 25.198162 25.186203 25.172392 25.161547 25.149214 25.139444 25.128492 25.119747 25.110079 25.102303 25.093817 25.086943 25.079536 25.073498 25.067072 25.061800 25.056252 25.051676 25.046909 25.042961 25.038887 25.035498 25.032030 25.029135 25.026194 25.023729 25.021238 25.019150 25.017044 25.015274 25.013491 25.011984 25.010469 25.009174 25.007879 25.006750 25.005623 25.004616 25.003613 25.002687 25.001764 25.000881 25.000000 
25.000000 25.000963 25.001928 25.002939 25.003950 25.005053 25.006155 25.007397 25.008638 25.010069 25.011499 25.013174 25.014847 25.016827 25.018797 25.021143 25.023474 25.026258 25.029018 25.032316 25.035570 25.039471 25.043291 25.047886 25.052353 25.057743 25.062935 25.069227 25.075228 25.082539 25.089432 25.097878 25.105751 25.115454 25.124393 25.135477 25.145559 25.158148 25.169451 25.183666 25.196255 25.212217 25.226145 25.243961 25.259270 25.279041 25.295750 25.317562 25.335674 25.359596 25.379089 25.405169 25.425999 25.454254 25.476345 25.506779 25.530022 25.562597 25.586859 25.621510 25.646618 25.683247 25.709003 25.747471 25.773643 25.813780 25.840109 25.881704 25.907902 25.950712 25.976469 26.020218 26.045208 26.089584 26.113464 26.158138 26.180559 26.225170 26.245783 26.289959 26.308418 26.351772 26.367743 26.409883 26.423056 26.463594 26.473679 26.512236 26.518978 26.555187 26.558372 26.591896 26.591347 26.621874 26.617468 26.644720 26.636383 26.660126 26.647835 26.667881 26.651670 26.667881 26.647835 26.660126 26.636383 26.644720 26.617468 26.621874 26.591347 26.591896 26.558372 26.555187 26.518978 26.512236 26.473679 26.463594 26.423056 26.409883 26.367743 26.351772 26.308418 26.289959 26.245783 26.225170 26.180559 26.158138 26.113464 26.089584 26.045208 26.020218 25.976469 25.950712 25.907902 25.881704 25.840109 25.813780 25.773643 25.747471 25.709003 25.683247 25.646618 25.621510 25.586859 25.562597 25.530022 25.506777 25.476345 25.454254 25.425997 25.405169 25.379089 25.359596 25.335674 25.317562 25.295748 25.279041 25.259268 25.243961 25.226143 25.212214 25.196253 25.183664 25.169447 25.158142 25.145554 25.135468 25.124384 25.115442 25.105740 25.097860 25.089415 25.082516 25.075205 25.069199 25.062901 25.057703 25.052307 25.047832 25.043232 25.039398 25.035488 25.032221 25.028908 25.026133 25.023331 25.020975 25.018606 25.016607 25.014599 25.012890 25.011177 25.009701 25.008224 25.006924 25.005625 25.004450 25.003275 25.002174 25.001074 25.000000 
25.000000 25.001146 25.002319 25.003494 25.004747 25.006004 25.007397 25.008789 25.010376 25.011967 25.013811 25.015657 25.017828 25.019995 25.022566 25.025124 25.028175 25.031202 25.034821 25.038397 25.042679 25.046886 25.051941 25.056870 25.062813 25.068558 25.075512 25.082170 25.090267 25.097940 25.107319 25.116108 25.126913 25.136919 25.149294 25.160618 25.174709 25.187445 25.203402 25.217630 25.235596 25.251389 25.271496 25.288912 25.311287 25.330362 25.355116 25.375868 25.403090 25.425503 25.455263 25.479300 25.511639 25.537226 25.572157 25.599186 25.636684 25.665014 25.705021 25.734467 25.776882 25.807226 25.851910 25.882893 25.929661 25.960991 26.009617 26.040968 26.091179 26.122200 26.173685 26.203993 26.256405 26.285603 26.338560 26.366232 26.419323 26.445057 26.497843 26.521221 26.573254 26.593874 26.644688 26.662165 26.711294 26.725271 26.772261 26.782413 26.826818 26.832867 26.874268 26.875977 26.913990 26.911180 26.945454 26.938007 26.968239 26.956097 26.982035 26.965204 26.986654 26.965204 26.982035 26.956097 26.968239 26.938007 26.945454 26.911180 26.913990 26.875977 26.874268 26.832867 26.826818 26.782413 26.772261 26.725271 26.711294 26.662165 26.644688 26.593874 26.573254 26.521221 26.497843 26.445057 26.419323 26.366232 26.338560 26.285603 26.256405 26.203993 26.173685 26.122200 26.091179 26.040968 26.009617 25.960991 25.929661 25.882893 25.851910 25.807226 25.776882 25.734467 25.705021 25.665014 25.636684 25.599186 25.572155 25.537226 25.511639 25.479300 25.455263 25.425503 25.403090 25.375866 25.355116 25.330362 25.311287 25.288910 25.271494 25.251385 25.235590 25.217625 25.203396 25.187439 25.174702 25.160608 25.149281 25.136908 25.126894 25.116091 25.107296 25.097916 25.090239 25.082136 25.075472 25.068510 25.062757 25.056807 25.051867 25.046803 25.042580 25.038282 25.034689 25.031054 25.028002 25.024927 25.022337 25.019735 25.017530 25.015318 25.013424 25.011530 25.009878 25.008228 25.006758 25.005287 25.003935 25.002584 25.001291 25.000000 
25.000000 25.001354 25.002708 25.004126 25.005547 25.007090 25.008638 25.010376 25.012119 25.014124 25.016130 25.018476 25.020819 25.023590 25.026350 25.029634 25.032900 25.036795 25.040655 25.045271 25.049820 25.055279 25.060617 25.067047 25.073284 25.080826 25.088076 25.096878 25.105255 25.115477 25.125101 25.136906 25.147896 25.161451 25.173927 25.189405 25.203478 25.221052 25.236826 25.256664 25.274231 25.296495 25.315929 25.340773 25.362131 25.389688 25.413002 25.443392 25.468664 25.501980 25.529179 25.565483 25.594545 25.633869 25.664688 25.707027 25.739456 25.784760 25.818609 25.866783 25.901819 25.952721 25.988665 26.042105 26.078634 26.134373 26.171127 26.228870 26.265451 26.324860 26.360838 26.421526 26.456444 26.517984 26.551371 26.613297 26.644667 26.706484 26.735350 26.796537 26.822422 26.882444 26.904884 26.963202 26.981762 27.037834 27.052116 27.105415 27.115067 27.165092 27.169807 27.216087 27.215626 27.257730 27.251917 27.289467 27.278196 27.310867 27.294107 27.321640 27.299437 27.321640 27.294107 27.310867 27.278196 27.289467 27.251917 27.257730 27.215626 27.216087 27.169807 27.165092 27.115067 27.105415 27.052116 27.037834 26.981762 26.963202 26.904884 26.882444 26.822422 26.796537 26.735350 26.706484 26.644667 26.613297 26.551371 26.517984 26.456444 26.421526 26.360838 26.324860 26.265451 26.228870 26.171127 26.134373 26.078634 26.042105 25.988665 25.952721 25.901819 25.866783 25.818609 25.784760 25.739456 25.707026 25.664688 25.633869 25.594543 25.565483 25.529179 25.501980 25.468662 25.443392 25.413000 25.389688 25.362129 25.340771 25.315928 25.296492 25.274227 25.256659 25.236820 25.221045 25.203470 25.189394 25.173914 25.161434 25.147879 25.136881 25.125076 25.115446 25.105221 25.096838 25.088028 25.080770 25.073219 25.066973 25.060532 25.055178 25.049704 25.045137 25.040501 25.036617 25.032698 25.029400 25.026083 25.023281 25.020472 25.018076 25.015678 25.013607 25.011538 25.009714 25.007893 25.006245 25.004597 25.003052 25.001509 25.000000 
25.000000 25.001562 25.003157 25.004759 25.006464 25.008177 25.010069 25.011967 25.014124 25.016285 25.018793 25.021301 25.024252 25.027197 25.030687 25.034164 25.038305 25.042416 25.047325 25.052176 25.057989 25.063692 25.070553 25.077230 25.085297 25.093077 25.102512 25.111528 25.122511 25.132900 25.145615 25.157513 25.172153 25.185699 25.202459 25.217787 25.236866 25.254101 25.275696 25.294950 25.319252 25.340624 25.367811 25.391376 25.421618 25.447428 25.480867 25.508944 25.545704 25.576029 25.616198 25.648718 25.692352 25.726969 25.774078 25.810646 25.861200 25.899529 25.953444 25.993284 26.050425 26.091482 26.151653 26.193584 26.256535 26.298944 26.364368 26.406818 26.474348 26.516361 26.585581 26.626642 26.697081 26.736658 26.807798 26.845337 26.916624 26.951565 27.022411 27.054195 27.123997 27.152081 27.220213 27.244078 27.309917 27.329082 27.392015 27.406044 27.465479 27.473991 27.529367 27.532049 27.582844 27.579454 27.625204 27.615578 27.655878 27.639935 27.674450 27.652197 27.680670 27.652197 27.674450 27.639935 27.655878 27.615578 27.625204 27.579454 27.582844 27.532049 27.529367 27.473991 27.465479 27.406044 27.392015 27.329082 27.309917 27.244078 27.220213 27.152081 27.123997 27.054195 27.022411 26.951565 26.916624 26.845337 26.807798 26.736658 26.697081 26.626642 26.585581 26.516361 26.474348 26.406818 26.364368 26.298944 26.256535 26.193584 26.151653 26.091482 26.050425 25.993284 25.953444 25.899529 25.861200 25.810646 25.774078 25.726967 25.692350 25.648716 25.616198 25.576027 25.545704 25.508942 25.480867 25.447426 25.421618 25.391375 25.367809 25.340620 25.319246 25.294945 25.275688 25.254093 25.236855 25.217773 25.202442 25.185680 25.172131 25.157488 25.145584 25.132866 25.122471 25.111483 25.102457 25.093014 25.085222 25.077145 25.070452 25.063576 25.057854 25.052019 25.047146 25.042210 25.038067 25.033894 25.030375 25.026842 25.023844 25.020842 25.018265 25.015690 25.013443 25.011200 25.009199 25.007200 25.005360 25.003519 25.001759 25.000000 
25.000000 25.001802 25.003607 25.005493 25.007385 25.009439 25.011499 25.013811 25.016130 25.018793 25.021460 25.024576 25.027693 25.031370 25.035040 25.039396 25.043732 25.048901 25.054018 25.060146 25.066174 25.073420 25.080490 25.089024 25.097282 25.107286 25.116882 25.128555 25.139643 25.153189 25.165926 25.181562 25.196106 25.214054 25.230560 25.251045 25.269663 25.292910 25.313774 25.340004 25.363239 25.392662 25.418365 25.451181 25.479427 25.515812 25.546642 25.586748 25.620165 25.664112 25.700077 25.747946 25.786371 25.838202 25.878950 25.934725 25.977606 26.037258 26.082020 26.145426 26.191759 26.258730 26.306269 26.376547 26.424870 26.498137 26.546766 26.622637 26.671053 26.749077 26.796715 26.876383 26.922642 27.003393 27.047651 27.128870 27.170490 27.251528 27.289871 27.370045 27.404480 27.483088 27.513010 27.589338 27.614176 27.687521 27.706747 27.776419 27.789568 27.854910 27.861582 27.921978 27.921854 27.976744 27.969593 28.018478 28.004158 28.046618 28.025085 28.060785 28.032093 28.060785 28.025085 28.046618 28.004158 28.018478 27.969593 27.976744 27.921854 27.921978 27.861582 27.854910 27.789568 27.776419 27.706747 27.687521 27.614176 27.589338 27.513010 27.483088 27.404480 27.370045 27.289871 27.251528 27.170490 27.128870 27.047651 27.003393 26.922642 26.876383 26.796715 26.749077 26.671053 26.622637 26.546766 26.498137 26.424870 26.376547 26.306269 26.258730 26.191759 26.145426 26.082020 26.037258 25.977606 25.934725 25.878950 25.838200 25.786371 25.747944 25.700077 25.664110 25.620165 25.586748 25.546640 25.515812 25.479425 25.451180 25.418362 25.392656 25.363232 25.339996 25.313766 25.292898 25.269650 25.251030 25.230543 25.214031 25.196081 25.181532 25.165892 25.153149 25.139597 25.128500 25.116819 25.107212 25.097197 25.088923 25.080376 25.073284 25.066019 25.059967 25.053812 25.048662 25.043459 25.039083 25.034683 25.030958 25.027227 25.024042 25.020859 25.018105 25.015352 25.012928 25.010506 25.008312 25.006121 25.004063 25.002008 25.000000 
25.000000 25.002045 25.004133 25.006227 25.008461 25.010700 25.013174 25.015657 25.018476 25.021301 25.024576 25.027855 25.031706 25.035553 25.040106 25.044643 25.050045 25.055403 25.061810 25.068129 25.075712 25.083138 25.092087 25.100779 25.111294 25.121418 25.133715 25.145443 25.159750 25.173262 25.189816 25.205288 25.224339 25.241953 25.263752 25.283680 25.308481 25.330887 25.358944 25.383972 25.415531 25.443308 25.478598 25.509224 25.548456 25.581995 25.625359 25.661839 25.709482 25.748882 25.800922 25.843172 25.899672 25.944645 26.005619 26.053129 26.118526 26.168325 26.238037 26.289806 26.363653 26.417007 26.494738 26.549234 26.630518 26.685648 26.770084 26.825283 26.912399 26.967047 27.056297 27.109737 27.200514 27.252054 27.343691 27.392616 27.484396 27.529982 27.621147 27.662674 27.752443 27.789211 27.876783 27.908121 27.992693 28.017979 28.098763 28.117432 28.193665 28.205227 28.276190 28.280237 28.345261 28.341480 28.399969 28.388145 28.439583 28.419611 28.463568 28.435450 28.471600 28.435450 28.463568 28.419611 28.439583 28.388145 28.399969 28.341480 28.345261 28.280237 28.276190 28.205227 28.193665 28.117432 28.098763 28.017979 27.992693 27.908121 27.876783 27.789211 27.752443 27.662674 27.621147 27.529982 27.484396 27.392616 27.343691 27.252054 27.200514 27.109737 27.056297 26.967047 26.912399 26.825283 26.770084 26.685648 26.630518 26.549234 26.494738 26.417007 26.363653 26.289804 26.238037 26.168324 26.118526 26.053129 26.005617 25.944645 25.899670 25.843170 25.800920 25.748880 25.709480 25.661837 25.625357 25.581993 25.548454 25.509218 25.478592 25.443302 25.415522 25.383963 25.358932 25.330875 25.308466 25.283663 25.263731 25.241928 25.224310 25.205256 25.189774 25.173216 25.159695 25.145382 25.133642 25.121334 25.111197 25.100664 25.091955 25.082985 25.075533 25.067923 25.061573 25.055132 25.049732 25.044289 25.039696 25.035088 25.031170 25.027252 25.023884 25.020521 25.017584 25.014652 25.012035 25.009420 25.007011 25.004606 25.002302 25.000000 
25.000000 25.002327 25.004660 25.007093 25.009535 25.012188 25.014847 25.017828 25.020819 25.024252 25.027693 25.031706 25.035723 25.040455 25.045181 25.050789 25.056368 25.063021 25.069601 25.077486 25.085232 25.094553 25.103636 25.114609 25.125214 25.138075 25.150393 25.165392 25.179619 25.197018 25.213360 25.233431 25.252089 25.275114 25.296286 25.322554 25.346430 25.376223 25.402977 25.436577 25.466364 25.504038 25.536985 25.578979 25.615185 25.661720 25.701233 25.752502 25.795326 25.851477 25.897564 25.958696 26.007935 26.074089 26.126305 26.197460 26.252407 26.328474 26.385836 26.466644 26.526024 26.611334 26.672268 26.761747 26.823698 26.916935 26.979296 27.075800 27.137905 27.237099 27.298231 27.399464 27.458862 27.561415 27.618286 27.721380 27.774916 27.877720 27.927105 28.028753 28.073185 28.172789 28.211494 28.308149 28.340403 28.433214 28.458344 28.546438 28.563852 28.646397 28.655584 28.731800 28.732353 28.801533 28.793154 28.854668 28.837173 28.890495 28.863825 28.908531 28.872749 28.908531 28.863825 28.890495 28.837173 28.854668 28.793154 28.801533 28.732353 28.731800 28.655584 28.646397 28.563852 28.546438 28.458344 28.433214 28.340403 28.308149 28.211494 28.172789 28.073185 28.028753 27.927105 27.877720 27.774916 27.721380 27.618286 27.561415 27.458862 27.399464 27.298231 27.237099 27.137905 27.075800 26.979296 26.916935 26.823698 26.761747 26.672268 26.611334 26.526024 26.466644 26.385834 26.328474 26.252407 26.197460 26.126305 26.074089 26.007935 25.958694 25.897562 25.851475 25.795324 25.752499 25.701231 25.661716 25.615179 25.578974 25.536982 25.504028 25.466356 25.436565 25.402966 25.376209 25.346413 25.322535 25.296263 25.275087 25.252054 25.233393 25.213314 25.196964 25.179560 25.165319 25.150311 25.137980 25.125101 25.114479 25.103485 25.094378 25.085030 25.077253 25.069332 25.062712 25.056013 25.050385 25.044718 25.039925 25.035120 25.031015 25.026913 25.023359 25.019815 25.016684 25.013561 25.010729 25.007902 25.005247 25.002594 25.000000 
25.000000 25.002611 25.005281 25.007957 25.010809 25.013668 25.016827 25.019995 25.023590 25.027197 25.031370 25.035553 25.040455 25.045359 25.051157 25.056934 25.063812 25.070629 25.078785 25.086817 25.096472 25.105907 25.117294 25.128334 25.141706 25.154562 25.170193 25.185083 25.203259 25.220407 25.241428 25.261063 25.285238 25.307589 25.335238 25.360518 25.391958 25.420376 25.455925 25.487663 25.527628 25.562847 25.607513 25.646338 25.695969 25.738483 25.793308 25.839544 25.899752 25.949686 26.015409 26.068953 26.140274 26.197268 26.274193 26.334400 26.416866 26.479973 26.567835 26.633442 26.726465 26.794092 26.891954 26.961040 27.063322 27.133226 27.239420 27.309433 27.418938 27.488279 27.600409 27.668253 27.782236 27.847713 27.962713 28.024921 28.140034 28.198065 28.312340 28.365290 28.477741 28.524725 28.634352 28.674528 28.780325 28.812908 28.913885 28.938168 29.033369 29.048731 29.137259 29.143183 29.224205 29.220295 29.293066 29.279049 29.342924 29.318663 29.373112 29.338604 29.383219 29.338604 29.373112 29.318663 29.342924 29.279049 29.293066 29.220295 29.224205 29.143183 29.137259 29.048731 29.033369 28.938168 28.913885 28.812908 28.780325 28.674528 28.634352 28.524725 28.477741 28.365290 28.312340 28.198065 28.140032 28.024921 27.962711 27.847713 27.782236 27.668253 27.600409 27.488279 27.418938 27.309433 27.239420 27.133226 27.063322 26.961040 26.891954 26.794092 26.726465 26.633442 26.567835 26.479973 26.416866 26.334400 26.274193 26.197266 26.140272 26.068951 26.015408 25.949682 25.899748 25.839542 25.793304 25.738480 25.695965 25.646332 25.607506 25.562840 25.527617 25.487652 25.455912 25.420359 25.391939 25.360495 25.335211 25.307556 25.285202 25.261021 25.241375 25.220348 25.203188 25.185001 25.170099 25.154451 25.141579 25.128185 25.117123 25.105709 25.096243 25.086554 25.078482 25.070280 25.063412 25.056477 25.050632 25.044762 25.039770 25.034779 25.030483 25.026197 25.022449 25.018711 25.015368 25.012032 25.008955 25.005884 25.002941 25.000000 
25.000000 25.002949 25.005901 25.008984 25.012075 25.015430 25.018797 25.022566 25.026350 25.030687 25.035040 25.040106 25.045181 25.051157 25.057121 25.064201 25.071236 25.079634 25.087927 25.097878 25.107634 25.119390 25.130827 25.144661 25.158009 25.174215 25.189714 25.208603 25.226503 25.248402 25.268955 25.294205 25.317665 25.346615 25.373234 25.406240 25.436253 25.473667 25.507294 25.549463 25.586897 25.634151 25.675550 25.728197 25.773678 25.831991 25.881620 25.945827 25.999615 26.069893 26.127773 26.204245 26.266079 26.348787 26.414358 26.503271 26.572271 26.667269 26.739302 26.840170 26.914745 27.021170 27.097708 27.209272 27.287102 27.403290 27.481657 27.601847 27.679920 27.803392 27.880278 28.006218 28.080969 28.208475 28.280104 28.408207 28.475704 28.603371 28.665722 28.791870 28.848078 28.971601 29.020702 29.140482 29.181566 29.296492 29.328726 29.437714 29.460354 29.562372 29.574783 29.668869 29.670540 29.755819 29.746370 29.822067 29.801271 29.866735 29.834511 29.889221 29.845640 29.889221 29.834511 29.866735 29.801271 29.822067 29.746370 29.755819 29.670540 29.668869 29.574783 29.562372 29.460354 29.437714 29.328726 29.296492 29.181566 29.140482 29.020702 28.971601 28.848078 28.791870 28.665722 28.603369 28.475704 28.408207 28.280104 28.208475 28.080969 28.006218 27.880278 27.803392 27.679920 27.601847 27.481657 27.403290 27.287102 27.209272 27.097708 27.021170 26.914745 26.840170 26.739302 26.667269 26.572271 26.503271 26.414356 26.348787 26.266077 26.204243 26.127769 26.069891 25.999611 25.945826 25.881617 25.831987 25.773674 25.728191 25.675543 25.634142 25.586885 25.549450 25.507277 25.473650 25.436230 25.406214 25.373203 25.346581 25.317623 25.294155 25.268898 25.248333 25.226423 25.208513 25.189606 25.174091 25.157864 25.144495 25.130632 25.119167 25.107374 25.097582 25.087585 25.079241 25.070786 25.063686 25.056534 25.050482 25.044416 25.039230 25.034048 25.029556 25.025076 25.021114 25.017166 25.013580 25.010004 25.006641 25.003284 25.000000 
25.000000 25.003284 25.006641 25.010004 25.013586 25.017179 25.021143 25.025124 25.029634 25.034164 25.039396 25.044643 25.050789 25.056934 25.064201 25.071436 25.080055 25.088585 25.098803 25.108847 25.120935 25.132729 25.146980 25.160776 25.177505 25.193563 25.213106 25.231699 25.254410 25.275820 25.302071 25.326582 25.356754 25.384645 25.419132 25.450674 25.489870 25.525320 25.569611 25.609196 25.658958 25.702877 25.758463 25.806870 25.868599 25.921598 25.989748 26.047382 26.122177 26.184414 26.266016 26.332747 26.421247 26.492273 26.587675 26.662706 26.764921 26.843565 26.952404 27.034170 27.149338 27.233631 27.354719 27.440845 27.567331 27.654497 27.785746 27.873072 28.008335 28.094862 28.233286 28.317991 28.458620 28.540426 28.682219 28.760019 28.901861 28.974525 29.115244 29.181658 29.320034 29.379105 29.513905 29.564590 29.694574 29.735905 29.859859 29.890953 30.007704 30.027794 30.136236 30.144684 30.243797 30.240105 30.328978 30.312805 30.390648 30.361818 30.427984 30.386490 30.440487 30.386490 30.427984 30.361818 30.390648 30.312805 30.328978 30.240105 30.243797 30.144684 30.136236 30.027794 30.007704 29.890953 29.859859 29.735905 29.694574 29.564590 29.513905 29.379105 29.320034 29.181658 29.115244 28.974525 28.901859 28.760019 28.682219 28.540426 28.458620 28.317991 28.233286 28.094862 28.008335 27.873072 27.785746 27.654497 27.567331 27.440845 27.354719 27.233631 27.149338 27.034170 26.952404 26.843565 26.764919 26.662704 26.587675 26.492271 26.421246 26.332745 26.266014 26.184410 26.122173 26.047377 25.989744 25.921595 25.868593 25.806864 25.758453 25.702866 25.658945 25.609180 25.569593 25.525297 25.489845 25.450644 25.419100 25.384604 25.356709 25.326527 25.302006 25.275745 25.254322 25.231596 25.212986 25.193422 25.177343 25.160587 25.146765 25.132477 25.120646 25.108513 25.098419 25.088142 25.079550 25.070858 25.063540 25.056181 25.049927 25.043667 25.038280 25.032904 25.028198 25.023508 25.019306 25.015120 25.011253 25.007395 25.003695 25.000000 
25.000000 25.003685 25.007374 25.011223 25.015083 25.019270 25.023474 25.028175 25.032900 25.038305 25.043732 25.050045 25.056368 25.063812 25.071236 25.080055 25.088802 25.099260 25.109566 25.121952 25.134069 25.148695 25.162897 25.180098 25.196667 25.216806 25.236040 25.259497 25.281706 25.308886 25.334381 25.365700 25.394794 25.430683 25.463686 25.504578 25.541780 25.588108 25.629780 25.681965 25.728346 25.786787 25.838076 25.903147 25.959484 26.031513 26.092981 26.172245 26.238852 26.325560 26.397228 26.491522 26.568083 26.670006 26.751192 26.860695 26.946125 27.063053 27.152241 27.276320 27.368664 27.499502 27.594288 27.731367 27.827772 27.970444 28.067541 28.215040 28.311811 28.463243 28.558590 28.712955 28.805712 28.961901 29.050858 29.207674 29.291594 29.447771 29.525404 29.679619 29.749744 29.900637 29.962072 30.108273 30.159901 30.300053 30.340845 30.473629 30.502670 30.626827 30.643337 30.757692 30.761036 30.864525 30.854237 30.945919 30.921709 31.000795 30.962557 31.028419 30.976234 31.028419 30.962557 31.000795 30.921709 30.945919 30.854237 30.864525 30.761036 30.757692 30.643337 30.626827 30.502670 30.473629 30.340845 30.300053 30.159901 30.108273 29.962072 29.900637 29.749744 29.679617 29.525404 29.447769 29.291594 29.207674 29.050858 28.961901 28.805712 28.712955 28.558590 28.463243 28.311811 28.215040 28.067541 27.970444 27.827772 27.731367 27.594288 27.499502 27.368664 27.276320 27.152241 27.063051 26.946123 26.860693 26.751190 26.670004 26.568081 26.491518 26.397226 26.325556 26.238846 26.172239 26.092976 26.031506 25.959476 25.903137 25.838066 25.786776 25.728333 25.681946 25.629759 25.588083 25.541752 25.504545 25.463646 25.430639 25.394741 25.365639 25.334309 25.308802 25.281607 25.259384 25.235905 25.216650 25.196486 25.179890 25.162653 25.148415 25.133745 25.121578 25.109137 25.098766 25.088236 25.079407 25.070496 25.062965 25.055407 25.048946 25.042488 25.036888 25.031303 25.026360 25.021435 25.016956 25.012493 25.008293 25.004103 25.000000 
25.000000 25.004080 25.008249 25.012430 25.016876 25.021341 25.026258 25.031202 25.036795 25.042416 25.048901 25.055403 25.063021 25.070629 25.079634 25.088585 25.099260 25.109806 25.122456 25.134869 25.149828 25.164396 25.182022 25.199055 25.219734 25.239555 25.263697 25.286644 25.314682 25.341097 25.373486 25.403717 25.440924 25.475315 25.517815 25.556702 25.604975 25.648666 25.703182 25.751963 25.813175 25.867287 25.935619 25.995253 26.071089 26.136370 26.220045 26.291021 26.382801 26.459436 26.559509 26.641672 26.750137 26.837584 26.954435 27.046810 27.171930 27.268755 27.401903 27.502575 27.643381 27.747175 27.895130 28.001198 28.155653 28.263029 28.423201 28.530809 28.695778 28.802448 28.971163 29.075647 29.246941 29.347923 29.520521 29.616650 29.789192 29.879093 30.050148 30.132454 30.300539 30.373922 30.537531 30.600719 30.758347 30.810152 30.960323 30.999670 31.140965 31.166912 31.297991 31.309753 31.429380 31.426350 31.533422 31.515177 31.608747 31.575060 31.654348 31.605202 31.669617 31.605202 31.654348 31.575060 31.608747 31.515177 31.533422 31.426350 31.429380 31.309753 31.297991 31.166912 31.140965 30.999670 30.960323 30.810152 30.758347 30.600719 30.537529 30.373922 30.300537 30.132454 30.050146 29.879093 29.789192 29.616650 29.520521 29.347923 29.246941 29.075647 28.971163 28.802448 28.695778 28.530809 28.423201 28.263029 28.155653 28.001198 27.895130 27.747175 27.643381 27.502575 27.401903 27.268753 27.171928 27.046808 26.954433 26.837582 26.750135 26.641670 26.559507 26.459433 26.382795 26.291016 26.220037 26.136362 26.071081 25.995243 25.935608 25.867273 25.813158 25.751944 25.703159 25.648640 25.604944 25.556664 25.517773 25.475264 25.440865 25.403646 25.373405 25.341002 25.314571 25.286514 25.263548 25.239380 25.219532 25.198820 25.181751 25.164080 25.149466 25.134449 25.121977 25.109253 25.098629 25.087862 25.078808 25.069687 25.061945 25.054184 25.047508 25.040844 25.035007 25.029192 25.023975 25.018780 25.013975 25.009186 25.004591 25.000000 
25.000000 25.004555 25.009117 25.013874 25.018650 25.023821 25.029018 25.034821 25.040655 25.047325 25.054018 25.061810 25.069601 25.078785 25.087927 25.098803 25.109566 25.122456 25.135134 25.150391 25.165289 25.183294 25.200748 25.221912 25.242270 25.267033 25.290657 25.319485 25.346752 25.380135 25.411430 25.449871 25.485579 25.529598 25.570091 25.620218 25.665854 25.722609 25.773716 25.837606 25.894476 25.965982 26.028858 26.108425 26.177477 26.265499 26.340828 26.437630 26.519245 26.625076 26.712885 26.827900 26.921696 27.045938 27.145393 27.278797 27.383450 27.525808 27.635067 27.786039 27.899172 28.058270 28.174408 28.340988 28.459133 28.632406 28.751432 28.930450 29.049124 29.232798 29.349781 29.536888 29.650770 29.839962 29.949272 30.139095 30.242329 30.431242 30.526890 30.713289 30.799862 30.982103 31.058167 31.234592 31.298788 31.467756 31.518837 31.678757 31.715605 31.864962 31.886623 32.023998 32.029705 32.153816 32.142998 32.252720 32.225006 32.319397 32.274654 32.352959 32.291279 32.352959 32.274654 32.319397 32.225006 32.252720 32.142998 32.153816 32.029705 32.023998 31.886623 31.864962 31.715605 31.678757 31.518837 31.467756 31.298788 31.234591 31.058167 30.982101 30.799862 30.713287 30.526890 30.431242 30.242329 30.139093 29.949272 29.839962 29.650770 29.536888 29.349781 29.232798 29.049124 28.930450 28.751432 28.632406 28.459133 28.340988 28.174408 28.058270 27.899172 27.786039 27.635065 27.525806 27.383448 27.278795 27.145391 27.045937 26.921694 26.827896 26.712883 26.625072 26.519241 26.437624 26.340822 26.265490 26.177467 26.108414 26.028845 25.965967 25.894459 25.837584 25.773689 25.722578 25.665817 25.620178 25.570042 25.529543 25.485512 25.449795 25.411339 25.380028 25.346628 25.319342 25.290489 25.266838 25.242043 25.221653 25.200443 25.182945 25.164885 25.149925 25.134598 25.121843 25.108864 25.097998 25.087008 25.077734 25.068409 25.060446 25.052479 25.045568 25.038675 25.032572 25.026493 25.020958 25.015444 25.010252 25.005074 25.000000 
