25.000000 25.000000 25.000000 25.000000 25.000000 25.000000 25.000000 25.000000 25.000000 25.000000 25.000000 25.000000 25.000000 25.000000 25.000000 25.000000 25.000000 25.000000 25.000000 25.000000 25.000000 25.000000 25.000000 25.000000 25.000000 25.000000 25.000000 25.000000 25.000000 25.000000 25.000000 25.000000 25.000000 25.000000 25.000000 25.000000 25.000000 25.000000 25.000000 25.000000 25.000000 25.000000 25.000000 25.000000 25.000000 25.000000 25.000000 25.000000 25.000000 25.000000 25.000000 25.000000 25.000000 25.000000 25.000000 25.000000 25.000000 25.000000 25.000000 25.000000 25.000000 25.000000 25.000000 25.000000 25.000000 25.000000 25.000000 25.000000 25.000000 25.000000 25.000000 25.000000 25.000000 25.000000 25.000000 25.000000 25.000000 25.000000 25.000000 25.000000 25.000000 25.000000 25.000000 25.000000 25.000000 25.000000 25.000000 25.000000 25.000000 25.000000 25.000000 25.000000 25.000000 25.000000 25.000000 25.000000 25.000000 25.000000 25.000000 25.000000 25.000000 25.000000 25.000000 25.000000 25.000000 25.000000 25.000000 25.000000 25.000000 25.000000 25.000000 25.000000 25.000000 25.000000 25.000000 25.000000 25.000000 25.000000 25.000000 25.000000 25.000000 25.000000 25.000000 25.000000 25.000000 25.000000 25.000000 25.000000 25.000000 25.000000 25.000000 25.000000 25.000000 25.000000 25.000000 25.000000 25.000000 25.000000 25.000000 25.000000 25.000000 25.000000 25.000000 25.000000 25.000000 25.000000 25.000000 25.000000 25.000000 25.000000 25.000000 25.000000 25.000000 25.000000 25.000000 25.000000 25.000000 25.000000 25.000000 25.000000 25.000000 25.000000 25.000000 25.000000 25.000000 25.000000 25.000000 25.000000 25.000000 25.000000 25.000000 25.000000 25.000000 25.000000 25.000000 25.000000 25.000000 25.000000 25.000000 25.000000 25.000000 25.000000 25.000000 25.000000 25.000000 25.000000 25.000000 25.000000 25.000000 25.000000 25.000000 25.000000 25.000000 25.000000 25.000000 25.000000 25.000000 25.000000 25.000000 25.000000 
25.000000 25.001123 25.002260 25.003397 25.004572 25.005743 25.006985 25.008211 25.009548 25.010857 25.012314 25.013725 25.015331 25.016870 25.018652 25.020344 25.022329 25.024197 25.026415 25.028479 25.030960 25.033245 25.036016 25.038546 25.041634 25.044428 25.047865 25.050943 25.054756 25.058136 25.062351 25.066051 25.070694 25.074728 25.079821 25.084198 25.089766 25.094494 25.100552 25.105639 25.112202 25.117645 25.124725 25.130522 25.138126 25.144266 25.152395 25.158865 25.167515 25.174295 25.183456 25.190519 25.200176 25.207491 25.217621 25.225151 25.235725 25.243425 25.254410 25.262230 25.273581 25.281466 25.293137 25.301027 25.312960 25.320789 25.332924 25.340626 25.352894 25.360397 25.372728 25.379957 25.392273 25.399153 25.411377 25.417833 25.429882 25.435837 25.447630 25.453011 25.464462 25.469200 25.480227 25.484257 25.494778 25.498039 25.507978 25.510414 25.519697 25.521261 25.529821 25.530474 25.538248 25.537958 25.544893 25.543640 25.549690 25.547461 25.552588 25.549381 25.553556 25.549381 25.552588 25.547461 25.549690 25.543640 25.544893 25.537958 25.538248 25.530474 25.529821 25.521261 25.519697 25.510414 25.507978 25.498039 25.494778 25.484257 25.480227 25.469200 25.464462 25.453011 25.447630 25.435837 25.429882 25.417831 25.411377 25.399153 25.392273 25.379957 25.372726 25.360397 25.352894 25.340626 25.332922 25.320789 25.312958 25.301025 25.293135 25.281466 25.273581 25.262228 25.254408 25.243423 25.235723 25.225147 25.217619 25.207487 25.200171 25.190514 25.183449 25.174288 25.167507 25.158855 25.152384 25.144257 25.138113 25.130508 25.124710 25.117628 25.112183 25.105616 25.100527 25.094465 25.089731 25.084160 25.079779 25.074678 25.070641 25.065992 25.062284 25.058062 25.054672 25.050850 25.047760 25.044312 25.041504 25.038401 25.035856 25.033068 25.030762 25.028261 25.026173 25.023930 25.022034 25.020021 25.018295 25.016479 25.014900 25.013254 25.011795 25.010290 25.008926 25.007536 25.006245 25.004938 25.003695 25.002443 25.001223 25.000000 
25.000000 25.002260 25.004520 25.006832 25.009138 25.011559 25.013954 25.016535 25.019070 25.021866 25.024586 25.027651 25.030603 25.033995 25.037226 25.040998 25.044559 25.048769 25.052704 25.057407 25.061764 25.067022 25.071842 25.077713 25.083042 25.089581 25.095461 25.102726 25.109194 25.117239 25.124331 25.133209 25.140955 25.150715 25.159142 25.169827 25.178951 25.190603 25.200443 25.213093 25.223650 25.237326 25.248596 25.263315 25.275286 25.291058 25.303703 25.320526 25.333815 25.351671 25.365557 25.384424 25.398848 25.418690 25.433582 25.454346 25.469624 25.491245 25.506817 25.529219 25.544977 25.568066 25.583897 25.607569 25.623346 25.647486 25.663074 25.687551 25.702814 25.727488 25.742275 25.766998 25.781164 25.805780 25.819170 25.843517 25.855980 25.879894 25.891279 25.914595 25.924761 25.947306 25.956116 25.977730 25.985056 26.005581 26.011307 26.030588 26.034613 26.052509 26.054747 26.071127 26.071503 26.086256 26.084719 26.097738 26.094255 26.105461 26.100018 26.109343 26.101946 26.109343 26.100018 26.105461 26.094255 26.097738 26.084719 26.086256 26.071503 26.071127 26.054747 26.052509 26.034613 26.030588 26.011307 26.005581 25.985056 25.977730 25.956116 25.947306 25.924761 25.914595 25.891279 25.879894 25.855978 25.843517 25.819168 25.805779 25.781164 25.766998 25.742275 25.727486 25.702814 25.687550 25.663074 25.647484 25.623346 25.607567 25.583895 25.568064 25.544973 25.529215 25.506813 25.491241 25.469620 25.454340 25.433577 25.418682 25.398840 25.384415 25.365545 25.351658 25.333799 25.320507 25.303684 25.291035 25.275261 25.263287 25.248564 25.237289 25.223608 25.213047 25.200390 25.190544 25.178885 25.169750 25.159056 25.150620 25.140848 25.133087 25.124197 25.117088 25.109026 25.102537 25.095251 25.089348 25.082783 25.077423 25.071522 25.066666 25.061369 25.056971 25.052219 25.048233 25.043970 25.040348 25.036512 25.033207 25.029741 25.026701 25.023550 25.020727 25.017828 25.015175 25.012476 25.009941 25.007381 25.004917 25.002443 25.000000 
25.000000 25.003397 25.006832 25.010263 25.013821 25.017351 25.021112 25.024815 25.028858 25.032804 25.037214 25.041473 25.046331 25.050978 25.056366 25.061472 25.067478 25.073112 25.079821 25.086054 25.093552 25.100452 25.108828 25.116463 25.125801 25.134235 25.144627 25.153917 25.165442 25.175648 25.188385 25.199554 25.213585 25.225761 25.241154 25.254368 25.271187 25.285467 25.303768 25.319126 25.338953 25.355391 25.376776 25.394281 25.417244 25.435789 25.460337 25.479877 25.505997 25.526472 25.554134 25.575466 25.604624 25.626719 25.657305 25.680044 25.711973 25.735226 25.768389 25.792007 25.826277 25.850092 25.885321 25.909153 25.945169 25.968822 26.005447 26.028715 26.065742 26.088408 26.125622 26.147461 26.184633 26.205420 26.242308 26.261812 26.298172 26.316168 26.351748 26.368013 26.402563 26.416889 26.450155 26.462341 26.494085 26.503948 26.533930 26.541306 26.569309 26.574053 26.599869 26.601864 26.625309 26.624460 26.645370 26.641613 26.659849 26.653147 26.668596 26.658945 26.671522 26.658945 26.668596 26.653147 26.659849 26.641613 26.645370 26.624460 26.625309 26.601864 26.599869 26.574053 26.569309 26.541306 26.533930 26.503948 26.494085 26.462341 26.450155 26.416889 26.402563 26.368013 26.351748 26.316168 26.298172 26.261810 26.242308 26.205418 26.184631 26.147461 26.125620 26.088408 26.065742 26.028713 26.005445 25.968822 25.945168 25.909149 25.885315 25.850088 25.826271 25.792002 25.768383 25.735220 25.711966 25.680037 25.657293 25.626707 25.604610 25.575451 25.554115 25.526451 25.505974 25.479851 25.460306 25.435757 25.417208 25.394239 25.376728 25.355337 25.338892 25.319057 25.303688 25.285378 25.271088 25.254255 25.241026 25.225616 25.213425 25.199373 25.188181 25.175419 25.165186 25.153633 25.144308 25.133883 25.125408 25.116028 25.108343 25.099916 25.092955 25.085394 25.079090 25.072308 25.066587 25.060495 25.055288 25.049795 25.045027 25.040051 25.035645 25.031096 25.026981 25.022772 25.018875 25.014921 25.011166 25.007383 25.003695 25.000000 
25.000000 25.004572 25.009138 25.013821 25.018476 25.023375 25.028214 25.033438 25.038557 25.044216 25.049707 25.055912 25.061872 25.068735 25.075262 25.082893 25.090082 25.098600 25.106546 25.116064 25.124859 25.135496 25.145231 25.157103 25.167866 25.181087 25.192963 25.207649 25.220715 25.236977 25.251301 25.269243 25.284891 25.304615 25.321634 25.343229 25.361662 25.385206 25.405081 25.430641 25.451963 25.479593 25.502359 25.532093 25.556274 25.588131 25.613678 25.647652 25.674498 25.710560 25.738611 25.776714 25.805853 25.845917 25.876001 25.917925 25.948793 25.992445 26.023905 26.069126 26.100967 26.147573 26.179560 26.227341 26.259222 26.307940 26.339445 26.388840 26.419685 26.469475 26.499365 26.549250 26.577883 26.627548 26.654617 26.703737 26.728935 26.777178 26.800205 26.847231 26.867798 26.913271 26.931103 26.974689 26.989529 27.030910 27.042522 27.081394 27.089573 27.125647 27.130217 27.163231 27.164045 27.193769 27.190723 27.216949 27.209976 27.232538 27.221607 27.240372 27.225500 27.240372 27.221607 27.232538 27.209976 27.216949 27.190723 27.193769 27.164045 27.163231 27.130217 27.125647 27.089573 27.081394 27.042522 27.030910 26.989529 26.974689 26.931101 26.913271 26.867798 26.847231 26.800205 26.777178 26.728935 26.703737 26.654615 26.627548 26.577881 26.549248 26.499365 26.469473 26.419683 26.388838 26.339443 26.307936 26.259220 26.227337 26.179556 26.147568 26.100962 26.069118 26.023897 25.992435 25.948784 25.917913 25.875990 25.845900 25.805836 25.776691 25.738588 25.710533 25.674467 25.647617 25.613638 25.588085 25.556225 25.532036 25.502295 25.479521 25.451881 25.430546 25.404974 25.385086 25.361526 25.343075 25.321463 25.304420 25.284674 25.269001 25.251028 25.236670 25.220373 25.207268 25.192537 25.180613 25.167339 25.156515 25.144581 25.134771 25.124060 25.115177 25.105568 25.097519 25.088892 25.081579 25.073818 25.067142 25.060129 25.053991 25.047611 25.041912 25.036045 25.030687 25.025221 25.020102 25.014923 25.009945 25.004940 25.000000 
25.000000 25.005743 25.011559 25.017351 25.023375 25.029339 25.035706 25.041960 25.048803 25.055470 25.062931 25.070126 25.078346 25.086193 25.095310 25.103931 25.114094 25.123608 25.134954 25.145481 25.158163 25.169817 25.183981 25.196875 25.212666 25.226908 25.244473 25.260164 25.279642 25.296879 25.318407 25.337271 25.360981 25.381544 25.407551 25.429873 25.458284 25.482405 25.513317 25.539259 25.572744 25.600510 25.636623 25.666191 25.704967 25.736292 25.777737 25.810743 25.854839 25.889423 25.936121 25.972155 26.021370 26.058691 26.110313 26.148726 26.202608 26.241890 26.297850 26.337749 26.395569 26.435804 26.495235 26.535501 26.596260 26.636229 26.698004 26.737322 26.799770 26.838076 26.900833 26.937748 27.000425 27.035566 27.097759 27.130741 27.192036 27.222473 27.282448 27.309971 27.368196 27.392450 27.448509 27.469154 27.522633 27.539364 27.589869 27.602404 27.649565 27.657663 27.701130 27.704592 27.744057 27.742720 27.777906 27.771664 27.802336 27.791124 27.817095 27.800907 27.822031 27.800907 27.817095 27.791124 27.802336 27.771664 27.777906 27.742720 27.744057 27.704592 27.701130 27.657663 27.649565 27.602404 27.589869 27.539362 27.522633 27.469152 27.448509 27.392450 27.368196 27.309971 27.282448 27.222473 27.192036 27.130741 27.097759 27.035566 27.000423 26.937748 26.900831 26.838076 26.799768 26.737320 26.698000 26.636227 26.596256 26.535498 26.495230 26.435799 26.395561 26.337740 26.297838 26.241879 26.202595 26.148712 26.110294 26.058672 26.021347 25.972130 25.936090 25.889391 25.854801 25.810699 25.777687 25.736235 25.704903 25.666121 25.636541 25.600416 25.572639 25.539141 25.513182 25.482254 25.458115 25.429680 25.407333 25.381300 25.360706 25.336964 25.318064 25.296494 25.279211 25.259684 25.243935 25.226311 25.212000 25.196136 25.183157 25.168907 25.157152 25.144367 25.133720 25.122248 25.112587 25.102280 25.093487 25.084194 25.076139 25.067715 25.060278 25.052574 25.045628 25.038502 25.031919 25.025227 25.018883 25.012482 25.006248 25.000000 
25.000000 25.006985 25.013954 25.021112 25.028214 25.035706 25.043085 25.051073 25.058878 25.067532 25.075905 25.085390 25.094481 25.104967 25.114922 25.126583 25.137547 25.150558 25.162676 25.177214 25.190626 25.206869 25.221716 25.239841 25.256258 25.276442 25.294552 25.316967 25.336893 25.361710 25.383556 25.410936 25.434799 25.464890 25.490849 25.523787 25.551901 25.587809 25.618120 25.657097 25.689619 25.731749 25.766468 25.811800 25.848680 25.897240 25.936207 25.987988 26.028931 26.083891 26.126675 26.184734 26.229179 26.290222 26.336113 26.399979 26.447063 26.513554 26.561544 26.630419 26.678993 26.749968 26.798769 26.871523 26.920166 26.994337 27.042414 27.117605 27.164679 27.240463 27.286087 27.362007 27.405718 27.481295 27.522627 27.597363 27.635853 27.709240 27.744429 27.815952 27.847399 27.916550 27.943834 28.010105 28.032835 28.095741 28.113562 28.172636 28.185230 28.240038 28.247137 28.297283 28.298668 28.343794 28.339302 28.379099 28.368628 28.402840 28.386345 28.414772 28.392271 28.414772 28.386345 28.402840 28.368628 28.379099 28.339302 28.343794 28.298668 28.297283 28.247137 28.240038 28.185230 28.172636 28.113560 28.095741 28.032835 28.010105 27.943832 27.916550 27.847399 27.815952 27.744429 27.709240 27.635853 27.597363 27.522627 27.481293 27.405718 27.362005 27.286085 27.240461 27.164679 27.117601 27.042412 26.994333 26.920164 26.871515 26.798763 26.749960 26.678984 26.630407 26.561533 26.513538 26.447048 26.399960 26.336092 26.290197 26.229153 26.184704 26.126640 26.083851 26.028885 25.987932 25.936146 25.897171 25.848602 25.811712 25.766369 25.731634 25.689491 25.656954 25.617956 25.587624 25.551693 25.523552 25.490583 25.464592 25.434467 25.410563 25.383139 25.361244 25.336370 25.316385 25.293901 25.275717 25.255451 25.238943 25.220722 25.205763 25.189405 25.175859 25.161182 25.148905 25.135729 25.124573 25.112717 25.102533 25.091818 25.082457 25.072702 25.064013 25.055042 25.046869 25.038513 25.030703 25.022787 25.015188 25.007544 25.000000 
25.000000 25.008211 25.016535 25.024815 25.033438 25.041960 25.051073 25.060007 25.069807 25.079327 25.090010 25.100286 25.112049 25.123259 25.136305 25.148617 25.163155 25.176741 25.192972 25.208004 25.226141 25.242783 25.263035 25.281448 25.304022 25.324362 25.349464 25.371874 25.399708 25.424322 25.455082 25.482021 25.515888 25.545256 25.582399 25.614275 25.654850 25.689295 25.733429 25.770475 25.818277 25.857929 25.909475 25.951702 26.007038 26.051773 26.110910 26.158047 26.220959 26.270351 26.336964 26.388426 26.458622 26.511921 26.585539 26.640404 26.717232 26.773340 26.853119 26.910112 26.992531 27.050011 27.134714 27.192242 27.278824 27.335932 27.423950 27.480137 27.569103 27.623850 27.713242 27.766012 27.855276 27.905523 27.994085 28.041258 28.128523 28.172079 28.257446 28.296856 28.379717 28.414471 28.494230 28.523846 28.599918 28.623957 28.695782 28.713844 28.780890 28.792633 28.854410 28.859545 28.915607 28.913908 28.963863 28.955173 28.998690 28.982922 29.019732 28.996868 29.026770 28.996868 29.019732 28.982922 28.998690 28.955173 28.963863 28.913908 28.915607 28.859545 28.854410 28.792633 28.780890 28.713844 28.695782 28.623957 28.599918 28.523846 28.494230 28.414471 28.379717 28.296856 28.257446 28.172079 28.128523 28.041258 27.994085 27.905523 27.855274 27.766012 27.713240 27.623850 27.569099 27.480135 27.423946 27.335928 27.278818 27.192236 27.134705 27.050001 26.992519 26.910099 26.853104 26.773325 26.717211 26.640383 26.585514 26.511894 26.458590 26.388390 26.336922 26.270304 26.220903 26.157986 26.110840 26.051691 26.006947 25.951597 25.909357 25.857796 25.818127 25.770306 25.733236 25.689077 25.654604 25.613998 25.582088 25.544905 25.515495 25.481581 25.454590 25.423771 25.399092 25.371187 25.348696 25.323505 25.303068 25.280392 25.261856 25.241484 25.224695 25.206411 25.191204 25.174795 25.160999 25.146254 25.133692 25.120396 25.108894 25.096834 25.086214 25.075186 25.065264 25.055061 25.045658 25.036076 25.027010 25.017851 25.008940 25.000000 
25.000000 25.009548 25.019070 25.028858 25.038557 25.048803 25.058878 25.069807 25.080460 25.092295 25.103724 25.116695 25.129103 25.143440 25.157024 25.172966 25.187925 25.205709 25.222244 25.242109 25.260410 25.282600 25.302858 25.327614 25.350012 25.377573 25.402285 25.432888 25.460075 25.493950 25.523756 25.561121 25.593679 25.634737 25.670153 25.715088 25.753447 25.802423 25.843777 25.896933 25.941303 25.998745 26.046116 26.107914 26.158230 26.224419 26.277582 26.348148 26.404013 26.478899 26.537273 26.616371 26.677011 26.760159 26.822775 26.909756 26.974005 27.064545 27.130032 27.223803 27.290092 27.386705 27.453312 27.552328 27.618729 27.719658 27.785294 27.887594 27.951872 28.054960 28.117270 28.220524 28.280239 28.383007 28.439491 28.541098 28.593718 28.693468 28.741604 28.838800 28.881851 28.975796 29.013187 29.103199 29.134398 29.219812 29.244331 29.324518 29.341928 29.416298 29.426233 29.494244 29.496403 29.557571 29.551735 29.605642 29.591667 29.637966 29.615793 29.654213 29.623861 29.654213 29.615793 29.637966 29.591667 29.605642 29.551735 29.557571 29.496403 29.494244 29.426233 29.416298 29.341928 29.324518 29.244331 29.219812 29.134396 29.103199 29.013186 28.975796 28.881851 28.838800 28.741604 28.693468 28.593718 28.541096 28.439491 28.383007 28.280237 28.220522 28.117268 28.054956 27.951870 27.887590 27.785290 27.719654 27.618723 27.552320 27.453302 27.386694 27.290079 27.223785 27.130016 27.064524 26.973984 26.909729 26.822748 26.760126 26.676975 26.616329 26.537224 26.478844 26.403950 26.348076 26.277500 26.224325 26.158125 26.107794 26.045979 25.998590 25.941128 25.896734 25.843554 25.802170 25.753160 25.714766 25.669792 25.634331 25.593224 25.560610 25.523186 25.493309 25.459360 25.432091 25.401396 25.376581 25.348909 25.326385 25.301498 25.281088 25.258741 25.240255 25.220201 25.203445 25.185440 25.170216 25.154009 25.140112 25.125458 25.112684 25.099342 25.087482 25.075214 25.064058 25.052628 25.041965 25.031139 25.020760 25.010307 25.000000 
25.000000 25.010857 25.021866 25.032804 25.044216 25.055470 25.067532 25.079327 25.092295 25.104862 25.118996 25.132565 25.148125 25.162920 25.180176 25.196426 25.215645 25.233580 25.255035 25.274876 25.298841 25.320807 25.347561 25.371864 25.401680 25.428524 25.461674 25.491249 25.527998 25.560482 25.601084 25.636635 25.681330 25.720083 25.769094 25.811157 25.864683 25.910137 25.968348 26.017235 26.080269 26.132593 26.200554 26.256273 26.329218 26.388247 26.466190 26.528389 26.611288 26.676466 26.764223 26.832134 26.924599 26.994938 27.091890 27.164295 27.265459 27.339512 27.444540 27.519766 27.628250 27.704124 27.815594 27.891542 28.005465 28.080868 28.196655 28.270859 28.387869 28.460186 28.577732 28.647459 28.764812 28.831226 28.947632 29.010008 29.124685 29.182310 29.294464 29.346640 29.455475 29.501532 29.606260 29.645565 29.745422 29.777395 29.871641 29.895756 29.983698 29.999500 30.080492 30.087605 30.161060 30.159182 30.224592 30.213514 30.270443 30.250050 30.298141 30.268410 30.307407 30.268410 30.298141 30.250050 30.270443 30.213514 30.224592 30.159182 30.161060 30.087605 30.080492 29.999500 29.983698 29.895756 29.871641 29.777393 29.745422 29.645565 29.606260 29.501532 29.455475 29.346640 29.294464 29.182310 29.124683 29.010008 28.947630 28.831226 28.764811 28.647457 28.577730 28.460184 28.387865 28.270855 28.196651 28.080862 28.005457 27.891533 27.815584 27.704113 27.628235 27.519751 27.444519 27.339491 27.265432 27.164268 27.091856 26.994902 26.924557 26.832087 26.764168 26.676403 26.611214 26.528307 26.466095 26.388140 26.329096 26.256136 26.200397 26.132416 26.080069 26.017008 25.968090 25.909847 25.864355 25.810791 25.768681 25.719618 25.680809 25.636051 25.600430 25.559752 25.527182 25.490339 25.460655 25.427391 25.400417 25.370464 25.346003 25.319084 25.296926 25.272764 25.252691 25.231005 25.212791 25.193296 25.176716 25.159132 25.143948 25.127998 25.113976 25.099386 25.086285 25.072786 25.060366 25.047691 25.035713 25.023598 25.011820 25.000000 
25.000000 25.012314 25.024586 25.037214 25.049707 25.062931 25.075905 25.090010 25.103724 25.118996 25.133711 25.150442 25.166414 25.184908 25.202394 25.222950 25.242205 25.265129 25.286409 25.312010 25.335564 25.364153 25.390223 25.422110 25.450935 25.486427 25.518227 25.557629 25.592611 25.636213 25.674568 25.722651 25.764544 25.817368 25.862938 25.920738 25.970093 26.033077 26.086287 26.154631 26.211720 26.285557 26.346506 26.425930 26.490667 26.575718 26.644115 26.734774 26.806650 26.902836 26.977943 27.079517 27.157545 27.264297 27.344870 27.456522 27.539198 27.655396 27.739674 27.859991 27.945311 28.069250 28.154987 28.281984 28.367468 28.496891 28.581402 28.712557 28.795340 28.927475 29.007744 29.140062 29.217014 29.348677 29.421497 29.551638 29.619513 29.747244 29.809378 29.933804 29.989424 30.109652 30.158022 30.273178 30.313614 30.422848 30.454725 30.557232 30.579998 30.675022 30.688204 30.775051 30.778267 30.856321 30.849283 30.918011 30.900534 30.959492 30.931496 30.980339 30.941851 30.980339 30.931496 30.959492 30.900534 30.918011 30.849283 30.856321 30.778267 30.775051 30.688204 30.675022 30.579998 30.557232 30.454725 30.422848 30.313614 30.273178 30.158022 30.109652 29.989424 29.933804 29.809378 29.747244 29.619513 29.551636 29.421495 29.348675 29.217012 29.140059 29.007742 28.927471 28.795336 28.712551 28.581398 28.496885 28.367460 28.281975 28.154976 28.069237 27.945295 27.859972 27.739655 27.655369 27.539169 27.456488 27.344833 27.264256 27.157497 27.079462 26.977880 26.902763 26.806568 26.734680 26.644011 26.575596 26.490530 26.425774 26.346331 26.285357 26.211493 26.154373 26.085997 26.032749 25.969725 25.920321 25.862471 25.816843 25.763956 25.721991 25.673830 25.635386 25.591688 25.556597 25.517078 25.485146 25.449511 25.420525 25.388468 25.362198 25.333406 25.309614 25.283772 25.262205 25.238995 25.219397 25.198502 25.180611 25.161715 25.145267 25.128059 25.112785 25.096960 25.082590 25.067844 25.054110 25.040144 25.026768 25.013288 25.000000 
25.000000 25.013725 25.027651 25.041473 25.055912 25.070126 25.085390 25.100286 25.116695 25.132565 25.150442 25.167572 25.187252 25.205933 25.227749 25.248264 25.272558 25.295195 25.322308 25.347347 25.377628 25.405348 25.439140 25.469807 25.507460 25.541332 25.583183 25.620501 25.666883 25.707869 25.759102 25.803955 25.860340 25.909231 25.971046 26.024113 26.091606 26.148949 26.222332 26.284004 26.363451 26.429459 26.515095 26.585384 26.677282 26.751747 26.849916 26.928381 27.032772 27.114996 27.225481 27.311155 27.427538 27.516279 27.638287 27.729637 27.856915 27.950352 28.082462 28.177389 28.313816 28.409571 28.549723 28.645582 28.788784 28.883976 29.029488 29.123182 29.270197 29.361536 29.509188 29.597281 29.744654 29.828596 29.974737 30.053619 30.197548 30.270472 30.411192 30.477276 30.613789 30.672192 30.803511 30.853436 30.978596 31.019312 31.137392 31.168238 31.278362 31.298767 31.400129 31.409611 31.501480 31.499666 31.581400 31.568022 31.639072 31.613983 31.673918 31.637081 31.685572 31.637081 31.673918 31.613983 31.639072 31.568022 31.581400 31.499666 31.501480 31.409611 31.400129 31.298767 31.278362 31.168238 31.137392 31.019312 30.978596 30.853434 30.803511 30.672192 30.613789 30.477276 30.411192 30.270470 30.197548 30.053617 29.974735 29.828594 29.744650 29.597279 29.509184 29.361534 29.270193 29.123178 29.029482 28.883968 28.788776 28.645573 28.549709 28.409557 28.313799 28.177370 28.082438 27.950325 27.856882 27.729603 27.638243 27.516232 27.427483 27.311092 27.225409 27.114916 27.032679 26.928278 26.849796 26.751610 26.677128 26.585209 26.514894 26.429234 26.363195 26.283716 26.222006 26.148582 26.091190 26.023649 25.970522 25.908644 25.859680 25.803215 25.758272 25.706942 25.665848 25.619347 25.581892 25.539898 25.505859 25.468035 25.437166 25.403166 25.375202 25.344675 25.319342 25.291933 25.268946 25.244301 25.223370 25.201138 25.181967 25.161797 25.144089 25.125635 25.109089 25.092012 25.076324 25.060291 25.045156 25.029833 25.014946 25.000000 
25.000000 25.015331 25.030603 25.046331 25.061872 25.078346 25.094481 25.112049 25.129103 25.148125 25.166414 25.187252 25.207104 25.230127 25.251860 25.277443 25.301373 25.329895 25.356337 25.388182 25.417446 25.452999 25.485388 25.525032 25.560839 25.604954 25.644455 25.693415 25.736868 25.791033 25.838673 25.898388 25.950420 26.016006 26.072603 26.144352 26.205647 26.283813 26.349890 26.434687 26.505583 26.597174 26.672861 26.771358 26.851749 26.957195 27.042135 27.154507 27.243767 27.362965 27.456238 27.582083 27.678984 27.811214 27.911282 28.049545 28.152235 28.296093 28.400782 28.549706 28.655695 28.809069 28.915592 29.072710 29.178936 29.339014 29.444056 29.606232 29.709150 29.872498 29.972324 30.135855 30.231592 30.394266 30.484907 30.645653 30.730192 30.887913 30.965364 31.118952 31.188358 31.336712 31.397161 31.539202 31.589848 31.724524 31.764591 31.890911 31.919716 32.036743 32.053699 32.160583 32.165215 32.261200 32.253147 32.337570 32.316605 32.388920 32.354939 32.414730 32.367760 32.414730 32.354939 32.388920 32.316605 32.337570 32.253147 32.261200 32.165215 32.160583 32.053699 32.036743 31.919716 31.890911 31.764591 31.724524 31.589848 31.539202 31.397161 31.336712 31.188358 31.118952 30.965363 30.887913 30.730190 30.645653 30.484905 30.394264 30.231590 30.135851 29.972322 29.872494 29.709148 29.606226 29.444050 29.339006 29.178928 29.072699 28.915579 28.809052 28.655678 28.549683 28.400755 28.296062 28.152199 28.049505 27.911236 27.811161 27.678923 27.582012 27.456158 27.362873 27.243664 27.154390 27.042004 26.957043 26.851578 26.771162 26.672642 26.596922 26.505301 26.434366 26.349529 26.283403 26.205189 26.143833 26.072023 26.015352 25.949688 25.897564 25.837751 25.790001 25.735716 25.692127 25.643023 25.603354 25.559063 25.523054 25.483198 25.450562 25.414759 25.385195 25.353048 25.326250 25.297369 25.273016 25.247007 25.224773 25.201248 25.180803 25.159376 25.140387 25.120678 25.102810 25.084444 25.067358 25.049969 25.033323 25.016541 25.000000 
25.000000 25.016870 25.033995 25.050978 25.068735 25.086193 25.104967 25.123259 25.143440 25.162920 25.184908 25.205933 25.230127 25.253050 25.279865 25.305038 25.334888 25.362663 25.395967 25.426687 25.463871 25.497875 25.539362 25.576979 25.623188 25.664734 25.716084 25.761850 25.818745 25.869007 25.931835 25.986837 26.055964 26.115915 26.191677 26.256748 26.339447 26.409758 26.499653 26.575270 26.672567 26.753496 26.858347 26.944527 27.057014 27.148314 27.268448 27.364651 27.492363 27.593178 27.728315 27.833361 27.975677 28.084488 28.233644 28.345663 28.501221 28.615807 28.777231 28.893656 29.060312 29.177767 29.348928 29.466532 29.641375 29.758177 29.935791 30.050787 30.230186 30.342323 30.522449 30.630642 30.810375 30.913519 31.091696 31.188677 31.364100 31.453823 31.625277 31.706665 31.872931 31.944956 32.104828 32.166515 32.318829 32.369282 32.512901 32.551319 32.685184 32.710861 32.833992 32.846336 32.957848 32.956402 33.055508 33.039944 33.125984 33.096115 33.168560 33.124344 33.182800 33.124344 33.168560 33.096115 33.125984 33.039944 33.055508 32.956402 32.957848 32.846336 32.833992 32.710861 32.685184 32.551319 32.512901 32.369282 32.318829 32.166515 32.104828 31.944954 31.872931 31.706663 31.625277 31.453821 31.364100 31.188675 31.091694 30.913517 30.810371 30.630640 30.522446 30.342319 30.230181 30.050783 29.935783 29.758169 29.641363 29.466520 29.348913 29.177752 29.060291 28.893631 28.777201 28.615772 28.501183 28.345619 28.233593 28.084429 27.975611 27.833284 27.728228 27.593079 27.492250 27.364521 27.268299 27.148146 27.056822 26.944311 26.858101 26.753220 26.672253 26.574917 26.499250 26.409307 26.338936 26.256178 26.191031 26.115192 26.055149 25.985928 25.930813 25.867867 25.817467 25.760427 25.714493 25.662968 25.621218 25.574797 25.536930 25.495190 25.460884 25.423397 25.392315 25.358648 25.330442 25.300161 25.274477 25.247150 25.223623 25.198826 25.177090 25.154400 25.134085 25.113085 25.093819 25.074100 25.055508 25.036665 25.018372 25.000000 
25.000000 25.018652 25.037226 25.056366 25.075262 25.095310 25.114922 25.136305 25.157024 25.180176 25.202394 25.227749 25.251860 25.279865 25.306255 25.337364 25.366423 25.401094 25.433201 25.471901 25.507429 25.550621 25.589939 25.638088 25.681551 25.735115 25.783056 25.842487 25.895220 25.960953 26.018763 26.091208 26.154346 26.233891 26.302565 26.389559 26.463930 26.558680 26.638849 26.741610 26.827623 26.938587 27.030413 27.149712 27.247242 27.374924 27.477970 27.614002 27.722290 27.866547 27.979706 28.131968 28.249535 28.409481 28.530893 28.698093 28.822693 28.996613 29.123652 29.303644 29.432280 29.617599 29.746902 29.936695 30.065660 30.258974 30.386526 30.582321 30.707333 30.904482 31.025780 31.223087 31.339468 31.535681 31.645927 31.839748 31.942648 32.132751 32.227108 32.412163 32.496819 32.675491 32.749352 32.920341 32.982372 33.144421 33.193684 33.345589 33.381260 33.521900 33.543270 33.671619 33.678108 33.793255 33.784424 33.885578 33.861145 33.947651 33.907490 33.978851 33.922993 33.978851 33.907490 33.947651 33.861145 33.885578 33.784424 33.793255 33.678108 33.671619 33.543270 33.521900 33.381260 33.345589 33.193684 33.144421 32.982372 32.920341 32.749348 32.675491 32.496819 32.412163 32.227104 32.132751 31.942644 31.839748 31.645926 31.535679 31.339466 31.223083 31.025776 30.904476 30.707329 30.582314 30.386520 30.258965 30.065649 29.936682 29.746887 29.617580 29.432259 29.303617 29.123621 28.996574 28.822653 28.698042 28.530836 28.409416 28.249460 28.131886 27.979610 27.866438 27.722164 27.613859 27.477808 27.374737 27.247032 27.149471 27.030144 26.938280 26.827278 26.741219 26.638411 26.558180 26.463369 26.388924 26.301857 26.233089 26.153452 26.090200 26.017639 25.959692 25.893816 25.840916 25.781309 25.733164 25.679386 25.635675 25.587271 25.547651 25.504152 25.468262 25.429195 25.396656 25.361547 25.331974 25.300344 25.273342 25.244726 25.219893 25.193825 25.170753 25.146772 25.125057 25.102709 25.081938 25.060776 25.040539 25.020117 25.000000 
25.000000 25.020344 25.040998 25.061472 25.082893 25.103931 25.126583 25.148617 25.172966 25.196426 25.222950 25.248264 25.277443 25.305038 25.337364 25.367670 25.403641 25.437073 25.477196 25.514168 25.558950 25.599871 25.649820 25.695082 25.750702 25.800684 25.862474 25.917532 25.985973 26.046434 26.121990 26.188148 26.271254 26.343361 26.434422 26.512678 26.612047 26.696604 26.804586 26.895519 27.012363 27.109682 27.235561 27.339193 27.474203 27.583986 27.728134 27.843815 27.997015 28.118242 28.280304 28.406622 28.577246 28.708097 28.886869 29.021587 29.207981 29.345797 29.539164 29.679209 29.878788 30.020090 30.225006 30.366510 30.575771 30.716343 30.928858 31.067291 31.281876 31.416912 31.632298 31.762638 31.977482 32.101803 32.314716 32.431686 32.641232 32.749535 32.954258 33.052608 33.251053 33.338219 33.528950 33.603756 33.785378 33.846756 34.017918 34.064899 34.224335 34.256077 34.402618 34.418411 34.550999 34.550289 34.667999 34.650391 34.752426 34.717690 34.803429 34.751514 34.820488 34.751514 34.803429 34.717690 34.752426 34.650391 34.667999 34.550289 34.550999 34.418411 34.402618 34.256077 34.224335 34.064899 34.017918 33.846756 33.785378 33.603756 33.528950 33.338215 33.251053 33.052605 32.954258 32.749531 32.641232 32.431683 32.314713 32.101803 31.977480 31.762634 31.632292 31.416908 31.281868 31.067284 30.928846 30.716331 30.575756 30.366495 30.224985 30.020069 29.878761 29.679178 29.539129 29.345757 29.207933 29.021534 28.886806 28.708025 28.577166 28.406530 28.280199 28.118122 27.996880 27.843658 27.727955 27.583782 27.473970 27.338932 27.235264 27.109348 27.011982 26.895092 26.804100 26.696058 26.611427 26.511986 26.433636 26.342487 26.270267 26.187046 26.120752 26.045055 25.984426 25.915812 25.860552 25.798550 25.748320 25.692444 25.646881 25.596624 25.555342 25.510191 25.472784 25.432222 25.398272 25.361778 25.330856 25.297916 25.269587 25.239687 25.213511 25.186146 25.161673 25.136345 25.113131 25.089346 25.066936 25.044209 25.022156 25.000000 
25.000000 25.022329 25.044559 25.067478 25.090082 25.114094 25.137547 25.163155 25.187925 25.215645 25.242205 25.272558 25.301373 25.334888 25.366423 25.403641 25.438358 25.479824 25.518177 25.564447 25.606884 25.658508 25.705465 25.762997 25.814898 25.878880 25.936123 26.007090 26.070051 26.148516 26.217533 26.303988 26.379360 26.474260 26.556234 26.659990 26.748760 26.861731 26.957420 27.079906 27.182564 27.314793 27.424383 27.566500 27.682898 27.834957 27.957937 28.119896 28.249132 28.420832 28.555883 28.737061 28.877377 29.067640 29.212553 29.411388 29.560120 29.766884 29.918539 30.132463 30.286043 30.506231 30.660633 30.886068 31.040096 31.269642 31.422024 31.654440 31.803831 32.037777 32.182789 32.416843 32.556038 32.788715 32.920654 33.150414 33.273647 33.498913 33.612026 33.831211 33.932831 34.144367 34.233177 34.435520 34.510300 34.701958 34.761593 34.941139 34.984646 35.150757 35.177288 35.328751 35.337608 35.473351 35.464020 35.583103 35.555241 35.656898 35.610348 35.693985 35.628777 35.693985 35.610348 35.656898 35.555241 35.583103 35.464020 35.473351 35.337608 35.328751 35.177288 35.150757 34.984646 34.941139 34.761593 34.701958 34.510300 34.435520 34.233173 34.144367 33.932827 33.831211 33.612022 33.498913 33.273643 33.150410 32.920650 32.788715 32.556038 32.416840 32.182781 32.037773 31.803825 31.654430 31.422014 31.269630 31.040081 30.886049 30.660614 30.506208 30.286016 30.132431 29.918503 29.766840 29.560070 29.411329 29.212486 29.067562 28.877287 28.736959 28.555769 28.420702 28.248981 28.119724 27.957743 27.834734 27.682646 27.566212 27.424059 27.314423 27.182148 27.079433 26.956890 26.861130 26.748087 26.659227 26.555382 26.473297 26.378286 26.302778 26.216185 26.147003 26.068365 26.005203 25.934027 25.876537 25.812302 25.760101 25.702265 25.654945 25.602953 25.560083 25.513374 25.474503 25.432512 25.397175 25.359339 25.327068 25.292826 25.263142 25.231939 25.204355 25.175646 25.149679 25.122921 25.098076 25.072739 25.048525 25.024078 25.000000 
25.000000 25.024197 25.048769 25.073112 25.098600 25.123608 25.150558 25.176741 25.205709 25.233580 25.265129 25.295195 25.329895 25.362663 25.401094 25.437073 25.479824 25.519508 25.567179 25.611059 25.664249 25.712811 25.772118 25.825823 25.891842 25.951143 26.024460 26.089777 26.170961 26.242682 26.332277 26.410749 26.509268 26.594790 26.702702 26.795515 26.913237 27.013512 27.141403 27.249237 27.387581 27.502979 27.651978 27.774857 27.934614 28.064787 28.235308 28.372475 28.553646 28.697392 28.888985 29.038769 29.240425 29.395590 29.606815 29.766573 29.986736 30.150183 30.378515 30.544622 30.780218 30.947844 31.189657 31.357555 31.604420 31.771248 32.021870 32.186207 32.439186 32.599548 32.853382 33.008236 33.261341 33.409122 33.659859 33.798996 34.045673 34.174610 34.415508 34.532734 34.766144 34.870190 35.094418 35.183910 35.397312 35.470982 35.671974 35.728672 35.915768 35.954502 36.126316 36.146248 36.301548 36.302013 36.439713 36.420238 36.539417 36.499729 36.599644 36.539677 36.619789 36.539677 36.599644 36.499729 36.539417 36.420238 36.439713 36.302013 36.301548 36.146248 36.126316 35.954502 35.915768 35.728672 35.671974 35.470982 35.397312 35.183910 35.094418 34.870186 34.766144 34.532730 34.415508 34.174606 34.045670 33.798992 33.659855 33.409119 33.261337 33.008228 32.853374 32.599545 32.439178 32.186199 32.021858 31.771235 31.604404 31.357536 31.189636 30.947819 30.780188 30.544588 30.378475 30.150137 29.986683 29.766512 29.606741 29.395506 29.240328 29.038658 28.888859 28.697247 28.553484 28.372286 28.235094 28.064547 27.934338 27.774546 27.651621 27.502579 27.387123 27.248724 27.140821 27.012859 26.912498 26.794687 26.701767 26.593744 26.508089 26.409435 26.330801 26.241037 26.169117 26.087727 26.022167 25.948599 25.889002 25.822678 25.768614 25.708941 25.659948 25.606321 25.561924 25.513729 25.473427 25.430056 25.393341 25.354181 25.320538 25.284983 25.253889 25.221342 25.192266 25.162136 25.134546 25.106249 25.079613 25.052574 25.026352 25.000000 
25.000000 25.026415 25.052704 25.079821 25.106546 25.134954 25.162676 25.192972 25.222244 25.255035 25.286409 25.322308 25.356337 25.395967 25.433201 25.477196 25.518177 25.567179 25.612448 25.667105 25.717186 25.778149 25.833559 25.901472 25.962709 26.038212 26.105747 26.189465 26.263737 26.356272 26.437679 26.539602 26.628500 26.740343 26.837021 26.959263 27.063948 27.197006 27.309843 27.454063 27.575111 27.730757 27.859972 28.027205 28.164446 28.343323 28.488323 28.678785 28.831160 29.033018 29.192253 29.405184 29.570629 29.794172 29.965048 30.198589 30.373978 30.616756 30.795612 31.046719 31.227867 31.486244 31.668394 31.932837 32.114586 32.383759 32.563614 32.836060 33.012444 33.286591 33.457863 33.732040 33.896530 34.168991 34.324997 34.593933 34.739761 35.003330 35.137314 35.393661 35.514191 35.761471 35.867004 36.103409 36.192513 36.416298 36.487659 36.697166 36.749626 36.943302 36.975861 37.152294 37.164135 37.322067 37.312576 37.450924 37.419693 37.537563 37.484402 37.581104 37.506042 37.581104 37.484402 37.537563 37.419693 37.450924 37.312576 37.322067 37.164135 37.152294 36.975861 36.943302 36.749626 36.697166 36.487659 36.416298 36.192513 36.103409 35.867001 35.761471 35.514187 35.393661 35.137310 35.003330 34.739758 34.593929 34.324993 34.168987 33.896523 33.732037 33.457855 33.286583 33.012436 32.836052 32.563599 32.383747 32.114567 31.932817 31.668369 31.486216 31.227837 31.046680 30.795568 30.616705 30.373919 30.198519 29.964968 29.794081 29.570524 29.405066 29.192114 29.032862 28.830980 28.678581 28.488092 28.343060 28.164146 28.026865 27.859589 27.730316 27.574617 27.453503 27.309214 27.196291 27.063147 26.958357 26.836008 26.739201 26.627224 26.538168 26.436081 26.354475 26.261738 26.187225 26.103262 26.035435 25.959631 25.898039 25.829765 25.773926 25.712530 25.661932 25.606756 25.560871 25.511251 25.469534 25.424810 25.386702 25.346216 25.311155 25.274254 25.241669 25.207708 25.177023 25.145367 25.116001 25.086023 25.057396 25.028475 25.000000 
