25.000000 25.000000 25.000000 25.000000 25.000000 25.000000 25.000000 25.000000 25.000000 25.000000 25.000000 25.000000 25.000000 25.000000 25.000000 25.000000 25.000000 25.000000 25.000000 25.000000 25.000000 25.000000 25.000000 25.000000 25.000000 25.000000 25.000000 25.000000 25.000000 25.000000 25.000000 25.000000 25.000000 25.000000 25.000000 25.000000 25.000000 25.000000 25.000000 25.000000 25.000000 25.000000 25.000000 25.000000 25.000000 25.000000 25.000000 25.000000 25.000000 25.000000 25.000000 25.000000 25.000000 25.000000 25.000000 25.000000 25.000000 25.000000 25.000000 25.000000 25.000000 25.000000 25.000000 25.000000 25.000000 25.000000 25.000000 25.000000 25.000000 25.000000 25.000000 25.000000 25.000000 25.000000 25.000000 25.000000 25.000000 25.000000 25.000000 25.000000 25.000000 25.000000 25.000000 25.000000 25.000000 25.000000 25.000000 25.000000 25.000000 25.000000 25.000000 25.000000 25.000000 25.000000 25.000000 25.000000 25.000000 25.000000 25.000000 25.000000 25.000000 25.000000 25.000000 25.000000 25.000000 25.000000 25.000000 25.000000 25.000000 25.000000 25.000000 25.000000 25.000000 25.000000 25.000000 25.000000 25.000000 25.000000 25.000000 25.000000 25.000000 25.000000 25.000000 25.000000 25.000000 25.000000 25.000000 25.000000 25.000000 25.000000 25.000000 25.000000 25.000000 25.000000 25.000000 25.000000 25.000000 25.000000 25.000000 25.000000 25.000000 25.000000 25.000000 25.000000 25.000000 25.000000 25.000000 25.000000 25.000000 25.000000 25.000000 25.000000 25.000000 25.000000 25.000000 25.000000 25.000000 25.000000 25.000000 25.000000 25.000000 25.000000 25.000000 25.000000 25.000000 25.000000 25.000000 25.000000 25.000000 25.000000 25.000000 25.000000 25.000000 25.000000 25.000000 25.000000 25.000000 25.000000 25.000000 25.000000 25.000000 25.000000 25.000000 25.000000 25.000000 25.000000 25.000000 25.000000 25.000000 25.000000 25.000000 25.000000 25.000000 25.000000 25.000000 25.000000 25.000000 25.000000 25.000000 25.000000 
25.000000 24.958626 24.916977 24.875351 24.833006 24.790876 24.747856 24.705582 24.662682 24.621496 24.580435 24.542459 24.505678 24.473459 24.443390 24.418924 24.396866 24.380526 24.365845 24.356020 24.346355 24.340212 24.332642 24.327467 24.319841 24.314194 24.305937 24.300049 24.292139 24.287479 24.281630 24.279800 24.277201 24.278721 24.279083 24.282877 24.284479 24.288439 24.289106 24.291286 24.289587 24.289221 24.285175 24.283037 24.278090 24.276062 24.272272 24.272266 24.271076 24.273838 24.275145 24.279766 24.281988 24.286488 24.287556 24.290083 24.288635 24.288488 24.284601 24.282598 24.277750 24.275806 24.272074 24.272120 24.270964 24.273756 24.275084 24.279722 24.281958 24.286469 24.287544 24.290077 24.288633 24.288488 24.284605 24.282604 24.277756 24.275814 24.272085 24.272131 24.270977 24.273769 24.275099 24.279737 24.281975 24.286486 24.287563 24.290094 24.288654 24.288507 24.284624 24.282623 24.277775 24.275831 24.272102 24.272146 24.270992 24.273785 24.275114 24.279753 24.281988 24.286497 24.287575 24.290104 24.288662 24.288515 24.284630 24.282627 24.277777 24.275831 24.272099 24.272142 24.270987 24.273777 24.275103 24.279739 24.281973 24.286482 24.287556 24.290087 24.288643 24.288496 24.284609 24.282606 24.277756 24.275812 24.272081 24.272125 24.270967 24.273760 24.275085 24.279722 24.281956 24.286467 24.287540 24.290071 24.288628 24.288483 24.284597 24.282597 24.277748 24.275805 24.272074 24.272120 24.270964 24.273756 24.275084 24.279724 24.281961 24.286474 24.287554 24.290092 24.288658 24.288525 24.284657 24.282675 24.277857 24.275949 24.272270 24.272375 24.271307 24.274200 24.275673 24.280479 24.282951 24.287737 24.289196 24.292171 24.291338 24.291897 24.288965 24.288063 24.284683 24.284422 24.282906 24.285469 24.287584 24.294071 24.300137 24.310106 24.319098 24.331194 24.341789 24.355007 24.366848 24.381601 24.396040 24.414526 24.434540 24.460190 24.489395 24.525536 24.566614 24.614893 24.668272 24.727798 24.791367 24.858986 24.928793 25.000000 
25.000000 24.916977 24.833933 24.749809 24.665794 24.580004 24.494968 24.408197 24.323650 24.238400 24.157785 24.078442 24.006796 23.938730 23.881176 23.828678 23.788013 23.751944 23.726831 23.703800 23.689192 23.673218 23.662884 23.648319 23.637701 23.621618 23.609507 23.592527 23.581030 23.566406 23.559238 23.550497 23.550280 23.548582 23.554735 23.557768 23.566599 23.569855 23.576702 23.576056 23.577839 23.571699 23.568443 23.558496 23.553259 23.543554 23.540758 23.535412 23.538197 23.538799 23.546974 23.551535 23.561697 23.565945 23.573654 23.573639 23.575972 23.570230 23.567318 23.557617 23.552591 23.543037 23.540371 23.535114 23.537979 23.538635 23.546856 23.551447 23.561638 23.565905 23.573629 23.573626 23.575966 23.570230 23.567324 23.557629 23.552605 23.543056 23.540390 23.535139 23.538004 23.538664 23.546886 23.551483 23.561672 23.565943 23.573668 23.573668 23.576006 23.570274 23.567364 23.557669 23.552643 23.543095 23.540426 23.535175 23.538036 23.538696 23.546917 23.551512 23.561701 23.565969 23.573690 23.573689 23.576025 23.570288 23.567375 23.557676 23.552647 23.543095 23.540422 23.535164 23.538023 23.538677 23.546894 23.551483 23.561670 23.565933 23.573654 23.573648 23.575985 23.570246 23.567333 23.557634 23.552607 23.543053 23.540384 23.535126 23.537987 23.538641 23.546860 23.551449 23.561636 23.565899 23.573622 23.573616 23.575956 23.570219 23.567308 23.557611 23.552588 23.543036 23.540369 23.535112 23.537977 23.538633 23.546856 23.551451 23.561646 23.565916 23.573648 23.573658 23.576015 23.570303 23.567425 23.557770 23.552799 23.543325 23.540752 23.535629 23.538649 23.539530 23.548010 23.552971 23.563589 23.568455 23.576874 23.577831 23.581282 23.577063 23.575903 23.568565 23.566248 23.560293 23.561729 23.561844 23.570793 23.579300 23.596369 23.612232 23.635086 23.655313 23.680954 23.703327 23.730780 23.756113 23.788033 23.820934 23.863445 23.911196 23.971857 24.041557 24.126026 24.221224 24.330393 24.449242 24.578680 24.714626 24.856182 25.000000 
25.000000 24.875351 24.749809 24.624159 24.496115 24.368376 24.237600 24.108587 23.977283 23.850664 23.724157 23.606724 23.493082 23.393492 23.301186 23.226601 23.160444 23.112404 23.070282 23.043158 23.016745 23.000584 22.979715 22.965225 22.942638 22.925070 22.899052 22.879524 22.853825 22.837873 22.818939 22.812666 22.805084 22.810591 22.813438 22.826862 22.833914 22.847679 22.851171 22.858391 22.853289 22.851295 22.837704 22.829247 22.812300 22.804138 22.791296 22.790422 22.787008 22.796188 22.801828 22.817698 22.826578 22.841938 22.846607 22.854849 22.850489 22.849140 22.836012 22.827957 22.811296 22.803383 22.790714 22.789989 22.786680 22.795950 22.801651 22.817572 22.826490 22.841879 22.846571 22.854830 22.850485 22.849144 22.836025 22.827976 22.811323 22.803411 22.790749 22.790026 22.786724 22.795996 22.801704 22.817627 22.826551 22.841942 22.846640 22.854897 22.850554 22.849211 22.836094 22.828039 22.811388 22.803471 22.790810 22.790081 22.786779 22.796045 22.801754 22.817673 22.826597 22.841982 22.846678 22.854929 22.850584 22.849236 22.836113 22.828053 22.811394 22.803471 22.790800 22.790068 22.786755 22.796017 22.801716 22.817629 22.826546 22.841927 22.846615 22.854868 22.850515 22.849169 22.836042 22.827988 22.811325 22.803408 22.790735 22.790007 22.786694 22.795959 22.801657 22.817574 22.826488 22.841873 22.846561 22.854816 22.850468 22.849125 22.836000 22.827950 22.811291 22.803377 22.790709 22.789984 22.786676 22.795946 22.801651 22.817575 22.826500 22.841898 22.846601 22.854876 22.850554 22.849247 22.836172 22.828180 22.811611 22.803802 22.791286 22.790739 22.787687 22.797256 22.803387 22.819803 22.829420 22.845617 22.851435 22.860996 22.858440 22.859169 22.848858 22.844044 22.831720 22.828772 22.822655 22.829384 22.835758 22.855968 22.875689 22.907370 22.936243 22.974022 23.006796 23.046564 23.081396 23.124037 23.165081 23.217733 23.274933 23.349287 23.435122 23.542809 23.666721 23.813585 23.977100 24.160091 24.356041 24.564653 24.780159 25.000000 
25.000000 24.833006 24.665794 24.496115 24.326130 24.151968 23.978468 23.800640 23.626234 23.449606 23.281456 23.115641 22.965313 22.823177 22.703474 22.596182 22.514759 22.444983 22.398737 22.357925 22.334045 22.307117 22.290171 22.263390 22.242556 22.209223 22.182104 22.144358 22.116869 22.083599 22.065981 22.047043 22.046799 22.045715 22.061563 22.072287 22.094513 22.105282 22.121912 22.122284 22.125626 22.111671 22.101826 22.077806 22.062555 22.038918 22.029863 22.017584 22.023226 22.026649 22.046452 22.060156 22.084982 22.097683 22.115990 22.117590 22.121996 22.108812 22.099634 22.076094 22.061255 22.037912 22.029110 22.017008 22.022802 22.026333 22.046227 22.059994 22.084871 22.097609 22.115948 22.117571 22.121994 22.108826 22.099655 22.076124 22.061293 22.037958 22.029160 22.017067 22.022863 22.026403 22.046301 22.060078 22.084957 22.097704 22.116041 22.117672 22.122091 22.108929 22.099752 22.076225 22.061384 22.038052 22.029245 22.017151 22.022942 22.026482 22.046371 22.060148 22.085020 22.097767 22.116096 22.117723 22.122135 22.108965 22.099779 22.076244 22.061394 22.038050 22.029234 22.017128 22.022909 22.026436 22.046318 22.060081 22.084949 22.097683 22.116011 22.117628 22.122040 22.108862 22.099682 22.076141 22.061298 22.037952 22.029144 22.017036 22.022823 22.026348 22.046234 22.059996 22.084869 22.097599 22.115932 22.117550 22.121969 22.108793 22.099621 22.076084 22.061247 22.037905 22.029102 22.017000 22.022795 22.026327 22.046223 22.059994 22.084879 22.097628 22.115980 22.117624 22.122078 22.108953 22.099838 22.076389 22.061659 22.038469 22.029848 22.018007 22.024105 22.028072 22.048473 22.062958 22.088669 22.102570 22.122253 22.125738 22.132315 22.122087 22.116316 22.097370 22.087814 22.071499 22.070732 22.069153 22.086885 22.105810 22.143044 22.178871 22.228497 22.272387 22.325644 22.370857 22.424204 22.471624 22.530523 22.590494 22.669268 22.759270 22.876530 23.014353 23.184464 23.379120 23.604330 23.851185 24.120741 24.404387 24.699797 25.000000 
25.000000 24.790876 24.580004 24.368376 24.151968 23.934898 23.711462 23.489273 23.261665 23.040070 22.817471 22.609070 22.407433 22.230431 22.068609 21.939894 21.829924 21.754030 21.691595 21.655760 21.621815 21.603672 21.575886 21.555609 21.518944 21.487164 21.438828 21.398935 21.348173 21.313673 21.276386 21.262722 21.250877 21.263906 21.275669 21.306204 21.326723 21.357021 21.368532 21.383205 21.374657 21.367941 21.339621 21.317598 21.280993 21.259115 21.231716 21.226822 21.221746 21.240730 21.257013 21.291492 21.314960 21.347818 21.361216 21.377523 21.370167 21.364481 21.336903 21.315525 21.279379 21.257898 21.230782 21.226128 21.221224 21.240351 21.256737 21.291300 21.314829 21.347736 21.361172 21.377508 21.370173 21.364502 21.336941 21.315571 21.279438 21.257961 21.230856 21.226208 21.221315 21.240448 21.256847 21.291416 21.314957 21.347866 21.361313 21.377645 21.370319 21.364643 21.337088 21.315708 21.279575 21.258089 21.230984 21.226324 21.221432 21.240555 21.256954 21.291512 21.315052 21.347950 21.361395 21.377716 21.370382 21.364695 21.337128 21.315735 21.279589 21.258089 21.230965 21.226294 21.221382 21.240492 21.256872 21.291422 21.314943 21.347837 21.361265 21.377586 21.370241 21.364555 21.336981 21.315598 21.279448 21.257956 21.230833 21.226168 21.221254 21.240372 21.256748 21.291306 21.314823 21.347723 21.361149 21.377480 21.370136 21.364460 21.336889 21.315516 21.279369 21.257889 21.230772 21.226118 21.221212 21.240341 21.256729 21.291298 21.314831 21.347752 21.361204 21.377565 21.370268 21.364647 21.337158 21.315882 21.279881 21.258568 21.231697 21.227333 21.222841 21.242453 21.259525 21.294888 21.319534 21.353737 21.368973 21.387388 21.382915 21.380552 21.357487 21.341309 21.312141 21.298679 21.282166 21.289610 21.300432 21.337341 21.376476 21.436577 21.492369 21.561386 21.620033 21.687019 21.742659 21.807735 21.867517 21.944450 22.028538 22.141996 22.277554 22.453609 22.662128 22.914101 23.198795 23.519575 23.864670 24.232355 24.612411 25.000000 
25.000000 24.747856 24.494968 24.237600 23.978468 23.711462 23.443205 23.166059 22.891085 22.610168 22.339287 22.070648 21.824917 21.593931 21.400639 21.232880 21.111010 21.014257 20.957850 20.913115 20.893784 20.868464 20.854090 20.820656 20.790443 20.736679 20.687107 20.618597 20.563217 20.500269 20.463169 20.429806 20.430082 20.435822 20.471003 20.501638 20.549150 20.578167 20.611990 20.617443 20.621857 20.595867 20.571117 20.522388 20.484703 20.435724 20.411066 20.387386 20.396210 20.408487 20.449379 20.484306 20.535545 20.567320 20.603533 20.610733 20.616663 20.591770 20.567972 20.519928 20.482836 20.434280 20.409986 20.386566 20.395611 20.408043 20.449066 20.484087 20.535402 20.567232 20.603491 20.610727 20.616682 20.591812 20.568029 20.520002 20.482918 20.434376 20.410089 20.386684 20.395735 20.408186 20.449215 20.484257 20.535574 20.567425 20.603682 20.610931 20.616879 20.592020 20.568224 20.520201 20.483101 20.434559 20.410255 20.386850 20.395887 20.408339 20.449354 20.484396 20.535702 20.567547 20.603790 20.611034 20.616964 20.592093 20.568279 20.520239 20.483120 20.434557 20.410234 20.386805 20.395823 20.408247 20.449247 20.484262 20.535557 20.567379 20.603619 20.610842 20.616776 20.591890 20.568087 20.520039 20.482931 20.434366 20.410057 20.386625 20.395653 20.408073 20.449083 20.484093 20.535395 20.567213 20.603462 20.610685 20.616632 20.591749 20.567959 20.519918 20.482826 20.434269 20.409975 20.386551 20.395596 20.408026 20.449051 20.484076 20.535397 20.567240 20.603518 20.610783 20.616777 20.591967 20.568264 20.520350 20.483410 20.435074 20.411039 20.387995 20.397476 20.410538 20.452290 20.488340 20.540844 20.574335 20.612509 20.622393 20.631405 20.610718 20.591770 20.550287 20.520763 20.482317 20.469641 20.461481 20.487890 20.522715 20.588942 20.655943 20.743015 20.819714 20.906084 20.975760 21.051674 21.113514 21.187363 21.259649 21.358433 21.475756 21.638081 21.838720 22.096336 22.400061 22.757175 23.152790 23.586008 24.042522 24.517490 25.000000 
25.000000 24.705582 24.408197 24.108587 23.800640 23.489273 23.166059 22.840672 22.503635 22.170229 21.831545 21.509319 21.196230 20.919737 20.671755 20.479973 20.327587 20.234137 20.169018 20.145065 20.124601 20.122311 20.101171 20.082481 20.033209 19.982004 19.900860 19.825130 19.731829 19.661018 19.591824 19.563250 19.548712 19.578297 19.614620 19.680199 19.732525 19.794504 19.825281 19.852718 19.840563 19.822552 19.768002 19.716137 19.641823 19.588013 19.532177 19.515450 19.510050 19.547628 19.589994 19.660810 19.717031 19.782379 19.815632 19.845213 19.834618 19.817963 19.764393 19.713381 19.639677 19.586397 19.530939 19.514538 19.509367 19.547142 19.589647 19.660578 19.716885 19.782299 19.815603 19.845224 19.834663 19.818031 19.764484 19.713484 19.639799 19.586525 19.531088 19.514692 19.509546 19.547331 19.589861 19.660799 19.717134 19.782551 19.815882 19.845495 19.834951 19.818304 19.764765 19.713745 19.640060 19.586765 19.531322 19.514908 19.509760 19.547527 19.590059 19.660982 19.717316 19.782715 19.816038 19.845631 19.835073 19.818403 19.764845 19.713797 19.640087 19.586765 19.531292 19.514851 19.509668 19.547409 19.589905 19.660809 19.717106 19.782495 19.815786 19.845379 19.834799 19.818136 19.764565 19.713533 19.639818 19.586515 19.531042 19.514616 19.509430 19.547184 19.589670 19.660583 19.716873 19.782274 19.815561 19.845169 19.834591 19.817945 19.764381 19.713371 19.639666 19.586384 19.530922 19.514517 19.509344 19.547117 19.589619 19.660553 19.716864 19.782291 19.815615 19.845266 19.834749 19.818180 19.764725 19.713844 19.640331 19.587275 19.532145 19.516127 19.511509 19.549931 19.593349 19.665339 19.723125 19.790249 19.825920 19.858265 19.851448 19.839140 19.791483 19.747303 19.682812 19.640186 19.598900 19.598780 19.614841 19.676682 19.749912 19.855240 19.954800 20.068369 20.161707 20.258259 20.330751 20.407286 20.469011 20.548347 20.635311 20.764513 20.931791 21.166853 21.462250 21.832632 22.261240 22.748402 23.274576 23.834232 24.411873 25.000000 
25.000000 24.662682 24.323650 23.977283 23.626234 23.261665 22.891085 22.503635 22.112555 21.706940 21.307341 20.905499 20.530947 20.179279 19.886667 19.645470 19.485228 19.378780 19.339022 19.321947 19.337248 19.339327 19.345802 19.316185 19.277905 19.196789 19.109198 18.988050 18.877947 18.758772 18.679855 18.620842 18.623220 18.651064 18.728981 18.807339 18.906244 18.975771 19.041912 19.060400 19.065123 19.018629 18.962202 18.866039 18.778437 18.677135 18.614180 18.567610 18.580910 18.617058 18.702158 18.785872 18.889391 18.962320 19.031403 19.052040 19.058634 19.013498 18.958256 18.862947 18.776093 18.675325 18.612835 18.566593 18.580177 18.616528 18.701796 18.785633 18.889252 18.962255 19.031397 19.052084 19.058712 19.013609 18.958384 18.863102 18.776255 18.675510 18.613028 18.566814 18.580408 18.616793 18.702076 18.785952 18.889580 18.962622 19.031761 19.052477 19.059090 19.014002 18.958754 18.863474 18.776596 18.675846 18.613331 18.567114 18.580683 18.617067 18.702330 18.786207 18.889816 18.962852 19.031967 19.052670 19.059252 19.014143 18.958858 18.863548 18.776634 18.675846 18.613295 18.567034 18.580564 18.616901 18.702131 18.785957 18.889544 18.962534 19.031639 19.052305 19.058893 19.013760 18.958494 18.863173 18.776285 18.675497 18.612972 18.566708 18.580257 18.616583 18.701826 18.785639 18.889236 18.962219 19.031340 19.052004 19.058613 19.013487 18.958248 18.862940 18.776083 18.675310 18.612814 18.566566 18.580143 18.616486 18.701752 18.785583 18.889210 18.962221 19.031384 19.052097 19.058771 19.013737 18.958607 18.863459 18.776793 18.676298 18.614134 18.568365 18.582502 18.619646 18.705835 18.790964 18.896072 18.971142 19.042654 19.066605 19.076984 19.037014 18.987719 18.900486 18.822996 18.734838 18.686993 18.660152 18.696011 18.761127 18.878788 19.003513 19.152575 19.282211 19.414112 19.512566 19.605785 19.667791 19.733051 19.786911 19.869947 19.979317 20.157721 20.405964 20.753174 21.185577 21.706749 22.290792 22.929661 23.600866 24.295771 25.000000 
25.000000 24.621496 24.238400 23.850664 23.449606 23.040070 22.610168 22.170229 21.706940 21.237633 20.750917 20.274385 19.803547 19.379766 19.006279 18.730011 18.540091 18.456732 18.431814 18.466452 18.503302 18.551945 18.562481 18.558552 18.498709 18.418047 18.283255 18.139929 17.965284 17.816267 17.680258 17.617043 17.603745 17.673756 17.772430 17.913933 18.036524 18.160425 18.231623 18.281845 18.265779 18.224642 18.121767 18.007380 17.855970 17.727909 17.608465 17.559896 17.557833 17.637531 17.743435 17.891123 18.018272 18.146105 18.220184 18.272913 18.258677 18.219139 18.117428 18.004061 17.853390 17.725973 17.606993 17.558825 17.557045 17.636986 17.743065 17.890896 18.018156 18.146070 18.220221 18.272999 18.258810 18.219301 18.117624 18.004269 17.853624 17.726213 17.607264 17.559107 17.557369 17.637331 17.743462 17.891314 18.018625 18.146549 18.220743 18.273512 18.259354 18.219816 18.118151 18.004755 17.854105 17.726646 17.607685 17.559486 17.557747 17.637678 17.743814 17.891642 18.018957 18.146851 18.221035 18.273766 18.259583 18.220001 18.118299 18.004854 17.854160 17.726652 17.607635 17.559387 17.557583 17.637465 17.743532 17.891319 18.018566 18.146437 18.220564 18.273291 18.259068 18.219503 18.117779 18.004370 17.853668 17.726204 17.607187 17.558971 17.557159 17.637060 17.743105 17.890905 18.018133 18.146019 18.220137 18.272890 18.258669 18.219139 18.117430 18.004059 17.853382 17.725958 17.606966 17.558788 17.556997 17.636929 17.742994 17.890821 18.018076 18.146000 18.220160 18.272968 18.258823 18.219385 18.117805 18.004591 17.854143 17.726992 17.608400 17.560696 17.559586 17.640312 17.747499 17.896610 18.025644 18.155592 18.232538 18.288515 18.278698 18.244209 18.149364 18.043924 17.904018 17.789179 17.687160 17.658827 17.683197 17.793032 17.937183 18.127447 18.307583 18.493786 18.639931 18.772108 18.855738 18.925043 18.957724 18.996300 19.034540 19.125088 19.278116 19.546106 19.931438 20.449753 21.069941 21.778355 22.540783 23.343800 24.166466 25.000000 
25.000000 24.580435 24.157785 23.724157 23.281456 22.817471 22.339287 21.831545 21.307341 20.750917 20.184307 19.597578 19.029085 18.485304 18.028673 17.678503 17.488388 17.420456 17.465052 17.546431 17.657558 17.734636 17.793623 17.784809 17.740330 17.619516 17.465845 17.249157 17.026995 16.787642 16.607866 16.490370 16.500957 16.593065 16.773050 16.961609 17.165489 17.317038 17.442308 17.487272 17.491510 17.410332 17.292847 17.105530 16.910156 16.692337 16.531874 16.429430 16.452990 16.554768 16.742924 16.937473 17.146473 17.301779 17.430315 17.477674 17.484020 17.404383 17.288258 17.101931 16.907433 16.690245 16.530336 16.428293 16.452192 16.554216 16.742573 16.937275 17.146395 17.301798 17.430407 17.477833 17.484222 17.404631 17.288527 17.102232 16.907740 16.690582 16.530680 16.428679 16.452600 16.554693 16.743084 16.937864 17.147009 17.302479 17.431087 17.478565 17.484930 17.405363 17.289211 17.102919 16.908360 16.691183 16.531212 16.429195 16.453070 16.555168 16.743530 16.938324 17.147434 17.302904 17.431467 17.478922 17.485229 17.405624 17.289408 17.103060 16.908436 16.691195 16.531157 16.429060 16.452868 16.554871 16.743170 16.937864 17.146931 17.302313 17.430859 17.478245 17.484562 17.404915 17.288734 17.102373 16.907806 16.690571 16.530592 16.428497 16.452335 16.554314 16.742624 16.937284 17.146362 17.301723 17.430294 17.477676 17.484034 17.404398 17.288271 17.101936 16.907427 16.690228 16.530306 16.428244 16.452127 16.554129 16.742472 16.937153 17.146269 17.301664 17.430286 17.477730 17.484165 17.404636 17.288635 17.102484 16.908194 16.691313 16.531776 16.430279 16.454832 16.557791 16.747238 16.943453 17.154303 17.312082 17.443392 17.494505 17.505085 17.431185 17.321602 17.144156 16.959970 16.756857 16.613644 16.534273 16.584915 16.721773 16.949465 17.193335 17.456526 17.678442 17.879713 18.016092 18.120014 18.159864 18.176497 18.154131 18.146826 18.165184 18.283546 18.534971 18.976717 19.587046 20.344908 21.195354 22.111313 23.058813 24.026295 25.000000 
25.000000 24.542459 24.078442 23.606724 23.115641 22.609070 22.070648 21.509319 20.905499 20.274385 19.597578 18.902534 18.185041 17.503687 16.895250 16.466940 16.259230 16.271652 16.398649 16.596657 16.775528 16.935415 17.016481 17.046734 16.978989 16.853846 16.631594 16.363857 16.027502 15.699437 15.396547 15.235616 15.239388 15.424496 15.684228 15.993963 16.261522 16.499928 16.644926 16.733423 16.713463 16.632328 16.446165 16.211733 15.902589 15.599405 15.316447 15.172961 15.189764 15.385627 15.653124 15.969372 16.241686 16.484219 16.632259 16.723450 16.705475 16.626110 16.441246 16.207972 15.899673 15.597239 15.314829 15.171817 15.188960 15.385105 15.652811 15.969226 16.241674 16.484308 16.632442 16.723694 16.705786 16.626455 16.441639 16.208374 15.900108 15.597672 15.315294 15.172295 15.189513 15.385709 15.653523 15.969989 16.242540 16.485195 16.633411 16.724648 16.706793 16.627411 16.442610 16.209261 15.900974 15.598432 15.316015 15.172928 15.190142 15.386299 15.654139 15.970573 16.243139 16.485743 16.633944 16.725111 16.707212 16.627748 16.442884 16.209450 15.901083 15.598454 15.315946 15.172767 15.189862 15.385925 15.653630 15.969987 16.242424 16.484983 16.633078 16.724237 16.706264 16.626833 16.441933 16.208567 15.900204 15.597668 15.315181 15.172074 15.189152 15.385228 15.652877 15.969237 16.241629 16.484209 16.632284 16.723486 16.705519 16.626150 16.441278 16.207989 15.899673 15.597221 15.314790 15.171755 15.188869 15.384987 15.652658 15.969052 16.241472 16.484100 16.632227 16.723499 16.705618 16.626356 16.441628 16.208511 15.900444 15.598290 15.316299 15.173807 15.191719 15.388783 15.657772 15.975661 16.250126 16.495043 16.646280 16.741030 16.727846 16.653843 16.476196 16.251122 15.953961 15.664634 15.400424 15.279707 15.327525 15.559682 15.873035 16.239897 16.574123 16.883741 17.113266 17.292534 17.381289 17.417902 17.373962 17.296898 17.182243 17.105272 17.115074 17.333511 17.822680 18.576803 19.505672 20.546841 21.637329 22.753841 23.875563 25.000000 
25.000000 24.505678 24.006796 23.493082 22.965313 22.407433 21.824917 21.196230 20.530947 19.803547 19.029085 18.185041 17.304855 16.400572 15.581704 14.981635 14.809938 14.947208 15.261237 15.595513 15.912484 16.136467 16.290152 16.322968 16.275042 16.099840 15.842824 15.463208 15.019722 14.505596 14.043270 13.737874 13.796486 14.099895 14.545403 14.980947 15.386708 15.683366 15.904047 15.992549 15.996587 15.864501 15.647755 15.301481 14.889059 14.400568 13.961548 13.674322 13.747477 14.060967 14.514571 14.955913 15.366680 15.667051 15.891057 15.982040 15.988318 15.857895 15.642646 15.297481 14.886050 14.398294 13.959923 13.673174 13.746722 14.060497 14.514329 14.955852 15.366758 15.667255 15.891348 15.982426 15.988756 15.858403 15.643176 15.298057 14.886620 14.398887 13.960497 13.673796 13.747398 14.061317 14.515240 14.956919 15.367882 15.668507 15.892607 15.983774 15.990063 15.859753 15.644436 15.299305 14.887729 14.399932 13.961383 13.674622 13.748153 14.062108 14.516012 14.957731 15.368649 15.669276 15.893296 15.984423 15.990606 15.860225 15.644792 15.299565 14.887876 14.399969 13.961309 13.674416 13.747815 14.061592 14.515368 14.956905 15.367736 15.668202 15.892184 15.983189 15.989386 15.858930 15.643564 15.298323 14.886752 14.398890 13.960372 13.673512 13.746955 14.060655 14.514412 14.955862 15.366697 15.667115 15.891139 15.982133 15.988404 15.857970 15.642700 15.297514 14.886058 14.398276 13.959877 13.673094 13.746604 14.060328 14.514119 14.955590 15.366469 15.666928 15.891018 15.982084 15.988450 15.858133 15.643006 15.298010 14.886781 14.399323 13.961325 13.675154 13.749453 14.064310 14.519405 14.962647 15.375499 15.678622 15.905660 16.000690 16.011423 15.886930 15.678219 15.341751 14.940121 14.465765 14.043710 13.780882 13.885796 14.241645 14.743097 15.242733 15.716330 16.092276 16.397078 16.585026 16.694706 16.687796 16.604555 16.417522 16.179977 15.910175 15.737968 15.824714 16.403685 17.365292 18.554140 19.831327 21.137318 22.434727 23.722111 25.000000 
25.000000 24.473459 23.938730 23.393492 22.823177 22.230431 21.593931 20.919737 20.179279 19.379766 18.485304 17.503687 16.400572 15.212038 13.998960 13.067956 12.995152 13.446007 14.035657 14.611675 15.063510 15.407814 15.597978 15.679941 15.607915 15.427646 15.086721 14.626429 13.997140 13.259954 12.453876 11.876123 12.029954 12.633193 13.329833 13.997712 14.525862 14.942780 15.194903 15.336139 15.314150 15.181334 14.880141 14.457379 13.859653 13.152261 12.371210 11.815301 11.983063 12.596195 13.299484 13.973028 14.505425 14.926250 15.181352 15.325337 15.305424 15.174505 14.874731 14.453255 13.856491 13.149964 12.369572 11.814230 11.982387 12.595825 13.299350 13.973079 14.505642 14.926587 15.181816 15.325881 15.306069 15.175194 14.875493 14.454021 13.857291 13.150720 12.370320 11.814945 11.983254 12.596846 13.300608 13.974458 14.507219 14.928210 15.183586 15.327628 15.307905 15.176943 14.877265 14.455635 13.858842 13.152038 12.371488 11.815890 11.984213 12.597810 13.301665 13.975497 14.508295 14.929203 15.184550 15.328465 15.308661 15.177548 14.877755 14.455971 13.859042 13.152098 12.371406 11.815667 11.983769 12.597170 13.300769 13.974445 14.507010 14.927830 15.182987 15.326881 15.306946 15.175883 14.876027 14.454370 13.857474 13.150740 12.370173 11.814634 11.982675 12.596016 13.299456 13.973094 14.505557 14.926407 15.181524 15.325499 15.305572 15.174623 14.874820 14.453306 13.856508 13.149947 12.369518 11.814138 11.982229 12.595602 13.299046 13.972719 14.505211 14.926124 15.181303 15.325368 15.305542 15.174721 14.875072 14.453740 13.857180 13.150895 12.370869 11.816029 11.985059 12.599598 13.304610 13.980024 14.514832 14.938287 15.196870 15.344648 15.329747 15.204236 14.911508 14.497541 13.910487 13.214595 12.449111 11.914313 12.118923 12.778005 13.537621 14.271609 14.875485 15.371956 15.716979 15.955786 16.047993 16.034021 15.870307 15.588659 15.153012 14.617484 14.058807 13.823691 14.571140 15.926538 17.492292 19.087013 20.632360 22.125633 23.573559 25.000000 
25.000000 24.443390 23.881176 23.301186 22.703474 22.068609 21.400639 20.671755 19.886667 19.006279 18.028673 16.895250 15.581704 13.998960 12.134138 10.246840 10.656703 11.744530 12.823709 13.675495 14.322065 14.745404 15.014004 15.096464 15.049029 14.820190 14.449986 13.866603 13.082455 12.000408 10.636159 9.209714 9.814013 10.991899 12.143022 13.059922 13.776246 14.263474 14.596648 14.735354 14.742539 14.560041 14.234097 13.688157 12.939916 11.889212 10.555730 9.156068 9.773278 10.957697 12.114141 13.035226 13.755743 14.246335 14.582762 14.723989 14.733533 14.552823 14.228518 13.683813 12.936695 11.886857 10.554165 9.155132 9.772761 10.957473 12.114152 13.035445 13.756124 14.246882 14.583423 14.724790 14.734408 14.553812 14.229538 13.684906 12.937756 11.887903 10.555062 9.155917 9.773755 10.958843 12.115767 13.037374 13.758167 14.249154 14.585709 14.727231 14.736777 14.556259 14.231829 13.687175 12.939758 11.889727 10.556465 9.156972 9.774822 10.960120 12.117111 13.038829 13.759557 14.250545 14.586950 14.728393 14.737747 14.557093 14.232452 13.687627 12.940013 11.889807 10.556394 9.156743 9.774313 10.959247 12.115975 13.037356 13.757918 14.248624 14.584955 14.726181 14.735551 14.554759 14.230229 13.685376 12.937992 11.887930 10.554920 9.155595 9.773083 10.957712 12.114290 13.035468 13.756021 14.246634 14.583046 14.724255 14.733756 14.553006 14.228646 13.683892 12.936723 11.886837 10.554109 9.155037 9.772572 10.957163 12.113743 13.034925 13.755532 14.246199 14.582702 14.724004 14.733629 14.553016 14.228820 13.684259 12.937304 11.887679 10.555224 9.156581 9.775156 10.961216 12.119414 13.042665 13.765517 14.259151 14.598884 14.744464 14.758681 14.584031 14.266032 13.729183 12.989692 11.948632 10.623826 9.237494 9.897577 11.139750 12.357770 13.348830 14.142046 14.717643 15.143098 15.389185 15.507459 15.452447 15.253990 14.847300 14.225929 13.296625 12.056087 10.805424 12.130648 14.252303 16.401476 18.374361 20.179476 21.852612 23.446493 25.000000 
25.000000 24.418924 23.828678 23.226601 22.596182 21.939894 21.232880 20.479973 19.645470 18.730011 17.678503 16.466940 14.981635 13.067956 10.246840 5.128563 7.591609 10.051699 11.768901 12.944530 13.717122 14.237735 14.519241 14.642882 14.570273 14.354100 13.926829 13.307542 12.374932 11.023065 8.808311 4.512562 6.957138 9.377370 11.101722 12.322708 13.151690 13.738224 14.080801 14.266090 14.246805 14.082197 13.698627 13.121237 12.224793 10.908940 8.729759 4.479962 6.926475 9.347173 11.073459 12.297992 13.130378 13.720584 14.066144 14.254323 14.237267 14.074735 13.692736 13.116783 12.221439 10.906599 8.728265 4.479371 6.926198 9.347143 11.073668 12.298406 13.131006 13.721368 14.067116 14.255406 14.238515 14.076053 13.694186 13.118246 12.222964 10.908005 8.729468 4.479842 6.927370 9.348881 11.075935 12.300915 13.133863 13.724298 14.070292 14.258542 14.241807 14.079201 13.697386 13.121187 12.225799 10.910389 8.731360 4.480539 6.928598 9.350478 11.077828 12.302811 13.135818 13.726090 14.072018 14.260029 14.243141 14.080259 13.698230 13.121751 12.226121 10.910476 8.731272 4.480466 6.927972 9.349383 11.076240 12.300934 13.133533 13.723650 14.069246 14.257215 14.240086 14.077276 13.695119 13.118840 12.223254 10.908022 8.729287 4.479725 6.926546 9.347447 11.073872 12.298456 13.130876 13.721057 14.066595 14.254713 14.237604 14.074994 13.692925 13.116893 12.221477 10.906570 8.728193 4.479331 6.925964 9.346733 11.073087 12.297703 13.130159 13.720438 14.066065 14.254314 14.237336 14.074892 13.693004 13.117175 12.221989 10.907293 8.729056 4.479915 6.928170 9.350694 11.079026 12.305701 13.140790 13.733919 14.083320 14.275642 14.264005 14.107175 13.732370 13.163465 12.276027 10.966415 8.787602 4.514262 7.031080 9.525647 11.326346 12.623897 13.538327 14.213472 14.658590 14.950398 15.054206 15.014316 14.769330 14.320620 13.544982 12.287002 10.022250 5.211268 8.868239 12.550550 15.466153 17.829475 19.844732 21.658842 23.354967 25.000000 
25.000000 24.396866 23.788013 23.160444 22.514759 21.829924 21.111010 20.327587 19.485228 18.540091 17.488388 16.259230 14.809938 12.995152 10.656703 7.591609 4.529470 9.044198 11.255667 12.533895 13.364157 13.871612 14.182343 14.280161 14.235081 13.992231 13.595688 12.960585 12.086666 10.824122 9.061455 6.603950 4.124605 8.383969 10.563786 11.876182 12.769583 13.342240 13.722242 13.881389 13.896394 13.704639 13.356977 12.763229 11.929081 10.701575 8.974405 6.551755 4.105484 8.354317 10.534528 11.849771 12.747192 13.323364 13.706908 13.868843 13.886477 13.696728 13.350905 12.758557 11.925680 10.699171 8.972922 6.551070 4.105512 8.354512 10.534955 11.850466 12.748096 13.324513 13.708219 13.870377 13.888128 13.698579 13.352825 12.760639 11.927754 10.701309 8.974880 6.552824 4.106900 8.357029 10.537964 11.853997 12.751789 13.328574 13.712286 13.874704 13.892336 13.702934 13.356936 12.764758 11.931483 10.704832 8.977771 6.555102 4.108323 8.359377 10.540504 11.856698 12.754325 13.331067 13.714490 13.876746 13.894028 13.704371 13.357996 12.765497 11.931853 10.704859 8.977501 6.554559 4.107581 8.357814 10.538457 11.854076 12.751427 13.327690 13.710984 13.872862 13.890155 13.700239 13.354016 12.761410 11.928082 10.701213 8.974438 6.552064 4.105914 8.354985 10.535275 11.850569 12.747953 13.324097 13.707555 13.869420 13.886948 13.697103 13.351166 12.758709 11.925719 10.699104 8.972765 6.550837 4.105219 8.353921 10.534167 11.849470 12.746963 13.323195 13.706803 13.868802 13.886509 13.696845 13.351126 12.758910 11.926184 10.699863 8.973794 6.552140 4.106915 8.358003 10.540294 11.857985 12.758021 13.337592 13.724832 13.891642 13.914519 13.731568 13.392808 12.809182 11.984533 10.766782 9.045907 6.626532 4.186834 8.537916 10.798071 12.194605 13.173892 13.844824 14.327393 14.606002 14.744649 14.694772 14.488395 14.047253 13.346375 12.230278 10.534643 8.046050 5.580492 11.594373 15.083111 17.614651 19.711136 21.573139 23.314535 25.000000 
25.000000 24.380526 23.751944 23.112404 22.444983 21.754030 21.014257 20.234137 19.378780 18.456732 17.420456 16.271652 14.947208 13.446007 11.744530 10.051699 9.044198 10.339955 11.599928 12.571230 13.237664 13.702212 13.950440 14.060335 13.984774 13.784056 13.391840 12.852442 12.085509 11.125303 9.930946 8.717178 8.074992 9.470116 10.798028 11.848650 12.592680 13.138912 13.459731 13.640827 13.625885 13.482988 13.139199 12.645624 11.917287 10.993875 9.831306 8.647169 8.026936 9.430083 10.763266 11.819375 12.567986 13.118772 13.443182 13.627664 13.615312 13.474792 13.132803 12.640858 11.913769 10.991480 9.829812 8.646468 8.026872 9.430423 10.763972 11.820374 12.569308 13.120320 13.445024 13.629681 13.617602 13.477211 13.135476 12.643606 11.916739 10.994452 9.832943 8.649539 8.030191 9.434147 10.768332 11.824981 12.574425 13.125508 13.450605 13.635180 13.623370 13.482750 13.141141 12.648899 11.921992 10.999187 9.837441 8.653410 8.033839 9.437736 10.772096 11.828534 12.577961 13.128693 13.453628 13.637765 13.625669 13.484560 13.142560 12.649809 11.922430 10.999135 9.836879 8.652405 8.032250 9.435572 10.769188 11.825199 12.573961 13.124440 13.448816 13.632875 13.620354 13.479337 13.137066 12.644570 11.917100 10.994223 9.832082 8.648137 8.028070 9.431276 10.764517 11.820566 12.569139 13.119804 13.444122 13.628456 13.615979 13.475301 13.133166 12.641057 11.913810 10.991361 9.829528 8.646031 8.026240 9.429564 10.762847 11.819047 12.567725 13.118575 13.443039 13.627581 13.615293 13.474854 13.132968 12.641155 11.914247 10.992183 9.830836 8.647935 8.029131 9.434106 10.769474 11.827924 12.579533 13.133595 13.462343 13.651573 13.645503 13.511769 13.178588 12.695923 11.980536 11.070272 9.923976 8.759123 8.173108 9.641112 11.049342 12.182560 13.020233 13.664538 14.099974 14.401566 14.527874 14.531726 14.356895 14.033619 13.494043 12.753090 11.794986 10.857797 10.714509 13.163336 15.635574 17.834877 19.796665 21.608044 23.324617 25.000000 
25.000000 24.365845 23.726831 23.070282 22.398737 21.691595 20.957850 20.169018 19.339022 18.431814 17.465052 16.398649 15.261237 14.035657 12.823709 11.768901 11.255667 11.599928 12.232860 12.819263 13.313057 13.640182 13.856869 13.908758 13.859622 13.647999 13.335175 12.856728 12.277627 11.557268 10.819849 10.173326 9.988070 10.529492 11.309562 12.011764 12.613573 13.032610 13.336942 13.462720 13.483330 13.329702 13.071206 12.637684 12.100567 11.415022 10.709778 10.089128 9.925007 10.479197 11.269074 11.978382 12.586608 13.010547 13.319384 13.448586 13.472311 13.321033 13.064653 12.632736 12.097053 11.412626 10.708367 10.088524 9.925066 10.479804 11.270106 11.979846 12.588390 13.012714 13.321801 13.451363 13.475281 13.324347 13.068112 12.636533 12.100951 11.416862 10.712675 10.093210 9.929905 10.485264 11.275839 11.986225 12.594915 13.019796 13.328859 13.458844 13.482562 13.331892 13.075284 12.643797 12.107691 11.423529 10.718720 10.099090 9.935240 10.490615 11.280821 11.991185 12.599425 13.024146 13.332669 13.462346 13.485450 13.334329 13.077060 12.644991 12.108211 11.423363 10.717899 10.097501 9.933014 10.487498 11.277109 11.986589 12.594409 13.018341 13.326651 13.455686 13.478792 13.327205 13.070139 12.637790 12.101378 11.416425 10.711432 10.091013 9.926898 10.481136 11.270907 11.980155 12.588207 13.012024 13.320658 13.449697 13.473207 13.321739 13.065137 12.633008 12.097098 11.412440 10.707952 10.087850 9.924148 10.478569 11.268607 11.978010 12.586315 13.010306 13.319195 13.448442 13.472225 13.321016 13.064736 12.632957 12.097463 11.413312 10.709434 10.090177 9.927567 10.483631 11.275571 11.987491 12.598590 13.026330 13.339374 13.474204 13.504148 13.361141 13.113851 12.693902 12.171412 11.504506 10.820602 10.229912 10.105363 10.718600 11.575626 12.365582 13.059942 13.587194 14.006398 14.268332 14.433555 14.451188 14.373843 14.153578 13.843090 13.429220 13.034414 12.834841 13.256413 14.680522 16.460972 18.270918 20.032606 21.726128 23.375889 25.000000 
25.000000 24.356020 23.703800 23.043158 22.357925 21.655760 20.913115 20.145065 19.321947 18.466452 17.546431 16.596657 15.595513 14.611675 13.675495 12.944530 12.533895 12.571230 12.819263 13.159907 13.446080 13.688587 13.808201 13.858206 13.771648 13.613144 13.318905 12.961666 12.491321 12.006293 11.507758 11.168207 11.069015 11.350220 11.780238 12.275268 12.685677 13.041013 13.253716 13.389782 13.374125 13.281283 13.040832 12.733337 12.303580 11.855868 11.387420 11.074560 10.995408 11.292621 11.733930 12.238470 12.655890 13.017424 13.234767 13.374983 13.362436 13.272372 13.034011 12.728375 12.300047 11.853595 11.386160 11.074173 10.995770 11.293586 11.735476 12.240459 12.658384 13.020267 13.238076 13.378568 13.366467 13.276620 13.038702 12.733242 12.305376 11.859080 11.392166 11.080361 11.002606 11.300690 11.743356 12.248564 12.667237 13.029183 13.247617 13.387962 13.376304 13.286087 13.048405 12.742379 12.314557 11.867564 11.400558 11.088033 11.010175 11.307643 11.750240 12.254848 12.673357 13.034635 13.252749 13.392339 13.380181 13.289135 13.050775 12.743872 12.315209 11.867331 11.399351 11.085966 11.007022 11.303689 11.745147 12.249110 12.666544 13.027411 13.244601 13.384051 13.371176 13.280255 13.041402 12.734846 12.305895 11.858502 11.390365 11.077478 10.998363 11.295392 11.736606 12.240893 12.658147 13.019400 13.236533 13.376457 13.363669 13.273307 13.034675 12.728736 12.300107 11.853344 11.385574 11.073264 10.994479 11.291956 11.733419 12.238072 12.655555 13.017138 13.234510 13.374763 13.362253 13.272250 13.033973 12.728471 12.300336 11.854168 11.387156 11.075768 10.998261 11.297281 11.740847 12.247879 12.668575 13.033760 13.256011 13.401719 13.396572 13.314795 13.087546 12.794423 12.382873 11.955738 11.514688 11.234558 11.200587 11.552298 12.063114 12.644197 13.155163 13.617900 13.958452 14.231812 14.380850 14.465629 14.438712 14.363758 14.216311 14.086287 14.018823 14.190741 14.754476 15.841366 17.226791 18.755215 20.317780 21.887970 23.446333 25.000000 
