25.000000 25.000000 25.000000 25.000000 25.000000 25.000000 25.000000 25.000000 25.000000 25.000000 25.000000 25.000000 25.000000 25.000000 25.000000 25.000000 25.000000 25.000000 25.000000 25.000000 25.000000 25.000000 25.000000 25.000000 25.000000 25.000000 25.000000 25.000000 25.000000 25.000000 25.000000 25.000000 25.000000 25.000000 25.000000 25.000000 25.000000 25.000000 25.000000 25.000000 25.000000 25.000000 25.000000 25.000000 25.000000 25.000000 25.000000 25.000000 25.000000 25.000000 25.000000 25.000000 25.000000 25.000000 25.000000 25.000000 25.000000 25.000000 25.000000 25.000000 25.000000 25.000000 25.000000 25.000000 25.000000 25.000000 25.000000 25.000000 25.000000 25.000000 25.000000 25.000000 25.000000 25.000000 25.000000 25.000000 25.000000 25.000000 25.000000 25.000000 25.000000 25.000000 25.000000 25.000000 25.000000 25.000000 25.000000 25.000000 25.000000 25.000000 25.000000 25.000000 25.000000 25.000000 25.000000 25.000000 25.000000 25.000000 25.000000 25.000000 25.000000 25.000000 25.000000 25.000000 25.000000 25.000000 25.000000 25.000000 25.000000 25.000000 25.000000 25.000000 25.000000 25.000000 25.000000 25.000000 25.000000 25.000000 25.000000 25.000000 25.000000 25.000000 25.000000 25.000000 25.000000 25.000000 25.000000 25.000000 25.000000 25.000000 25.000000 25.000000 25.000000 25.000000 25.000000 25.000000 25.000000 25.000000 25.000000 25.000000 25.000000 25.000000 25.000000 25.000000 25.000000 25.000000 25.000000 25.000000 25.000000 25.000000 25.000000 25.000000 25.000000 25.000000 25.000000 25.000000 25.000000 25.000000 25.000000 25.000000 25.000000 25.000000 25.000000 25.000000 25.000000 25.000000 25.000000 25.000000 25.000000 25.000000 25.000000 25.000000 25.000000 25.000000 25.000000 25.000000 25.000000 25.000000 25.000000 25.000000 25.000000 25.000000 25.000000 25.000000 25.000000 25.000000 25.000000 25.000000 25.000000 25.000000 25.000000 25.000000 25.000000 25.000000 25.000000 25.000000 25.000000 25.000000 25.000000 25.000000 
25.000000 24.966997 24.933586 24.900200 24.865705 24.831450 24.795702 24.760777 24.724476 24.690069 24.654957 24.623255 24.591892 24.565569 24.540531 24.521694 24.504343 24.493341 24.482952 24.478006 24.472000 24.470022 24.465254 24.463348 24.457573 24.454283 24.447033 24.442789 24.435337 24.431952 24.426380 24.425795 24.423561 24.426462 24.427319 24.432550 24.434603 24.439831 24.440655 24.443708 24.441713 24.441757 24.437008 24.434958 24.429127 24.427158 24.422615 24.422926 24.421331 24.424784 24.426029 24.431595 24.433876 24.439299 24.440254 24.443419 24.441498 24.441603 24.436893 24.434877 24.429068 24.427118 24.422586 24.422905 24.421316 24.424774 24.426022 24.431589 24.433872 24.439295 24.440252 24.443419 24.441498 24.441603 24.436893 24.434877 24.429068 24.427118 24.422586 24.422905 24.421316 24.424774 24.426022 24.431589 24.433872 24.439295 24.440252 24.443419 24.441498 24.441603 24.436893 24.434877 24.429068 24.427118 24.422586 24.422907 24.421318 24.424774 24.426022 24.431589 24.433872 24.439297 24.440254 24.443419 24.441498 24.441603 24.436893 24.434879 24.429070 24.427118 24.422586 24.422907 24.421318 24.424774 24.426022 24.431589 24.433872 24.439295 24.440252 24.443419 24.441498 24.441603 24.436893 24.434877 24.429068 24.427118 24.422586 24.422905 24.421316 24.424774 24.426022 24.431589 24.433872 24.439295 24.440252 24.443419 24.441496 24.441603 24.436893 24.434877 24.429068 24.427116 24.422586 24.422905 24.421316 24.424774 24.426022 24.431589 24.433872 24.439295 24.440252 24.443419 24.441500 24.441607 24.436897 24.434885 24.429079 24.427134 24.422609 24.422939 24.421366 24.424843 24.426121 24.431725 24.434065 24.439558 24.440620 24.443913 24.442184 24.442518 24.438147 24.436529 24.431299 24.430025 24.426464 24.427908 24.427898 24.433172 24.436930 24.445370 24.451555 24.461426 24.468330 24.478251 24.485216 24.495371 24.503654 24.516228 24.528929 24.547541 24.568550 24.596815 24.629141 24.669001 24.713341 24.764120 24.818542 24.877211 24.937870 25.000000 
25.000000 24.933586 24.867149 24.799099 24.731171 24.660456 24.590578 24.517586 24.447054 24.374218 24.306505 24.238373 24.178743 24.120996 24.074862 24.032047 24.002333 23.975292 23.960457 23.945459 23.939970 23.930521 23.927645 23.917721 23.912659 23.899326 23.891060 23.875376 23.866608 23.852560 23.847775 23.839605 23.841990 23.841204 23.850262 23.854370 23.866032 23.870016 23.879082 23.878340 23.881388 23.874186 23.871313 23.859640 23.854391 23.842916 23.840378 23.833826 23.837614 23.837820 23.847734 23.852438 23.864609 23.868938 23.878300 23.877754 23.880966 23.873873 23.871092 23.859478 23.854277 23.842833 23.840321 23.833784 23.837585 23.837801 23.847721 23.852428 23.864601 23.868935 23.878296 23.877752 23.880966 23.873873 23.871092 23.859478 23.854277 23.842833 23.840321 23.833784 23.837585 23.837801 23.847721 23.852428 23.864601 23.868935 23.878296 23.877752 23.880966 23.873875 23.871092 23.859478 23.854277 23.842833 23.840321 23.833786 23.837587 23.837803 23.847723 23.852430 23.864603 23.868937 23.878298 23.877752 23.880966 23.873875 23.871092 23.859478 23.854279 23.842834 23.840322 23.833786 23.837587 23.837801 23.847721 23.852428 23.864601 23.868935 23.878296 23.877752 23.880966 23.873875 23.871092 23.859478 23.854277 23.842833 23.840321 23.833784 23.837585 23.837801 23.847721 23.852428 23.864601 23.868935 23.878296 23.877752 23.880964 23.873873 23.871090 23.859476 23.854275 23.842831 23.840321 23.833784 23.837585 23.837801 23.847721 23.852428 23.864601 23.868935 23.878298 23.877754 23.880970 23.873880 23.871099 23.859491 23.854298 23.842865 23.840366 23.833853 23.837681 23.837940 23.847914 23.852703 23.864977 23.869467 23.879013 23.878754 23.882305 23.875721 23.873537 23.862808 23.858643 23.848696 23.847925 23.843861 23.850513 23.854702 23.869179 23.880125 23.899424 23.913359 23.933645 23.947596 23.967245 23.981602 24.003019 24.022432 24.051947 24.084139 24.129841 24.182568 24.250744 24.328182 24.420244 24.520998 24.632841 24.750618 24.874271 25.000000 
25.000000 24.900200 24.799099 24.697878 24.593082 24.488625 24.379305 24.271936 24.160002 24.053242 23.944109 23.844988 23.747149 23.664808 23.587271 23.529297 23.477135 23.445040 23.415840 23.403400 23.388069 23.384445 23.372013 23.367233 23.350063 23.339302 23.316017 23.301043 23.276381 23.263903 23.245575 23.242861 23.236385 23.246103 23.250662 23.268635 23.277334 23.295120 23.299282 23.309183 23.303198 23.302286 23.286388 23.277899 23.258024 23.249735 23.234449 23.234385 23.229797 23.241150 23.246855 23.265812 23.275188 23.293549 23.298100 23.308329 23.302561 23.301832 23.286053 23.277662 23.257851 23.249615 23.234362 23.234324 23.229755 23.241121 23.246834 23.265799 23.275177 23.293543 23.298096 23.308327 23.302559 23.301832 23.286053 23.277662 23.257853 23.249615 23.234364 23.234325 23.229755 23.241123 23.246836 23.265800 23.275179 23.293545 23.298098 23.308329 23.302561 23.301834 23.286053 23.277664 23.257853 23.249617 23.234364 23.234327 23.229757 23.241125 23.246838 23.265802 23.275183 23.293547 23.298100 23.308329 23.302561 23.301834 23.286055 23.277664 23.257854 23.249617 23.234365 23.234327 23.229757 23.241123 23.246836 23.265800 23.275179 23.293545 23.298098 23.308327 23.302561 23.301834 23.286053 23.277662 23.257853 23.249615 23.234364 23.234325 23.229755 23.241121 23.246834 23.265799 23.275177 23.293543 23.298096 23.308327 23.302559 23.301832 23.286051 23.277660 23.257851 23.249613 23.234362 23.234324 23.229755 23.241121 23.246834 23.265799 23.275179 23.293545 23.298098 23.308331 23.302565 23.301842 23.286066 23.277683 23.257883 23.249660 23.234432 23.234425 23.229900 23.241323 23.247126 23.266197 23.275747 23.294315 23.299181 23.309782 23.304581 23.304523 23.289740 23.282522 23.264427 23.258192 23.245810 23.249096 23.249201 23.265942 23.279078 23.306530 23.327438 23.358938 23.381054 23.411242 23.431747 23.460773 23.483526 23.518532 23.553904 23.607224 23.668623 23.752867 23.850801 23.972742 24.109571 24.266785 24.435837 24.618147 24.806803 25.000000 
25.000000 24.865705 24.731171 24.593082 24.454657 24.310003 24.166082 24.015039 23.867773 23.715063 23.571703 23.427347 23.300053 23.177732 23.080116 22.991724 22.931866 22.880121 22.854464 22.829947 22.824459 22.810772 22.808725 22.791140 22.781059 22.752783 22.732664 22.696814 22.673971 22.641211 22.627764 22.609722 22.614588 22.615610 22.637646 22.651129 22.679552 22.692347 22.713743 22.714151 22.719931 22.703636 22.694052 22.666040 22.650074 22.622349 22.613300 22.598425 22.606041 22.609007 22.632719 22.647364 22.676781 22.690250 22.712219 22.713009 22.719112 22.703028 22.693621 22.665724 22.649851 22.622185 22.613188 22.598345 22.605988 22.608969 22.632694 22.647346 22.676767 22.690241 22.712215 22.713007 22.719110 22.703028 22.693621 22.665724 22.649853 22.622187 22.613190 22.598347 22.605989 22.608973 22.632696 22.647348 22.676771 22.690245 22.712219 22.713011 22.719114 22.703030 22.693623 22.665728 22.649855 22.622190 22.613192 22.598351 22.605991 22.608974 22.632700 22.647352 22.676775 22.690248 22.712221 22.713013 22.719116 22.703032 22.693626 22.665730 22.649857 22.622190 22.613192 22.598349 22.605991 22.608973 22.632696 22.647348 22.676771 22.690245 22.712219 22.713009 22.719112 22.703030 22.693623 22.665726 22.649853 22.622187 22.613190 22.598347 22.605988 22.608969 22.632694 22.647346 22.676767 22.690241 22.712215 22.713007 22.719110 22.703026 22.693619 22.665722 22.649851 22.622185 22.613188 22.598345 22.605988 22.608969 22.632694 22.647346 22.676769 22.690245 22.712219 22.713013 22.719118 22.703039 22.693640 22.665752 22.649893 22.622250 22.613279 22.598480 22.606174 22.609241 22.633068 22.647882 22.677498 22.691275 22.713610 22.714952 22.721712 22.706617 22.698376 22.672201 22.658350 22.633614 22.628025 22.618021 22.631250 22.642014 22.674656 22.701513 22.744858 22.777084 22.820389 22.849487 22.887726 22.913645 22.951780 22.985010 23.037910 23.097010 23.184561 23.288841 23.426853 23.586710 23.778515 23.990170 24.225576 24.474026 24.734789 25.000000 
25.000000 24.831450 24.660456 24.488625 24.310003 24.130650 23.941818 23.754366 23.557636 23.367535 23.172279 22.992647 22.815760 22.665949 22.527588 22.425615 22.338587 22.289112 22.248510 22.237459 22.222475 22.225460 22.211899 22.207541 22.179457 22.158102 22.113274 22.079576 22.029261 21.999201 21.962044 21.953672 21.943714 21.964100 21.979618 22.018682 22.043106 22.080969 22.094357 22.113747 22.103731 22.098272 22.065365 22.042139 21.999563 21.976282 21.944054 21.939976 21.933083 21.956120 21.973492 22.014145 22.039658 22.078449 22.092459 22.112377 22.102709 22.097544 22.064825 22.041758 21.999283 21.976088 21.943913 21.939878 21.933014 21.956074 21.973459 22.014122 22.039642 22.078440 22.092453 22.112373 22.102707 22.097544 22.064825 22.041761 21.999287 21.976089 21.943916 21.939882 21.933018 21.956078 21.973465 22.014128 22.039648 22.078445 22.092459 22.112379 22.102713 22.097548 22.064831 22.041765 21.999290 21.976095 21.943920 21.939888 21.933022 21.956081 21.973469 22.014132 22.039654 22.078449 22.092463 22.112383 22.102716 22.097551 22.064835 22.041767 21.999292 21.976095 21.943920 21.939886 21.933020 21.956078 21.973465 22.014128 22.039648 22.078444 22.092457 22.112377 22.102711 22.097546 22.064827 22.041761 21.999287 21.976089 21.943916 21.939882 21.933016 21.956074 21.973459 22.014122 22.039642 22.078438 22.092451 22.112373 22.102707 22.097542 22.064823 22.041758 21.999283 21.976088 21.943913 21.939878 21.933014 21.956074 21.973459 22.014124 22.039644 22.078444 22.092457 22.112381 22.102716 22.097557 22.064848 22.041794 21.999336 21.976164 21.944027 21.940039 21.933249 21.956398 21.973928 22.014763 22.040556 22.079678 22.094191 22.114708 22.105946 22.101854 22.070736 22.049557 22.009846 21.989885 21.962357 21.963713 21.964426 21.996202 22.025612 22.080009 22.124155 22.184149 22.226484 22.278589 22.311325 22.354300 22.384092 22.431820 22.479784 22.558340 22.653589 22.791080 22.957209 23.168726 23.410402 23.689802 23.991884 24.317593 24.654856 25.000000 
25.000000 24.795702 24.590578 24.379305 24.166082 23.941818 23.716175 23.477327 23.240873 22.993536 22.757235 22.518242 22.304388 22.100866 21.938667 21.798040 21.707752 21.638161 21.613007 21.593588 21.602520 21.597769 21.605871 21.586094 21.571125 21.523731 21.482752 21.415077 21.364294 21.300146 21.267540 21.234747 21.242493 21.252304 21.298046 21.334721 21.393217 21.426970 21.468964 21.475124 21.482973 21.452812 21.426992 21.370613 21.329756 21.272894 21.246658 21.218462 21.230194 21.242823 21.290985 21.329334 21.389256 21.423975 21.466787 21.473494 21.481802 21.451941 21.426374 21.370157 21.329435 21.272659 21.246496 21.218344 21.230116 21.242767 21.290947 21.329308 21.389240 21.423965 21.466782 21.473490 21.481800 21.451941 21.426376 21.370161 21.329439 21.272663 21.246500 21.218349 21.230120 21.242773 21.290955 21.329317 21.389248 21.423975 21.466789 21.473499 21.481810 21.451950 21.426384 21.370169 21.329447 21.272673 21.246508 21.218357 21.230127 21.242781 21.290960 21.329325 21.389256 21.423983 21.466797 21.473507 21.481815 21.451956 21.426390 21.370173 21.329451 21.272673 21.246508 21.218355 21.230125 21.242775 21.290955 21.329315 21.389246 21.423971 21.466787 21.473495 21.481806 21.451944 21.426378 21.370161 21.329439 21.272663 21.246500 21.218348 21.230116 21.242767 21.290947 21.329308 21.389238 21.423964 21.466780 21.473490 21.481800 21.451941 21.426374 21.370157 21.329435 21.272659 21.246496 21.218344 21.230116 21.242767 21.290947 21.329308 21.389240 21.423967 21.466785 21.473497 21.481812 21.451958 21.426401 21.370199 21.329496 21.272751 21.246626 21.218536 21.230383 21.243156 21.291483 21.330076 21.390284 21.425442 21.468769 21.476267 21.485510 21.457058 21.433157 21.379406 21.341589 21.289032 21.267799 21.246658 21.266539 21.290474 21.351580 21.407587 21.487604 21.549332 21.622810 21.670187 21.724688 21.755301 21.798468 21.831030 21.891062 21.962311 22.080378 22.231562 22.442173 22.695488 23.004566 23.349916 23.734564 24.141157 24.567041 25.000000 
25.000000 24.760777 24.517586 24.271936 24.015039 23.754366 23.477327 23.197893 22.901203 22.608501 22.304577 22.018698 21.736561 21.494463 21.276577 21.120129 20.999189 20.942772 20.909384 20.921362 20.929005 20.957220 20.956642 20.959841 20.921638 20.882946 20.804173 20.733685 20.637657 20.569551 20.498098 20.475281 20.463547 20.504578 20.548708 20.628939 20.689816 20.764730 20.800066 20.834814 20.820589 20.803007 20.740084 20.683565 20.597889 20.538876 20.474054 20.457016 20.449409 20.493994 20.540606 20.622950 20.685272 20.761410 20.797567 20.833008 20.819241 20.802044 20.739370 20.683060 20.597517 20.538618 20.473867 20.456886 20.449318 20.493931 20.540560 20.622921 20.685253 20.761400 20.797562 20.833006 20.819239 20.802044 20.739374 20.683065 20.597523 20.538624 20.473873 20.456894 20.449326 20.493940 20.540573 20.622934 20.685266 20.761414 20.797575 20.833019 20.819254 20.802059 20.739388 20.683079 20.597538 20.538637 20.473886 20.456905 20.449339 20.493952 20.540585 20.622944 20.685280 20.761423 20.797586 20.833029 20.819265 20.802067 20.739395 20.683084 20.597542 20.538639 20.473886 20.456903 20.449333 20.493944 20.540573 20.622934 20.685265 20.761410 20.797571 20.833014 20.819246 20.802050 20.739378 20.683067 20.597525 20.538624 20.473871 20.456890 20.449320 20.493933 20.540562 20.622921 20.685253 20.761398 20.797560 20.833004 20.819237 20.802042 20.739370 20.683060 20.597517 20.538618 20.473867 20.456886 20.449318 20.493931 20.540560 20.622921 20.685255 20.761402 20.797565 20.833012 20.819252 20.802063 20.739401 20.683107 20.597589 20.538719 20.474018 20.457098 20.449629 20.494362 20.541183 20.623772 20.686462 20.763033 20.799852 20.836077 20.823500 20.807711 20.747143 20.693323 20.611443 20.556854 20.498314 20.488581 20.491211 20.547575 20.610371 20.711153 20.798382 20.902761 20.976557 21.054663 21.097086 21.143747 21.164251 21.202766 21.239260 21.319466 21.430767 21.612612 21.850437 22.166489 22.538042 22.970734 23.440598 23.945429 24.467239 25.000000 
25.000000 24.724476 24.447054 24.160002 23.867773 23.557636 23.240873 22.901203 22.557541 22.192411 21.833874 21.466373 21.128693 20.808672 20.553051 20.345455 20.226107 20.156797 20.160393 20.179741 20.234915 20.266445 20.303635 20.292219 20.272644 20.197515 20.117304 19.992645 19.883099 19.757374 19.680023 19.619720 19.631838 19.667645 19.763266 19.854519 19.972376 20.052246 20.131758 20.152670 20.161562 20.107964 20.046772 19.936342 19.839355 19.722895 19.653667 19.599239 19.616434 19.655819 19.754490 19.847841 19.967472 20.048540 20.129063 20.150646 20.160107 20.106878 20.046001 19.935772 19.838957 19.722603 19.653467 19.599094 19.616335 19.655748 19.754442 19.847809 19.967453 20.048529 20.129057 20.150644 20.160107 20.106882 20.046007 19.935780 19.838963 19.722612 19.653477 19.599106 19.616348 19.655764 19.754459 19.847828 19.967472 20.048550 20.129078 20.150667 20.160130 20.106905 20.046028 19.935802 19.838984 19.722633 19.653494 19.599125 19.616365 19.655783 19.754477 19.847847 19.967489 20.048567 20.129093 20.150684 20.160143 20.106918 20.046038 19.935810 19.838989 19.722635 19.653494 19.599119 19.616358 19.655769 19.754461 19.847828 19.967470 20.048544 20.129070 20.150658 20.160116 20.106890 20.046013 19.935783 19.838966 19.722612 19.653473 19.599100 19.616339 19.655752 19.754444 19.847809 19.967451 20.048525 20.129053 20.150640 20.160103 20.106876 20.046001 19.935772 19.838955 19.722603 19.653465 19.599094 19.616335 19.655748 19.754442 19.847809 19.967453 20.048529 20.129059 20.150650 20.160118 20.106899 20.046034 19.935823 19.839031 19.722717 19.653629 19.599335 19.616671 19.656237 19.755114 19.848770 19.968758 20.050367 20.131529 20.154087 20.164698 20.113207 20.054382 19.947203 19.854000 19.742928 19.680019 19.634546 19.662151 19.715979 19.831173 19.946964 20.092010 20.207071 20.325989 20.398331 20.465248 20.487246 20.512026 20.513016 20.543747 20.591396 20.710611 20.893993 21.180473 21.549124 22.010380 22.532417 23.111664 23.721714 24.356487 25.000000 
25.000000 24.690069 24.374218 24.053242 23.715063 23.367535 22.993536 22.608501 22.192411 21.769730 21.321419 20.884230 20.445734 20.058481 19.717669 19.482533 19.332279 19.297918 19.317558 19.402294 19.479431 19.570013 19.608799 19.632753 19.585583 19.517168 19.380281 19.236496 19.050671 18.896820 18.751595 18.691738 18.682615 18.770893 18.886232 19.053495 19.194220 19.340120 19.421299 19.482544 19.463770 19.420511 19.302607 19.175673 19.002419 18.859678 18.722603 18.669840 18.665773 18.758358 18.876677 19.046452 19.188877 19.336212 19.418350 19.480408 19.462168 19.419363 19.301754 19.175070 19.001976 18.859371 18.722380 18.669689 18.665667 18.758286 18.876627 19.046419 19.188858 19.336203 19.418346 19.480408 19.462172 19.419369 19.301762 19.175079 19.001986 18.859383 18.722393 18.669703 18.665684 18.758307 18.876652 19.046446 19.188889 19.336233 19.418381 19.480442 19.462208 19.419403 19.301798 19.175112 19.002020 18.859413 18.722424 18.669729 18.665712 18.758333 18.876678 19.046473 19.188915 19.336258 19.418407 19.480463 19.462231 19.419420 19.301813 19.175121 19.002026 18.859415 18.722422 18.669724 18.665699 18.758316 18.876656 19.046446 19.188883 19.336226 19.418369 19.480427 19.462187 19.419380 19.301771 19.175085 19.001989 18.859383 18.722389 18.669695 18.665670 18.758289 18.876629 19.046419 19.188856 19.336199 19.418343 19.480402 19.462166 19.419361 19.301752 19.175070 19.001974 18.859369 18.722378 18.669687 18.665665 18.758286 18.876625 19.046417 19.188856 19.336201 19.418346 19.480412 19.462181 19.419384 19.301788 19.175121 19.002056 18.859489 18.722557 18.669939 18.666037 18.758801 18.877373 19.047438 19.190302 19.338150 19.421070 19.484047 19.467197 19.426033 19.310879 19.187105 19.018314 18.880833 18.751297 18.707432 18.715912 18.823017 18.961206 19.153522 19.326181 19.507526 19.634708 19.747421 19.795628 19.827959 19.808250 19.793524 19.765818 19.791763 19.872278 20.072279 20.386402 20.839149 21.392021 22.036890 22.733938 23.473278 24.230984 25.000000 
25.000000 24.654957 24.306505 23.944109 23.571703 23.172279 22.757235 22.304577 21.833874 21.321419 20.797840 20.244764 19.711533 19.196781 18.776608 18.462835 18.322556 18.304991 18.409628 18.543726 18.710503 18.829195 18.928793 18.943247 18.919764 18.802088 18.650158 18.419716 18.186266 17.926758 17.737793 17.612982 17.635992 17.745251 17.957273 18.173502 18.410883 18.583687 18.730772 18.781609 18.790461 18.697405 18.567467 18.353615 18.134964 17.886480 17.707222 17.589453 17.618464 17.731899 17.947409 18.166006 18.405373 18.579508 18.727720 18.779305 18.788795 18.696159 18.566578 18.352957 18.134502 17.886145 17.706993 17.589289 17.618355 17.731823 17.947359 18.165976 18.405355 18.579500 18.727718 18.779310 18.788805 18.696171 18.566591 18.352974 18.134520 17.886162 17.707012 17.589312 17.618380 17.731855 17.947395 18.166016 18.405397 18.579550 18.727770 18.779364 18.788857 18.696226 18.566643 18.353027 18.134565 17.886209 17.707052 17.589354 17.618418 17.731895 17.947432 18.166058 18.405436 18.579590 18.727804 18.779400 18.788885 18.696253 18.566662 18.353043 18.134575 17.886211 17.707048 17.589342 17.618401 17.731869 17.947401 18.166016 18.405392 18.579536 18.727751 18.779337 18.788826 18.696190 18.566605 18.352983 18.134523 17.886162 17.707005 17.589298 17.618361 17.731829 17.947363 18.165976 18.405352 18.579496 18.727713 18.779301 18.788794 18.696157 18.566576 18.352957 18.134502 17.886143 17.706991 17.589287 17.618353 17.731821 17.947357 18.165972 18.405350 18.579496 18.727716 18.779308 18.788807 18.696182 18.566612 18.353012 18.134584 17.886271 17.707172 17.589560 17.618736 17.732386 17.948135 18.167088 18.406862 18.581621 18.730556 18.783239 18.794014 18.703308 18.575996 18.365755 18.151320 17.908903 17.736900 17.629601 17.671045 17.801786 18.037111 18.282372 18.551662 18.765430 18.957893 19.067490 19.141880 19.133686 19.099489 19.009794 18.934237 18.872669 18.914457 19.084974 19.453709 19.990791 20.681662 21.463694 22.313921 23.193680 24.094172 25.000000 
25.000000 24.623255 24.238373 23.844988 23.427347 22.992647 22.518242 22.018698 21.466373 20.884230 20.244764 19.585457 18.893385 18.240503 17.657625 17.269646 17.110662 17.189863 17.382622 17.652481 17.890129 18.107468 18.226978 18.291676 18.237345 18.121260 17.887602 17.605940 17.239622 16.886152 16.554585 16.386406 16.397713 16.616846 16.914448 17.272356 17.577057 17.852974 18.017628 18.122654 18.099342 18.011183 17.798832 17.536358 17.184549 16.844053 16.522125 16.362282 16.379433 16.603367 16.904207 17.264793 17.571293 17.848726 18.014399 18.120296 18.097563 18.009899 17.797873 17.535679 17.184050 16.843708 16.521879 16.362116 16.379318 16.603294 16.904160 17.264765 17.571278 17.848722 18.014402 18.120306 18.097578 18.009918 17.797895 17.535702 17.184076 16.843735 16.521910 16.362148 16.379356 16.603338 16.904215 17.264824 17.571346 17.848793 18.014482 18.120382 18.097662 18.009996 17.797979 17.535776 17.184151 16.843800 16.521973 16.362204 16.379414 16.603392 16.904274 17.264881 17.571407 17.848850 18.014540 18.120430 18.097708 18.010033 17.798008 17.535799 17.184166 16.843803 16.521967 16.362188 16.379387 16.603355 16.904222 17.264824 17.571337 17.848776 18.014452 18.120346 18.097614 18.009945 17.797916 17.535715 17.184084 16.843733 16.521900 16.362131 16.379328 16.603300 16.904165 17.264767 17.571276 17.848719 18.014395 18.120293 18.097561 18.009899 17.797873 17.535679 17.184050 16.843706 16.521877 16.362114 16.379314 16.603289 16.904154 17.264759 17.571270 17.848715 18.014395 18.120298 18.097574 18.009922 17.797909 17.535732 17.184135 16.843832 16.522068 16.362389 16.379726 16.603868 16.904999 17.265913 17.572906 17.850912 18.017447 18.124342 18.103111 18.017189 17.807756 17.548601 17.201483 16.866560 16.552816 16.403023 16.434780 16.675968 17.000235 17.387188 17.728539 18.044641 18.260900 18.422764 18.472570 18.465412 18.357151 18.211924 18.012304 17.850218 17.766422 17.899454 18.305958 18.988642 19.847027 20.822298 21.844387 22.893351 23.945316 25.000000 
25.000000 24.591892 24.178743 23.747149 23.300053 22.815760 22.304388 21.736561 21.128693 20.445734 19.711533 18.893385 18.036047 17.143715 16.343740 15.770926 15.660588 15.874007 16.278513 16.693609 17.090063 17.373110 17.579975 17.642160 17.616676 17.439247 17.173048 16.760748 16.280132 15.713046 15.207989 14.873417 14.951606 15.299541 15.811314 16.306330 16.772015 17.108770 17.364113 17.464104 17.473072 17.322269 17.080317 16.686584 16.222820 15.668570 15.174947 14.848722 14.933616 15.285965 15.801263 16.298622 16.766275 17.104361 17.360851 17.461617 17.471258 17.320902 17.079334 16.685856 16.222311 15.668200 15.174699 14.848552 14.933508 15.285894 15.801222 16.298599 16.766268 17.104364 17.360863 17.461636 17.471281 17.320932 17.079367 16.685894 16.222349 15.668242 15.174740 14.848598 14.933558 15.285960 15.801296 16.298691 16.766363 17.104477 17.360975 17.461758 17.471401 17.321058 17.079483 16.686012 16.222454 15.668343 15.174824 14.848679 14.933634 15.286043 15.801378 16.298780 16.766449 17.104565 17.361053 17.461834 17.471462 17.321114 17.079527 16.686045 16.222473 15.668350 15.174818 14.848658 14.933599 15.285988 15.801309 16.298689 16.766350 17.104446 17.360933 17.461700 17.471333 17.320976 17.079397 16.685915 16.222357 15.668242 15.174728 14.848574 14.933522 15.285905 15.801228 16.298601 16.766264 17.104357 17.360851 17.461617 17.471258 17.320902 17.079334 16.685856 16.222309 15.668199 15.174696 14.848547 14.933501 15.285886 15.801210 16.298586 16.766253 17.104347 17.360847 17.461618 17.471270 17.320923 17.079369 16.685911 16.222391 15.668325 15.174879 14.848828 14.933911 15.286504 15.802075 16.299829 16.767937 17.106705 17.363977 17.465914 17.476896 17.328529 17.089237 16.699104 16.239449 15.691130 15.204782 14.889716 14.989081 15.361907 15.900673 16.428905 16.930658 17.313135 17.618301 17.781923 17.860226 17.797518 17.651775 17.380047 17.052835 16.677166 16.401556 16.385246 16.882027 17.770420 18.895508 20.106979 21.347979 22.576260 23.793739 25.000000 
25.000000 24.565569 24.120996 23.664808 23.177732 22.665949 22.100866 21.494463 20.808672 20.058481 19.196781 18.240503 17.143715 15.954568 14.729980 13.809730 13.805940 14.367064 15.067592 15.753380 16.292419 16.714935 16.956459 17.080311 17.022243 16.846004 16.480282 15.983871 15.289619 14.477912 13.582629 12.947667 13.128729 13.818396 14.608033 15.369636 15.968257 16.445982 16.731615 16.896574 16.870853 16.724508 16.381966 15.906845 15.229062 14.432456 13.548893 12.924044 13.111392 13.805614 14.598145 15.362153 15.962414 16.441587 16.728214 16.894056 16.868933 16.723112 16.380917 15.906100 15.228518 14.432085 13.548636 12.923883 13.111289 13.805554 14.598112 15.362141 15.962417 16.441603 16.728239 16.894089 16.868975 16.723156 16.380970 15.906156 15.228577 14.432142 13.548695 12.923940 13.111362 13.805644 14.598228 15.362269 15.962568 16.441759 16.728415 16.894260 16.869160 16.723333 16.381155 15.906322 15.228742 14.432281 13.548820 12.924040 13.111469 13.805755 14.598355 15.362394 15.962702 16.441881 16.728537 16.894365 16.869257 16.723412 16.381218 15.906367 15.228771 14.432291 13.548813 12.924015 13.111418 13.805678 14.598247 15.362268 15.962546 16.441719 16.728350 16.894180 16.869055 16.723219 16.381018 15.906185 15.228592 14.432141 13.548681 12.923912 13.111309 13.805568 14.598121 15.362143 15.962412 16.441591 16.728220 16.894062 16.868938 16.723116 16.380919 15.906102 15.228517 14.432083 13.548633 12.923878 13.111279 13.805541 14.598094 15.362120 15.962391 16.441576 16.728209 16.894060 16.868944 16.723131 16.380951 15.906152 15.228596 14.432198 13.548807 12.924135 13.111696 13.806158 14.599016 15.363393 15.964197 16.443991 16.731544 16.898439 16.874872 16.730795 16.391134 15.919128 15.245575 14.453730 13.577239 12.961980 13.166404 13.881907 14.702371 15.497102 16.136822 16.658937 17.000792 17.226402 17.277227 17.212656 16.971601 16.603655 16.057442 15.404055 14.712927 14.357946 15.019764 16.315504 17.824118 19.362129 20.843563 22.269970 23.646322 25.000000 
25.000000 24.540531 24.074862 23.587271 23.080116 22.527588 21.938667 21.276577 20.553051 19.717669 18.776608 17.657625 16.343740 14.729980 12.811878 10.861525 11.386374 12.633576 13.871410 14.852304 15.611296 16.114952 16.450617 16.569191 16.545980 16.309721 15.918204 15.278319 14.416562 13.213113 11.696949 10.106551 10.797248 12.127848 13.432787 14.469606 15.285395 15.837123 16.219788 16.376455 16.389261 16.181358 15.816189 15.196827 14.354125 13.165878 11.664124 10.085439 10.782293 12.116069 13.423552 14.462159 15.279637 15.832574 16.216358 16.373800 16.387304 16.179871 15.815119 15.196033 14.353573 13.165488 11.663877 10.085293 10.782209 12.116021 13.423532 14.462160 15.279655 15.832606 16.216400 16.373856 16.387365 16.179945 15.815196 15.196120 14.353660 13.165578 11.663954 10.085361 10.782303 12.116158 13.423695 14.462361 15.279867 15.832849 16.216642 16.374123 16.387625 16.180220 15.815454 15.196383 14.353891 13.165793 11.664119 10.085485 10.782434 12.116323 13.423870 14.462556 15.280052 15.833038 16.216812 16.374283 16.387758 16.180338 15.815542 15.196449 14.353930 13.165809 11.664112 10.085458 10.782368 12.116208 13.423720 14.462359 15.279839 15.832785 16.216553 16.373995 16.387478 16.180038 15.815263 15.196165 14.353680 13.165578 11.663939 10.085329 10.782235 12.116041 13.423544 14.462164 15.279648 15.832588 16.216372 16.373814 16.387316 16.179880 15.815125 15.196036 14.353573 13.165486 11.663873 10.085286 10.782197 12.116001 13.423506 14.462127 15.279616 15.832561 16.216352 16.373802 16.387314 16.179890 15.815149 15.196082 14.353643 13.165591 11.664017 10.085502 10.782578 12.116640 13.424438 14.463490 15.281468 15.835148 16.219772 16.378462 16.393356 16.187941 15.825373 15.209332 14.369994 13.186015 11.688465 10.116735 10.832647 12.193145 13.529799 14.604446 15.460590 16.062731 16.499525 16.724386 16.809624 16.691271 16.418320 15.907787 15.169219 14.092605 12.688149 11.261901 12.523579 14.609690 16.723328 18.646866 20.394171 21.999546 23.521580 25.000000 
25.000000 24.521694 24.032047 23.529297 22.991724 22.425615 21.798040 21.120129 20.345455 19.482533 18.462835 17.269646 15.770926 13.809730 10.861525 5.438114 8.175387 10.909456 12.833462 14.173126 15.064432 15.682958 16.027323 16.199852 16.142948 15.928696 15.467713 14.794641 13.761214 12.261027 9.787143 4.984342 7.735068 10.462960 12.407008 13.790608 14.728032 15.397327 15.785117 16.000196 15.977501 15.795472 15.359734 14.710149 13.695268 12.212810 9.754784 4.971293 7.723876 10.452816 12.398053 13.783296 14.722057 15.392713 15.781485 15.997480 15.975413 15.793949 15.358589 14.709338 13.694680 12.212419 9.754538 4.971200 7.723823 10.452790 12.398051 13.783314 14.722096 15.392765 15.781556 15.997561 15.975513 15.794056 15.358713 14.709465 13.694820 12.212551 9.754656 4.971243 7.723949 10.452980 12.398306 13.783595 14.722425 15.393102 15.781930 15.997931 15.975910 15.794436 15.359111 14.709832 13.695184 12.212858 9.754907 4.971329 7.724121 10.453207 12.398581 13.783869 14.722713 15.393365 15.782188 15.998153 15.976114 15.794598 15.359243 14.709922 13.695238 12.212876 9.754897 4.971321 7.724030 10.453049 12.398349 13.783600 14.722382 15.393018 15.781792 15.997758 15.975683 15.794186 15.358811 14.709526 13.694847 12.212548 9.754632 4.971231 7.723855 10.452819 12.398071 13.783320 14.722088 15.392742 15.781513 15.997504 15.975434 15.793964 15.358600 14.709344 13.694681 12.212416 9.754533 4.971197 7.723806 10.452762 12.398010 13.783265 14.722035 15.392699 15.781479 15.997481 15.975422 15.793966 15.358620 14.709384 13.694748 12.212507 9.754645 4.971275 7.724142 10.453384 12.399001 13.784660 14.724026 15.395361 15.785149 16.002281 15.981882 15.802239 15.369451 14.722835 13.711547 12.231871 9.775060 4.983848 7.766781 10.528227 12.508868 13.930295 14.913585 15.631871 16.081226 16.361990 16.421240 16.324482 15.990929 15.439955 14.528184 13.108995 10.624020 5.477930 9.164705 12.876347 15.781165 18.107834 20.065657 21.812460 23.433075 25.000000 
25.000000 24.504343 24.002333 23.477135 22.931866 22.338587 21.707752 20.999189 20.226107 19.332279 18.322556 17.110662 15.660588 13.805940 11.386374 8.175387 4.967605 9.914641 12.379855 13.826989 14.790347 15.389836 15.775867 15.914582 15.897265 15.647784 15.229314 14.533212 13.572627 12.167963 10.206254 7.460966 4.695723 9.482162 11.941676 13.423182 14.438798 15.087095 15.523155 15.703055 15.725075 15.506654 15.117125 14.443576 13.503988 12.116202 10.170908 7.440499 4.689104 9.472328 11.932549 13.415352 14.432585 15.082126 15.519388 15.700132 15.722919 15.505018 15.115950 14.442708 13.503389 12.115787 10.170656 7.440373 4.689090 9.472323 11.932568 13.415396 14.432649 15.082215 15.519493 15.700262 15.723061 15.505185 15.116126 14.442909 13.503595 12.116011 10.170869 7.440578 4.689260 9.472631 11.932931 13.415833 14.433105 15.082729 15.520007 15.700824 15.723606 15.505766 15.116674 14.443475 13.504110 12.116514 10.171288 7.440925 4.689487 9.473001 11.933327 13.416260 14.433504 15.083130 15.520362 15.701159 15.723885 15.506009 15.116856 14.443606 13.504179 12.116527 10.171249 7.440837 4.689366 9.472751 11.933005 13.415845 14.433054 15.082601 15.519822 15.700558 15.723298 15.505380 15.116262 14.442996 13.503628 12.115992 10.170808 7.440476 4.689133 9.472374 11.932602 13.415409 14.432639 15.082179 15.519434 15.700172 15.722951 15.505044 15.115967 14.442718 13.503391 12.115781 10.170644 7.440355 4.689068 9.472279 11.932508 13.415319 14.432562 15.082110 15.519381 15.700130 15.722924 15.505033 15.115977 14.442754 13.503456 12.115884 10.170784 7.440544 4.689328 9.472932 11.933521 13.416821 14.434612 15.084981 15.523179 15.705315 15.729651 15.513999 15.127355 14.457466 13.521487 12.138020 10.196054 7.468779 4.722402 9.550120 12.047152 13.571176 14.631583 15.335635 15.831519 16.086815 16.188866 16.069290 15.780956 15.225516 14.394567 13.112006 11.221004 8.489954 5.780966 11.918093 15.417150 17.910442 19.948158 21.736519 23.398260 25.000000 
25.000000 24.493341 23.975292 23.445040 22.880121 22.289112 21.638161 20.942772 20.156797 19.297918 18.304991 17.189863 15.874007 14.367064 12.633576 10.909456 9.914641 11.401649 12.838893 13.964628 14.746697 15.310171 15.623026 15.785345 15.729052 15.535862 15.116932 14.536264 13.690610 12.631944 11.303356 9.957545 9.248423 10.828292 12.328188 13.521648 14.364223 14.989099 15.352812 15.563796 15.546143 15.388945 14.997962 14.443042 13.617332 12.577103 11.263162 9.930690 9.231030 10.814845 12.317163 13.512976 14.357288 14.983817 15.348696 15.560740 15.543810 15.387254 14.996699 14.442154 13.616693 12.576681 11.262891 9.930548 9.230981 10.814846 12.317204 13.513048 14.357397 14.983949 15.348861 15.560925 15.544028 15.387488 14.996971 14.442439 13.617017 12.577015 11.263263 9.930923 9.231408 10.815326 12.317780 13.513658 14.358091 14.984653 15.349639 15.561690 15.544854 15.388281 14.997803 14.443217 13.617813 12.577737 11.263974 9.931545 9.232017 10.815923 12.318417 13.514256 14.358699 14.985200 15.350171 15.562147 15.545270 15.388610 14.998071 14.443394 13.617908 12.577743 11.263885 9.931377 9.231741 10.815554 12.317916 13.513690 14.358015 14.984486 15.349356 15.561335 15.544384 15.387758 14.997172 14.442557 13.617057 12.576976 11.263139 9.930729 9.231114 10.814940 12.317266 13.513073 14.357383 14.983900 15.348771 15.560802 15.543861 15.387292 14.996727 14.442168 13.616695 12.576671 11.262867 9.930512 9.230928 10.814777 12.317112 13.512940 14.357263 14.983800 15.348685 15.560737 15.543814 15.387266 14.996725 14.442197 13.616764 12.576787 11.263053 9.930787 9.231370 10.815493 12.318220 13.514492 14.359477 14.986772 15.352799 15.566147 15.551147 15.396750 15.009318 14.458186 13.637519 12.602666 11.296192 9.972811 9.289613 10.902701 12.441317 13.675672 14.568528 15.247566 15.679904 15.964887 16.040653 15.982856 15.714529 15.286587 14.611972 13.723457 12.591952 11.479914 11.186362 13.597906 16.026392 18.168627 20.056883 21.787195 23.415258 25.000000 
25.000000 24.482952 23.960457 23.415840 22.854464 22.248510 21.613007 20.909384 20.160393 19.317558 18.409628 17.382622 16.278513 15.067592 13.871410 12.833462 12.379855 12.838893 13.609438 14.315635 14.921644 15.331141 15.620720 15.714252 15.697733 15.487179 15.166288 14.648581 14.021604 13.226980 12.417680 11.703609 11.512130 12.130187 13.021134 13.818199 14.507345 14.983453 15.335198 15.477873 15.506756 15.331408 15.042737 14.549700 13.945193 13.167745 12.373947 11.671494 11.489485 12.113086 13.008278 13.808166 14.499777 14.977584 15.330838 15.474540 15.504327 15.329583 15.041440 14.548753 13.944548 13.167302 12.373678 11.671348 11.489437 12.113109 13.008351 13.808290 14.499936 14.977789 15.331072 15.474820 15.504631 15.329937 15.041817 14.549185 13.945001 13.167820 12.374218 11.671966 11.490087 12.113870 13.009155 13.809213 14.500883 14.978847 15.332127 15.475968 15.505749 15.331124 15.042944 14.550356 13.946090 13.168928 12.375230 11.672981 11.491015 12.114824 13.010046 13.810119 14.501710 14.979663 15.332845 15.476645 15.506310 15.331613 15.043305 14.550612 13.946215 13.168922 12.375096 11.672697 11.490612 12.114247 13.009365 13.809265 14.500791 14.978590 15.331752 15.475430 15.505120 15.330338 15.042095 14.549357 13.945054 13.167749 12.374034 11.671639 11.489650 12.113264 13.008446 13.808328 14.499920 14.977715 15.330948 15.474635 15.504401 15.329642 15.041479 14.548775 13.944551 13.167285 12.373642 11.671288 11.489357 12.112999 13.008221 13.808124 14.499748 14.977563 15.330825 15.474532 15.504326 15.329591 15.041461 14.548793 13.944615 13.167417 12.373855 11.671631 11.489872 12.113805 13.009373 13.809802 14.502033 14.980773 15.335099 15.480412 15.512041 15.340026 15.054980 14.566807 13.967737 13.197973 12.413237 11.724494 11.560535 12.212203 13.139743 13.981627 14.719293 15.256907 15.675645 15.903995 16.026005 15.968763 15.807715 15.474507 15.043277 14.484757 13.943432 13.591459 13.886663 15.218695 16.921883 18.648333 20.323549 21.922655 23.475578 25.000000 
25.000000 24.478006 23.945459 23.403400 22.829947 22.237459 21.593588 20.921362 20.179741 19.402294 18.543726 17.652481 16.693609 15.753380 14.852304 14.173126 13.826989 13.964628 14.315635 14.766828 15.143114 15.472032 15.650440 15.753207 15.690012 15.548832 15.243186 14.870165 14.359557 13.836694 13.290106 12.927079 12.826947 13.159190 13.651800 14.222668 14.690933 15.102169 15.344738 15.505741 15.487548 15.387191 15.112692 14.767828 14.278488 13.774735 13.242415 12.891852 12.800496 13.139734 13.636952 14.211630 14.682462 15.095902 15.339959 15.502253 15.484922 15.385312 15.111307 14.766868 14.277812 13.774301 13.242148 12.891726 12.800475 13.139794 13.637086 14.211817 14.682712 15.096193 15.340313 15.502642 15.485376 15.385798 15.111866 14.767460 14.278489 13.775014 13.242968 12.892587 12.801471 13.140843 13.638293 14.213068 14.684122 15.097620 15.341883 15.504188 15.487038 15.387394 15.113542 14.769035 14.280110 13.776513 13.244491 12.893986 12.802890 13.142153 13.639625 14.214289 14.685344 15.098714 15.342939 15.505095 15.487864 15.388050 15.114071 14.769382 14.280289 13.776506 13.244280 12.893598 12.802271 13.141376 13.638604 14.213150 14.683975 15.097283 15.341314 15.503474 15.486097 15.386348 15.112277 14.767700 14.278563 13.774920 13.242681 12.892138 12.800799 13.140018 13.637227 14.211871 14.682685 15.096091 15.340127 15.502389 15.485036 15.385395 15.111366 14.766899 14.277816 13.774278 13.242094 12.891642 12.800353 13.139642 13.636889 14.211586 14.682429 15.095879 15.339940 15.502239 15.484914 15.385311 15.111319 14.766899 14.277873 13.774407 13.242330 12.892010 12.800932 13.140482 13.638134 14.213308 14.684885 15.099188 15.344553 15.508362 15.493310 15.396333 15.126235 14.786323 14.303924 13.808254 13.287689 12.951391 12.881077 13.245831 13.777937 14.391802 14.914381 15.385123 15.704256 15.949441 16.039583 16.058475 15.936446 15.760448 15.487043 15.228862 15.018257 15.055827 15.489358 16.468325 17.749460 19.179274 20.638050 22.104296 23.554693 25.000000 
