25.000000 25.000000 25.000000 25.000000 25.000000 25.000000 25.000000 25.000000 25.000000 25.000000 25.000000 25.000000 25.000000 25.000000 25.000000 25.000000 25.000000 25.000000 25.000000 25.000000 25.000000 25.000000 25.000000 25.000000 25.000000 25.000000 25.000000 25.000000 25.000000 25.000000 25.000000 25.000000 25.000000 25.000000 25.000000 25.000000 25.000000 25.000000 25.000000 25.000000 25.000000 25.000000 25.000000 25.000000 25.000000 25.000000 25.000000 25.000000 25.000000 25.000000 25.000000 25.000000 25.000000 25.000000 25.000000 25.000000 25.000000 25.000000 25.000000 25.000000 25.000000 25.000000 25.000000 25.000000 25.000000 25.000000 25.000000 25.000000 25.000000 25.000000 25.000000 25.000000 25.000000 25.000000 25.000000 25.000000 25.000000 25.000000 25.000000 25.000000 25.000000 25.000000 25.000000 25.000000 25.000000 25.000000 25.000000 25.000000 25.000000 25.000000 25.000000 25.000000 25.000000 25.000000 25.000000 25.000000 25.000000 25.000000 25.000000 25.000000 25.000000 25.000000 25.000000 25.000000 25.000000 25.000000 25.000000 25.000000 25.000000 25.000000 25.000000 25.000000 25.000000 25.000000 25.000000 25.000000 25.000000 25.000000 25.000000 25.000000 25.000000 25.000000 25.000000 25.000000 25.000000 25.000000 25.000000 25.000000 25.000000 25.000000 25.000000 25.000000 25.000000 25.000000 25.000000 25.000000 25.000000 25.000000 25.000000 25.000000 25.000000 25.000000 25.000000 25.000000 25.000000 25.000000 25.000000 25.000000 25.000000 25.000000 25.000000 25.000000 25.000000 25.000000 25.000000 25.000000 25.000000 25.000000 25.000000 25.000000 25.000000 25.000000 25.000000 25.000000 25.000000 25.000000 25.000000 25.000000 25.000000 25.000000 25.000000 25.000000 25.000000 25.000000 25.000000 25.000000 25.000000 25.000000 25.000000 25.000000 25.000000 25.000000 25.000000 25.000000 25.000000 25.000000 25.000000 25.000000 25.000000 25.000000 25.000000 25.000000 25.000000 25.000000 25.000000 25.000000 25.000000 25.000000 25.000000 25.000000 
25.000000 24.941551 24.883062 24.824589 24.766069 24.707716 24.649508 24.591875 24.534895 24.479246 24.425108 24.373371 24.324236 24.278650 24.236643 24.198990 24.165318 24.136057 24.110350 24.088320 24.068777 24.051765 24.036037 24.021820 24.008038 23.995247 23.982635 23.971088 23.959990 23.950405 23.941730 23.934992 23.929379 23.925703 23.922857 23.921442 23.920151 23.919533 23.918287 23.917110 23.914873 23.912535 23.909210 23.906105 23.902510 23.899748 23.897116 23.895844 23.895037 23.895679 23.896601 23.898552 23.900181 23.902168 23.903183 23.904026 23.903547 23.902788 23.900848 23.898989 23.896498 23.894722 23.892973 23.892481 23.892382 23.893637 23.895121 23.897547 23.899618 23.901966 23.903324 23.904432 23.904219 23.903650 23.901915 23.900187 23.897854 23.896170 23.894550 23.894121 23.894129 23.895426 23.897001 23.899446 23.901588 23.903931 23.905333 23.906404 23.906206 23.905569 23.903818 23.901997 23.899624 23.897831 23.896151 23.895605 23.895542 23.896719 23.898216 23.900541 23.902599 23.904818 23.906126 23.907072 23.906767 23.906002 23.904129 23.902174 23.899666 23.897738 23.895912 23.895231 23.895020 23.896067 23.897413 23.899620 23.901537 23.903658 23.904837 23.905706 23.905289 23.904467 23.902500 23.900509 23.897919 23.895964 23.894066 23.893368 23.893087 23.894127 23.895412 23.897625 23.899494 23.901642 23.902800 23.903723 23.903316 23.902582 23.900661 23.898790 23.896284 23.894482 23.892700 23.892181 23.892052 23.893303 23.894781 23.897249 23.899366 23.901827 23.903311 23.904633 23.904657 23.904438 23.903088 23.901882 23.900126 23.899185 23.898382 23.898970 23.900099 23.902756 23.905834 23.910070 23.914204 23.918892 23.922918 23.927057 23.930313 23.933693 23.936489 23.939924 23.943521 23.948580 23.954670 23.962952 23.972853 23.985231 23.999294 24.015627 24.033344 24.052954 24.073709 24.096279 24.120253 24.146582 24.175266 24.207504 24.243587 24.284742 24.331261 24.384045 24.443047 24.508547 24.579979 24.656954 24.738459 24.823610 24.911175 25.000000 
25.000000 24.883062 24.766106 24.648996 24.531969 24.414911 24.298439 24.182587 24.068460 23.956335 23.847816 23.743366 23.644918 23.552824 23.468927 23.392977 23.326220 23.267408 23.217018 23.172880 23.135019 23.100861 23.070562 23.041721 23.015081 22.988750 22.964207 22.940096 22.918463 22.898209 22.881527 22.867105 22.856819 22.848761 22.844282 22.840889 22.839621 22.837770 22.836496 22.833311 22.829836 22.824062 22.818190 22.810690 22.804176 22.797352 22.792862 22.789198 22.788610 22.789040 22.792156 22.795364 22.799982 22.803234 22.806511 22.807281 22.807348 22.804674 22.801582 22.796541 22.792234 22.787374 22.784634 22.782547 22.783340 22.785028 22.789223 22.793427 22.798872 22.802904 22.806797 22.808170 22.808683 22.806473 22.803696 22.799011 22.794920 22.790344 22.787752 22.785900 22.786798 22.788685 22.792944 22.797314 22.802773 22.806921 22.810776 22.812206 22.812616 22.810400 22.807463 22.802715 22.798418 22.793736 22.790913 22.788927 22.789585 22.791323 22.795340 22.799547 22.804766 22.808737 22.812344 22.813574 22.813728 22.811285 22.808081 22.803078 22.798508 22.793545 22.790447 22.788164 22.788553 22.789988 22.793755 22.797665 22.802664 22.806360 22.809790 22.810778 22.810801 22.808151 22.804857 22.799679 22.795050 22.789932 22.786797 22.784370 22.784733 22.786036 22.789795 22.793592 22.798618 22.802244 22.805750 22.806726 22.806889 22.804296 22.801212 22.796165 22.791809 22.786894 22.784090 22.781931 22.782684 22.784325 22.788546 22.792776 22.798363 22.802551 22.806759 22.808479 22.809540 22.807934 22.806013 22.802271 22.799425 22.796219 22.795361 22.795418 22.798660 22.803133 22.810499 22.818312 22.827848 22.836538 22.845720 22.853127 22.860500 22.866152 22.872335 22.877945 22.885584 22.894468 22.907148 22.922720 22.943228 22.967304 22.996317 23.028490 23.064793 23.103474 23.145607 23.189970 23.238146 23.289745 23.346975 23.410236 23.482103 23.563343 23.656256 23.761246 23.879591 24.010698 24.154417 24.309071 24.473269 24.644651 24.821087 25.000000 
25.000000 24.824589 24.648996 24.473318 24.297302 24.121523 23.945862 23.771570 23.598869 23.429813 23.265043 23.107357 22.957584 22.818802 22.691359 22.577766 22.477013 22.390339 22.315023 22.251163 22.194908 22.146095 22.100767 22.059423 22.018774 21.980467 21.942160 21.906626 21.872252 21.842438 21.815639 21.795084 21.778488 21.768240 21.760952 21.758204 21.755888 21.755419 21.752737 21.749786 21.743145 21.735674 21.724806 21.714270 21.702154 21.692604 21.683764 21.679455 21.677130 21.679686 21.683544 21.690731 21.697029 21.704227 21.708197 21.711187 21.709730 21.706911 21.700136 21.693279 21.684433 21.677811 21.671597 21.669611 21.669390 21.673773 21.679304 21.687906 21.695522 21.703789 21.708784 21.712557 21.711887 21.709621 21.703451 21.696976 21.688599 21.682238 21.676403 21.674603 21.674707 21.679214 21.685028 21.693695 21.701527 21.709782 21.714909 21.718576 21.717945 21.715477 21.709248 21.702490 21.693975 21.687279 21.681253 21.679094 21.678980 21.683125 21.688702 21.697008 21.704586 21.712475 21.717321 21.720610 21.719660 21.716799 21.710205 21.703037 21.694120 21.687004 21.680544 21.677965 21.677395 21.681141 21.686260 21.694204 21.701349 21.708935 21.713387 21.716444 21.715155 21.712132 21.705254 21.697983 21.688818 21.681637 21.674952 21.672329 21.671545 21.675262 21.680189 21.688139 21.695133 21.702789 21.707170 21.710386 21.709127 21.706367 21.699635 21.692730 21.683821 21.677097 21.670767 21.668684 21.668354 21.672701 21.678196 21.686899 21.694626 21.703209 21.708549 21.712942 21.712955 21.711714 21.706667 21.701733 21.695049 21.690880 21.687458 21.688663 21.692078 21.700605 21.710854 21.724813 21.738514 21.753685 21.766531 21.779221 21.788738 21.798075 21.805214 21.813932 21.823019 21.836559 21.853533 21.877548 21.907013 21.944437 21.987337 22.037222 22.091202 22.150539 22.212811 22.279846 22.350382 22.427277 22.510670 22.604362 22.709553 22.830267 22.967779 23.125093 23.302288 23.500240 23.717150 23.951639 24.200434 24.460640 24.728367 25.000000 
25.000000 24.766069 24.531969 24.297302 24.062399 23.826900 23.591917 23.357441 23.125629 22.897095 22.675186 22.461147 22.259256 22.070787 21.899937 21.746691 21.613726 21.498508 21.401575 21.318068 21.247355 21.183733 21.126989 21.072027 21.020123 20.967541 20.917339 20.867167 20.821480 20.778650 20.743511 20.713930 20.693810 20.679401 20.673082 20.669538 20.670300 20.669569 20.669228 20.664106 20.657267 20.644762 20.631071 20.613480 20.597538 20.581186 20.570105 20.561750 20.560732 20.562998 20.571554 20.580896 20.593113 20.602295 20.610785 20.613346 20.613390 20.606924 20.598665 20.585890 20.574278 20.561796 20.554169 20.548929 20.550646 20.555403 20.566093 20.577408 20.591255 20.601980 20.611683 20.615431 20.616344 20.610783 20.603125 20.591040 20.579834 20.567902 20.560555 20.555779 20.557699 20.562864 20.573690 20.585348 20.599241 20.610210 20.619841 20.623707 20.624411 20.618830 20.610834 20.598606 20.586967 20.574800 20.566973 20.561911 20.563341 20.568199 20.578541 20.589874 20.603285 20.613901 20.623035 20.626503 20.626690 20.620651 20.612116 20.599373 20.587173 20.574440 20.566042 20.560375 20.561245 20.565481 20.575300 20.586023 20.598978 20.609032 20.617804 20.620777 20.620703 20.614250 20.605545 20.592455 20.580153 20.567112 20.558647 20.552687 20.553503 20.557457 20.567245 20.577723 20.590710 20.600599 20.609512 20.612450 20.612654 20.606319 20.598042 20.585222 20.573483 20.560854 20.553062 20.547642 20.549236 20.553860 20.564554 20.575876 20.589958 20.600943 20.611225 20.615612 20.617571 20.613161 20.607159 20.596895 20.588116 20.578850 20.574896 20.573847 20.580359 20.590574 20.607481 20.625851 20.647699 20.667498 20.687487 20.702940 20.717152 20.726810 20.736513 20.744392 20.756002 20.770319 20.792871 20.822306 20.862839 20.911737 20.971371 21.037766 21.112253 21.190859 21.275246 21.362715 21.456255 21.555162 21.664064 21.784248 21.921476 22.078094 22.259499 22.467224 22.704229 22.969450 23.262304 23.578999 23.916185 24.268658 24.631739 25.000000 
25.000000 24.707716 24.414911 24.121523 23.826900 23.531765 23.235722 22.940649 22.646845 22.357746 22.074690 21.802792 21.544258 21.305151 21.087175 20.895332 20.728460 20.588396 20.469967 20.372177 20.287498 20.214495 20.145790 20.081575 20.016167 19.952236 19.886236 19.823223 19.761372 19.707172 19.659136 19.623318 19.596493 19.582472 19.575256 19.576559 19.578772 19.583311 19.582861 19.580120 19.569279 19.555012 19.533396 19.511011 19.485491 19.464464 19.445868 19.436665 19.433159 19.439968 19.450800 19.468113 19.484148 19.500959 19.511148 19.517914 19.515388 19.508600 19.493601 19.477179 19.456984 19.440739 19.426445 19.421057 19.421011 19.430826 19.444414 19.464046 19.482248 19.500805 19.512671 19.520704 19.519457 19.513552 19.499514 19.483686 19.464230 19.448385 19.434700 19.429604 19.430099 19.440132 19.454206 19.473970 19.492561 19.511116 19.523224 19.531084 19.529894 19.523636 19.509476 19.493141 19.473419 19.456974 19.442940 19.437210 19.437325 19.446741 19.460421 19.479584 19.497757 19.515707 19.527348 19.534576 19.532850 19.525925 19.511152 19.494120 19.473713 19.456547 19.441763 19.435310 19.434635 19.443354 19.456238 19.474768 19.492188 19.509609 19.520575 19.527407 19.525112 19.517923 19.502686 19.485498 19.464699 19.447441 19.432291 19.425764 19.424719 19.433367 19.445894 19.464397 19.481529 19.499035 19.509853 19.516937 19.514687 19.507944 19.492958 19.476406 19.456049 19.439581 19.425037 19.419424 19.419128 19.428812 19.442261 19.461983 19.480288 19.499289 19.511646 19.520628 19.520422 19.516134 19.503870 19.490513 19.473766 19.461462 19.451664 19.451437 19.457281 19.473829 19.495070 19.523390 19.551424 19.581108 19.605576 19.627886 19.642895 19.655491 19.662674 19.671118 19.679646 19.695845 19.719061 19.755962 19.804394 19.868305 19.943081 20.030216 20.123970 20.225399 20.329762 20.439514 20.552357 20.673050 20.802275 20.947086 21.110674 21.301132 21.522167 21.780073 22.075848 22.411026 22.782124 23.185862 23.615763 24.066067 24.529633 25.000000 
25.000000 24.649508 24.298439 23.945862 23.591917 23.235722 22.878551 22.520103 22.163357 21.809246 21.463034 21.127373 20.809830 20.514097 20.248280 20.014120 19.816387 19.651134 19.517721 19.407043 19.315968 19.234251 19.160103 19.085131 19.010733 18.931442 18.852142 18.770275 18.693611 18.621445 18.562542 18.515362 18.486370 18.470074 18.468906 18.473661 18.484907 18.492733 18.498760 18.494701 18.484688 18.462961 18.436459 18.402016 18.368904 18.335669 18.312189 18.296227 18.295206 18.303171 18.323484 18.346724 18.374306 18.396233 18.414806 18.421686 18.421497 18.408440 18.389771 18.362318 18.335516 18.307955 18.289553 18.278185 18.281200 18.292849 18.316307 18.342459 18.372435 18.396629 18.416969 18.425583 18.426638 18.414879 18.397041 18.370560 18.344301 18.317503 18.299479 18.288782 18.292101 18.304380 18.328075 18.354788 18.384872 18.409475 18.429728 18.438532 18.439260 18.427448 18.409061 18.382311 18.355339 18.328129 18.309320 18.298153 18.300705 18.312508 18.335476 18.361708 18.391081 18.415163 18.434677 18.442883 18.442829 18.430323 18.411106 18.383566 18.355728 18.327639 18.307941 18.295824 18.297489 18.308311 18.330444 18.355713 18.384357 18.407555 18.426497 18.433945 18.433495 18.420376 18.400928 18.372896 18.344936 18.316418 18.296637 18.284082 18.285648 18.296001 18.318039 18.342871 18.371506 18.394400 18.413513 18.420876 18.420843 18.407904 18.389124 18.361532 18.334459 18.306597 18.287861 18.276129 18.278858 18.290194 18.313545 18.339586 18.369793 18.394249 18.415331 18.424767 18.427263 18.417089 18.401598 18.377687 18.354914 18.331938 18.318815 18.313496 18.323469 18.343046 18.375547 18.411930 18.453480 18.490726 18.525803 18.551088 18.571033 18.580816 18.587563 18.589376 18.595612 18.606417 18.631565 18.670618 18.730463 18.806973 18.902431 19.009418 19.128014 19.250795 19.378887 19.507502 19.640606 19.777264 19.924898 20.086676 20.272997 20.489857 20.747961 21.052082 21.408058 21.814476 22.269304 22.765104 23.294933 23.849487 24.420727 25.000000 
25.000000 24.591875 24.182587 23.771570 23.357441 22.940649 22.520103 22.097857 21.673922 21.252846 20.836817 20.433834 20.048904 19.693130 19.372353 19.096479 18.865732 18.682030 18.535883 18.422304 18.327486 18.246439 18.167002 18.088114 18.001451 17.910656 17.811516 17.712124 17.611979 17.522453 17.444588 17.389208 17.353580 17.342541 17.346243 17.364269 17.383638 17.403934 17.413584 17.415213 17.400446 17.375654 17.336042 17.291649 17.241079 17.197065 17.159674 17.140778 17.136904 17.153942 17.181713 17.220882 17.258379 17.294712 17.318270 17.332357 17.328558 17.313686 17.282927 17.246561 17.203220 17.165726 17.134235 17.120581 17.121471 17.142635 17.174196 17.216539 17.257008 17.295713 17.321554 17.337343 17.335255 17.321529 17.292025 17.256386 17.213982 17.176952 17.146244 17.132956 17.134605 17.156109 17.188414 17.231012 17.272102 17.310858 17.337086 17.352638 17.350628 17.336361 17.306627 17.270189 17.227322 17.189350 17.158064 17.143822 17.144892 17.165518 17.197273 17.239048 17.279572 17.317497 17.343082 17.357750 17.354984 17.339767 17.309156 17.271711 17.227852 17.188829 17.156448 17.141134 17.141037 17.160610 17.191179 17.231993 17.271395 17.308525 17.333120 17.347212 17.343641 17.328074 17.296843 17.259233 17.214878 17.175781 17.142923 17.127512 17.126865 17.146280 17.176256 17.216936 17.255833 17.293001 17.317322 17.331732 17.328205 17.313284 17.282438 17.245777 17.202110 17.164186 17.132231 17.118126 17.118526 17.139355 17.170555 17.212854 17.253286 17.292437 17.318785 17.335722 17.334904 17.323257 17.296028 17.263643 17.224804 17.192495 17.166964 17.160213 17.169031 17.199303 17.241201 17.295271 17.348930 17.402489 17.445021 17.479609 17.498775 17.509163 17.507233 17.503202 17.497389 17.502642 17.521120 17.564480 17.631371 17.726686 17.842228 17.977015 18.120300 18.270884 18.420431 18.570999 18.718855 18.870502 19.027670 19.201723 19.399923 19.637337 19.923784 20.272238 20.686789 21.169518 21.713369 22.310318 22.948107 23.616222 24.303364 25.000000 
25.000000 24.534895 24.068460 23.598869 23.125629 22.646845 22.163357 21.673922 21.181627 20.687204 20.197554 19.717291 19.258823 18.831469 18.451517 18.127214 17.868032 17.667999 17.521475 17.410536 17.325232 17.247919 17.173353 17.089106 16.996304 16.887970 16.771143 16.644165 16.519724 16.400995 16.304144 16.232189 16.196194 16.188702 16.209244 16.241423 16.281433 16.313169 16.336403 16.339169 16.326199 16.290083 16.240370 16.174435 16.106646 16.038942 15.988596 15.957456 15.957602 15.980987 16.028425 16.083443 16.143469 16.192427 16.231016 16.247246 16.246466 16.221220 16.181419 16.124424 16.064766 16.004438 15.960715 15.935594 15.941017 15.969220 16.020756 16.079571 16.142694 16.194595 16.235443 16.253897 16.254665 16.231039 16.192211 16.136366 16.077276 16.017826 15.974492 15.950203 15.956033 15.985140 16.037090 16.096775 16.160154 16.212704 16.253483 16.272226 16.272533 16.248793 16.209127 16.152807 16.092619 16.032471 15.987958 15.962937 15.967687 15.996145 16.047146 16.106226 16.168690 16.220573 16.260387 16.278337 16.277590 16.252905 16.212103 16.154696 16.093304 16.031935 15.986173 15.959814 15.963291 15.990338 16.040119 16.097807 16.159208 16.209829 16.248823 16.265722 16.264446 16.238960 16.197906 16.139919 16.078463 16.016611 15.970802 15.943879 15.947181 15.973505 16.023020 16.079967 16.141212 16.191296 16.230434 16.247154 16.246428 16.221197 16.181101 16.123783 16.063620 16.002752 15.958427 15.932652 15.937502 15.965079 16.016249 16.074677 16.137875 16.189880 16.231483 16.250786 16.253239 16.231464 16.195507 16.142805 16.088070 16.033394 15.996264 15.978779 15.993089 16.031469 16.094643 16.166563 16.244450 16.312834 16.372152 16.411270 16.435280 16.437927 16.428984 16.407492 16.388090 16.375015 16.385784 16.424868 16.503841 16.616804 16.762775 16.927225 17.105286 17.283627 17.460955 17.629442 17.793308 17.951221 18.113556 18.286552 18.487633 18.730743 19.037601 19.422329 19.897343 20.460510 21.104340 21.812769 22.570955 23.362980 24.176508 25.000000 
25.000000 24.479246 23.956335 23.429813 22.897095 22.357746 21.809246 21.252846 20.687204 20.116789 19.543797 18.978949 18.431732 17.922401 17.468311 17.092827 16.803526 16.600456 16.462776 16.373133 16.305246 16.246647 16.178772 16.098648 15.995430 15.873776 15.729270 15.573671 15.409880 15.257661 15.126707 15.039207 14.997796 15.006814 15.047467 15.110730 15.173670 15.230885 15.265325 15.278826 15.260452 15.218069 15.146297 15.059022 14.957712 14.863396 14.784096 14.742760 14.740814 14.783860 14.853001 14.940842 15.024653 15.100317 15.150847 15.178907 15.173517 15.143029 15.082017 15.004615 14.912302 14.826159 14.754310 14.719594 14.723669 14.771898 14.845797 14.937593 15.025118 15.103712 15.157081 15.187201 15.183892 15.154717 15.095149 15.018469 14.927138 14.841373 14.770349 14.736007 14.741063 14.789839 14.864862 14.957173 15.045682 15.124474 15.178440 15.208279 15.205066 15.175102 15.115122 15.037228 14.945096 14.857890 14.785917 14.750202 14.754437 14.802085 14.876451 14.967772 15.055622 15.133391 15.186562 15.215265 15.211068 15.179851 15.118708 15.039467 14.946011 14.857391 14.783941 14.746750 14.749364 14.795519 14.868208 14.958150 15.044415 15.121058 15.172867 15.200784 15.195536 15.163907 15.102039 15.022711 14.928766 14.840204 14.766264 14.728987 14.730841 14.776632 14.848344 14.937881 15.023271 15.099788 15.151098 15.179362 15.174137 15.143388 15.082094 15.004131 14.911230 14.824358 14.751724 14.716214 14.719413 14.766932 14.840067 14.931498 15.018659 15.097524 15.151223 15.182523 15.180526 15.153710 15.096725 15.023880 14.936747 14.856654 14.791855 14.765477 14.779265 14.838790 14.925520 15.031846 15.135553 15.232215 15.305593 15.358010 15.379539 15.378259 15.350258 15.309674 15.260232 15.223534 15.210761 15.245351 15.331675 15.473909 15.654738 15.863824 16.080362 16.297377 16.501249 16.692507 16.865400 17.027515 17.181421 17.343298 17.527090 17.760401 18.068548 18.482130 19.015949 19.670843 20.428055 21.265465 22.158388 23.088232 24.039167 25.000000 
25.000000 24.425108 23.847816 23.265043 22.675186 22.074690 21.463034 20.836817 20.197554 19.543797 18.881893 18.216974 17.566757 16.951284 16.406496 15.964524 15.652789 15.458653 15.356041 15.303859 15.275969 15.243404 15.196439 15.119169 15.012990 14.869784 14.698488 14.498488 14.288460 14.080073 13.905812 13.786890 13.748962 13.779421 13.863066 13.965614 14.071612 14.155822 14.215157 14.234303 14.218680 14.159280 14.067675 13.941725 13.801718 13.657312 13.541543 13.473362 13.478920 13.545081 13.658720 13.786152 13.913786 14.016685 14.092900 14.127109 14.125368 14.078580 13.998655 13.883413 13.753260 13.617900 13.510291 13.449545 13.461577 13.533623 13.652215 13.784245 13.915598 14.022055 14.100953 14.137819 14.137851 14.092913 14.013965 13.899887 13.770117 13.635513 13.528105 13.468227 13.480798 13.554158 13.673553 13.806977 13.938906 14.046389 14.125316 14.162612 14.162021 14.116853 14.036665 13.921759 13.790298 13.654490 13.545293 13.484273 13.495409 13.567994 13.686314 13.819111 13.950006 14.056738 14.134489 14.170803 14.168862 14.122478 14.040809 13.924491 13.791462 13.654070 13.543225 13.480422 13.489811 13.560438 13.677028 13.807875 13.937263 14.042253 14.118875 14.153795 14.151186 14.103836 14.021970 13.905097 13.772225 13.634488 13.523804 13.460399 13.469473 13.538953 13.654865 13.784429 13.913307 14.017358 14.093993 14.128574 14.126642 14.079648 13.999123 13.883274 13.752281 13.616049 13.507468 13.445649 13.456651 13.527551 13.645296 13.776438 13.907488 14.013674 14.093145 14.130676 14.132442 14.089411 14.013649 13.903049 13.778257 13.649111 13.548929 13.497011 13.519633 13.603990 13.736748 13.884617 14.033661 14.159562 14.259961 14.320423 14.346579 14.330584 14.284089 14.206838 14.119609 14.035296 13.988361 14.002236 14.103590 14.281219 14.518440 14.782217 15.054957 15.313984 15.554159 15.764310 15.948268 16.103331 16.241310 16.370634 16.517025 16.709082 16.994057 17.416950 18.013483 18.775402 19.671570 20.660385 21.708902 22.791267 23.891930 25.000000 
25.000000 24.373371 23.743366 23.107357 22.461147 21.802792 21.127373 20.433834 19.717291 18.978949 18.216974 17.440298 16.660213 15.909481 15.234220 14.705986 14.375700 14.225327 14.188699 14.210293 14.239755 14.254559 14.231627 14.168601 14.054030 13.893880 13.682543 13.433329 13.151539 12.868355 12.615746 12.453571 12.417468 12.498828 12.644476 12.817031 12.974928 13.105606 13.187918 13.224511 13.203076 13.132647 13.005963 12.838420 12.633261 12.422509 12.235130 12.130115 12.140188 12.258676 12.433764 12.631061 12.809933 12.959480 13.058663 13.110947 13.103874 13.046900 12.932649 12.776698 12.582279 12.381399 12.203098 12.106131 12.123444 12.248066 12.428759 12.630669 12.813913 12.966872 13.069401 13.124040 13.119363 13.063766 12.951008 12.795561 12.601887 12.400946 12.223154 12.126361 12.144923 12.270571 12.453112 12.656115 12.840964 12.994431 13.097882 13.152222 13.147649 13.090929 12.977457 12.820168 12.625092 12.421877 12.242431 12.143609 12.161072 12.285477 12.467438 12.669458 12.853683 13.006004 13.108535 13.161472 13.155664 13.097340 12.982379 12.823365 12.626614 12.421605 12.240286 12.139535 12.154815 12.277129 12.456745 12.656807 12.838836 12.989584 13.090284 13.142178 13.135038 13.076273 12.960557 12.801696 12.604699 12.400192 12.218689 12.118038 12.132263 12.253699 12.431578 12.630610 12.811102 12.961364 13.061201 13.113409 13.106251 13.048654 12.933795 12.776896 12.581540 12.379544 12.200063 12.101832 12.117685 12.240969 12.420209 12.621162 12.803450 12.956269 13.058721 13.114362 13.110809 13.057642 12.947530 12.796248 12.607111 12.412477 12.241631 12.153913 12.182538 12.320716 12.516857 12.736157 12.938447 13.112364 13.237607 13.317102 13.339393 13.313375 13.233100 13.113952 12.961697 12.809662 12.692084 12.671632 12.787104 13.028931 13.343916 13.691640 14.031909 14.349437 14.626233 14.862303 15.050001 15.196225 15.301004 15.380894 15.453905 15.564841 15.775855 16.178125 16.841335 17.745712 18.819450 19.995600 21.223789 22.476006 23.736691 25.000000 
25.000000 24.324236 23.644918 22.957584 22.259256 21.544258 20.809830 20.048904 19.258823 18.431732 17.566757 16.660213 15.724319 14.784710 13.914914 13.241124 12.918697 12.868398 12.963130 13.097233 13.218195 13.290261 13.306906 13.255291 13.140651 12.954340 12.704473 12.385936 12.016008 11.611609 11.235236 10.979804 10.968497 11.138615 11.398963 11.666256 11.905438 12.085594 12.206362 12.253848 12.236419 12.143322 11.985048 11.754402 11.470312 11.147021 10.846251 10.655150 10.692901 10.898525 11.186409 11.476045 11.735150 11.933250 12.071005 12.134281 12.131898 12.052865 11.907894 11.689700 11.417257 11.104845 10.813996 10.631911 10.677286 10.889676 11.183171 11.478055 11.741384 11.943604 12.084414 12.150764 12.150320 12.073304 11.929166 11.711923 11.439292 11.126977 10.835510 10.653862 10.700072 10.914699 11.209969 11.507247 11.771800 11.975644 12.116676 12.183650 12.182384 12.104957 11.959010 11.740355 11.465076 11.150564 10.856137 10.672491 10.716956 10.930980 11.225410 11.522319 11.785888 11.988982 12.128636 12.194413 12.191443 12.112469 11.964630 11.744198 11.466961 11.150521 10.854079 10.668203 10.710294 10.921582 11.213528 11.507710 11.769153 11.969875 12.107985 12.171937 12.168125 12.088012 11.940121 11.719335 11.442817 11.126670 10.831182 10.645102 10.686532 10.895699 11.185931 11.477765 11.737983 11.937107 12.074969 12.138335 12.135333 12.055713 11.909674 11.690468 11.416753 11.103095 10.810872 10.627228 10.670866 10.881244 11.173045 11.466193 11.728553 11.929852 12.070818 12.137413 12.138541 12.063242 11.922371 11.708647 11.441298 11.134731 10.851081 10.678180 10.735801 10.963058 11.273735 11.587500 11.871548 12.096004 12.260951 12.353083 12.380473 12.333127 12.220948 12.038115 11.803537 11.535171 11.298664 11.192191 11.344250 11.691196 12.136642 12.596347 13.031596 13.413676 13.739031 13.997341 14.193204 14.320314 14.385581 14.389274 14.352855 14.313540 14.366391 14.673172 15.428016 16.542950 17.864918 19.276327 20.714651 22.151045 23.578823 25.000000 
25.000000 24.278650 23.552824 22.818802 22.070787 21.305151 20.514097 19.693130 18.831469 17.922401 16.951284 15.909481 14.784710 13.590124 12.391695 11.424896 11.180475 11.366432 11.686999 11.997310 12.232274 12.381383 12.435635 12.405005 12.283248 12.078356 11.779222 11.389932 10.899643 10.326830 9.719322 9.261900 9.323322 9.688153 10.129832 10.543568 10.876337 11.124936 11.278144 11.348054 11.325037 11.219110 11.016562 10.723748 10.327893 9.848913 9.330644 8.951210 9.060965 9.455934 9.918965 10.351309 10.701330 10.967040 11.136744 11.222876 11.215326 11.124297 10.935851 10.656424 10.273243 9.806152 9.299062 8.929566 9.047620 9.449301 9.918450 10.355847 10.710795 10.980346 11.153908 11.242686 11.237862 11.148229 10.961251 10.681871 10.298758 9.830363 9.322268 8.951649 9.071671 9.475961 9.948657 10.388393 10.745979 11.016543 11.191467 11.279930 11.275209 11.184027 10.995900 10.713786 10.328244 9.856039 9.344570 8.970335 9.089218 9.492900 9.965732 10.404907 10.762113 11.031466 11.205334 11.292051 11.285758 11.192511 11.002485 10.718194 10.330611 9.856285 9.342702 8.966207 9.082114 9.482723 9.952191 10.388551 10.742730 11.009908 11.181330 11.266651 11.258657 11.164920 10.974133 10.690420 10.303232 9.830614 9.318316 8.943168 9.057234 9.455294 9.921243 10.355234 10.706763 10.972856 11.142900 11.228462 11.220380 11.128157 10.938604 10.657683 10.273129 9.804534 9.295980 8.924835 9.040497 9.439675 9.906187 10.341629 10.694685 10.963414 11.136231 11.225618 11.221492 11.134150 10.949611 10.674457 10.295840 9.833909 9.332871 8.971810 9.103184 9.521892 10.010165 10.468484 10.845630 11.139087 11.337898 11.453749 11.477312 11.417665 11.261562 11.013986 10.663141 10.228793 9.761422 9.454202 9.694005 10.254949 10.902524 11.525498 12.071672 12.534634 12.906368 13.194820 13.393513 13.506243 13.521497 13.437758 13.246346 12.970065 12.696779 12.720148 13.650222 15.133151 16.817865 18.530136 20.205557 21.834698 23.426920 25.000000 
25.000000 24.236643 23.468927 22.691359 21.899937 21.087175 20.248280 19.372353 18.451517 17.468311 16.406496 15.234220 13.914914 12.391695 10.636845 8.878412 9.011873 9.719733 10.421120 10.959862 11.332207 11.552324 11.649242 11.629437 11.508977 11.279696 10.944125 10.478437 9.865797 9.061666 8.053313 7.011543 7.374728 8.145254 8.888621 9.483342 9.931373 10.239051 10.433176 10.513519 10.496502 10.369891 10.138260 9.775682 9.268502 8.571960 7.676090 6.742327 7.143661 7.927937 8.681973 9.288840 9.751492 10.074907 10.285640 10.382451 10.381738 10.270791 10.054226 9.706025 9.212533 8.529184 7.645905 6.724061 7.133548 7.924610 8.684368 9.296881 9.764165 10.092278 10.306476 10.406860 10.408305 10.299619 10.083731 9.736176 9.241511 8.556580 7.669684 6.744469 7.156947 7.953509 8.717595 9.334352 9.803873 10.134377 10.349002 10.450212 10.450575 10.341260 10.122878 9.773156 9.274455 8.585449 7.692648 6.761884 7.173616 7.971419 8.735999 9.353168 9.821919 10.151679 10.364620 10.464299 10.462449 10.351112 10.130280 9.778304 9.277205 8.586024 7.691196 6.758397 7.166553 7.960160 8.720995 9.334317 9.800106 10.126680 10.337530 10.434801 10.431828 10.319057 10.098275 9.746197 9.246744 8.557477 7.666545 6.737296 7.142529 7.930634 8.687080 9.296100 9.759535 10.083644 10.293925 10.390315 10.388302 10.276155 10.057815 9.708001 9.212672 8.527755 7.643058 6.719860 7.126147 7.913429 8.669964 9.279415 9.744728 10.070983 10.284697 10.384664 10.387327 10.279933 10.067190 9.722906 9.233485 8.554010 7.674542 6.757555 7.183132 7.994580 8.776464 9.411853 9.903321 10.256627 10.497736 10.626190 10.657304 10.578870 10.393605 10.075111 9.606213 8.940211 8.064006 7.156900 7.722605 8.719739 9.692995 10.518235 11.194954 11.733335 12.156981 12.469082 12.679778 12.777875 12.756399 12.583987 12.224695 11.616053 10.730508 9.855412 11.319568 13.517996 15.743253 17.818296 19.742741 21.553968 23.294161 25.000000 
25.000000 24.198990 23.392977 22.577766 21.746691 20.895332 20.014120 19.096479 18.127214 17.092827 15.964524 14.705986 13.241124 11.424896 8.878412 4.440034 6.260874 8.079506 9.306042 10.088807 10.569492 10.846464 10.962702 10.954524 10.825631 10.587324 10.221272 9.713892 9.006902 8.000717 6.407319 3.356224 5.005909 6.629496 7.778612 8.569776 9.105967 9.466672 9.679325 9.776283 9.754330 9.625610 9.368401 8.972123 8.378242 7.494226 6.043537 3.198240 4.828862 6.429970 7.573082 8.370269 8.918623 9.295032 9.524579 9.639030 9.634250 9.522295 9.281161 8.900254 8.321186 7.451486 6.015428 3.186636 4.823682 6.430225 7.579230 8.381701 8.935575 9.316332 9.550397 9.667909 9.666357 9.555970 9.316490 8.935315 8.355656 7.482670 6.040865 3.197943 4.845232 6.461039 7.617416 8.424156 8.981876 9.364085 9.599895 9.716971 9.715501 9.603086 9.362058 8.977221 8.394008 7.514976 6.065490 3.208301 4.860048 6.479631 7.638355 8.445349 9.002929 9.383672 9.618093 9.732853 9.729270 9.614118 9.370575 8.982908 8.397129 7.515657 6.064408 3.207172 4.853248 6.467446 7.621136 8.424145 8.977665 9.355493 9.586692 9.699560 9.693708 9.577829 9.333269 8.946420 8.361611 7.483747 6.038460 3.195569 4.831348 6.436168 7.582366 8.380932 8.930467 9.306635 9.535954 9.649047 9.643016 9.528995 9.285962 8.902711 8.321582 7.449923 6.012760 3.184924 4.816262 6.417468 7.561790 8.360858 8.911597 9.290633 9.523058 9.640601 9.639110 9.530712 9.293258 8.916213 8.340731 7.473904 6.037924 3.200626 4.863139 6.496737 7.671233 8.499046 9.078490 9.486274 9.748425 9.895894 9.925214 9.846843 9.638642 9.286593 8.728899 7.861800 6.384460 3.386773 5.308995 7.208390 8.618514 9.659482 10.442419 11.046761 11.504962 11.844740 12.065350 12.169072 12.130598 11.917089 11.443142 10.538934 8.747705 4.651423 8.250958 11.876009 14.815878 17.257055 19.391171 21.344273 23.195068 25.000000 
25.000000 24.165318 23.326220 22.477013 21.613726 20.728460 19.816387 18.865732 17.868032 16.803526 15.652789 14.375700 12.918697 11.180475 9.011873 6.260874 3.512081 7.021630 8.634732 9.505604 10.010489 10.284310 10.400571 10.381661 10.251695 10.003477 9.639745 9.130460 8.447194 7.511282 6.219014 4.453575 2.663178 5.573454 7.026526 7.890850 8.455999 8.819050 9.041108 9.133338 9.118839 8.985270 8.737508 8.343222 7.777995 6.964229 5.805483 4.188845 2.543437 5.373724 6.809820 7.678593 8.257277 8.637318 8.878075 8.989130 8.993290 8.877687 8.647139 8.269311 7.719706 6.921123 5.777059 4.175262 2.543633 5.377730 6.819254 7.694280 8.278253 8.663836 8.908668 9.024030 9.030783 8.917999 8.688347 8.311491 7.760603 6.960214 5.811255 4.202706 2.563220 5.414005 6.863557 7.744444 8.331159 8.719566 8.964738 9.081004 9.086315 8.972745 8.740014 8.360579 7.804782 6.999426 5.842780 4.225334 2.576030 5.435807 6.887918 7.769678 8.355306 8.742555 8.985353 9.099463 9.101762 8.985437 8.749414 8.366935 7.807912 6.999630 5.840371 4.220813 2.569562 5.421679 6.868350 7.745024 8.326800 8.709941 8.949987 9.060914 9.061602 8.943213 8.706935 8.323924 7.766545 6.960279 5.806071 4.193334 2.549947 5.385143 6.823543 7.694142 8.272894 8.652996 8.892398 9.002225 9.004066 8.886323 8.652905 8.272433 7.719892 6.918744 5.772440 4.169096 2.536119 5.362172 6.798336 7.668756 8.249623 8.632243 8.875796 8.989886 8.997355 8.885262 8.658549 8.284619 7.739038 6.943940 5.802456 4.201352 2.571975 5.442485 6.912573 7.814058 8.425208 8.838782 9.113698 9.260449 9.300729 9.222175 9.027460 8.683462 8.160941 7.377584 6.225234 4.582612 2.918199 6.174889 7.913170 9.044353 9.868465 10.491128 10.971353 11.324822 11.567797 11.689084 11.679823 11.499411 11.091841 10.340731 9.069948 7.101331 5.156834 10.916125 14.387194 17.000271 19.220613 21.235455 23.141838 25.000000 
25.000000 24.136057 23.267408 22.390339 21.498508 20.588396 19.651134 18.682030 17.667999 16.600456 15.458653 14.225327 12.868398 11.366432 9.719733 8.079506 7.021630 7.860198 8.692566 9.288383 9.665687 9.879713 9.954452 9.919850 9.775665 9.535137 9.183387 8.720999 8.121192 7.378192 6.488910 5.575871 5.071358 5.974593 6.843985 7.511056 7.984561 8.312361 8.506995 8.597038 8.576037 8.459014 8.227515 7.885129 7.403173 6.779063 6.007607 5.208085 4.791229 5.711417 6.592974 7.276592 7.769403 8.118338 8.334249 8.445446 8.444778 8.347233 8.134230 7.809262 7.343916 6.735342 5.978844 5.192987 4.788352 5.716603 6.605891 7.296051 7.795613 8.149782 8.371188 8.486101 8.489470 8.393995 8.183397 7.858705 7.393859 6.783511 6.025385 5.236341 4.831413 5.765203 6.660784 7.354515 7.857847 8.213120 8.436278 8.550378 8.553754 8.455785 8.243496 7.914693 7.446362 6.830241 6.066770 5.270923 4.861567 5.795419 6.691665 7.384296 7.886585 8.239376 8.460338 8.571157 8.571578 8.469885 8.254149 7.921461 7.449456 6.829574 6.062458 5.263052 4.849492 5.777861 6.668349 7.356257 7.853559 8.202691 8.419530 8.527807 8.525115 8.422116 8.204509 7.871967 7.399692 6.781737 6.016271 5.220005 4.806599 5.729161 6.613075 7.297057 7.790284 8.137918 8.352707 8.461394 8.458431 8.357559 8.141449 7.812741 7.343881 6.731597 5.971600 5.182283 4.773583 5.696203 6.579826 7.265557 7.760809 8.112301 8.331017 8.445243 8.447851 8.353963 8.144868 7.824299 7.363536 6.760082 6.008998 5.230203 4.836964 5.788530 6.702755 7.419264 7.946077 8.329823 8.582395 8.731367 8.770527 8.713576 8.542535 8.258785 7.833849 7.262310 6.541716 5.800219 5.491531 6.659777 7.800713 8.736275 9.479906 10.077915 10.548393 10.915383 11.176844 11.339630 11.386972 11.308882 11.073536 10.662191 10.083211 9.527116 9.709247 12.244462 14.813302 17.136223 19.253311 21.235096 23.136038 25.000000 
25.000000 24.110350 23.217018 22.315023 21.401575 20.469967 19.517721 18.535883 17.521475 16.462776 15.356041 14.188699 12.963130 11.686999 10.421120 9.306042 8.634732 8.692566 8.986944 9.273147 9.484155 9.595016 9.617667 9.546454 9.395971 9.156107 8.837656 8.427441 7.938369 7.371642 6.782547 6.272824 6.071768 6.390587 6.863724 7.301096 7.658769 7.912269 8.077394 8.143868 8.129148 8.019299 7.828272 7.540022 7.170332 6.717606 6.237597 5.825279 5.701726 6.066760 6.573664 7.039808 7.424855 7.704266 7.894438 7.984564 7.992308 7.903573 7.732316 7.462705 7.110276 6.673941 6.208850 5.810570 5.698926 6.074393 6.589782 7.064273 7.455970 7.742232 7.937375 8.032825 8.043836 7.958834 7.789140 7.521641 7.169132 6.733409 6.267071 5.869061 5.757558 6.136990 6.655291 7.133827 7.527082 7.815820 8.010737 8.106972 8.116051 8.030158 7.856941 7.586917 7.229462 6.789758 6.317549 5.915106 5.798916 6.176697 6.692716 7.169800 7.560194 7.846592 8.037907 8.130995 8.135935 8.046268 7.868597 7.594360 7.232342 6.788158 6.311406 5.904172 5.783107 6.155093 6.665820 7.137177 7.523034 7.804381 7.992198 8.081141 8.083762 7.991036 7.812315 7.536249 7.174488 6.729695 6.254113 5.846421 5.724943 6.092630 6.600024 7.066940 7.450747 7.729213 7.916737 8.004511 8.008553 7.916378 7.740723 7.466921 7.109758 6.668813 6.198930 5.795703 5.678932 6.048432 6.558414 7.027388 7.414999 7.697106 7.890047 7.983178 7.994259 7.909180 7.742169 7.477216 7.130336 6.700220 6.242970 5.854494 5.756963 6.151845 6.690475 7.190116 7.609850 7.926043 8.154551 8.285688 8.336318 8.293535 8.170224 7.951906 7.653289 7.276234 6.879050 6.569816 6.587901 7.157025 7.893603 8.603158 9.236944 9.774817 10.228904 10.594746 10.884548 11.090450 11.219541 11.262758 11.231218 11.141487 11.073581 11.208459 11.908573 13.534907 15.485328 17.474783 19.421312 21.313862 23.167213 25.000000 
25.000000 24.088320 23.172880 22.251163 21.318068 20.372177 19.407043 18.422304 17.410536 16.373133 15.303859 14.210293 13.097233 11.997310 10.959862 10.088807 9.505604 9.288383 9.273147 9.333097 9.383332 9.398525 9.353056 9.252323 9.082624 8.855653 8.560260 8.212725 7.810346 7.387441 6.975263 6.661084 6.531088 6.652223 6.894901 7.170777 7.409843 7.600470 7.717288 7.771787 7.747556 7.660618 7.496906 7.276174 6.992814 6.683202 6.374649 6.153419 6.099727 6.279831 6.568546 6.883570 7.156786 7.378726 7.524107 7.605196 7.605537 7.541402 7.398936 7.197771 6.932815 6.639943 6.347229 6.139975 6.099364 6.290322 6.589404 6.912819 7.194480 7.422837 7.574954 7.660595 7.665997 7.604626 7.465611 7.265594 7.002701 6.709777 6.418386 6.210977 6.172565 6.364966 6.667621 6.992544 7.277127 7.505709 7.659326 7.743570 7.748838 7.684444 7.543664 7.339173 7.073079 6.774652 6.479211 6.266258 6.224320 6.412611 6.712829 7.034088 7.315966 7.540483 7.690723 7.770400 7.771613 7.702246 7.556832 7.347113 7.075933 6.772161 6.471257 6.252843 6.204947 6.387532 6.681443 6.997355 7.273297 7.493352 7.638430 7.714772 7.711815 7.640340 7.491851 7.281210 7.007975 6.704161 6.401694 6.183112 6.132617 6.313269 6.603114 6.916928 7.189428 7.408620 7.551683 7.628772 7.625467 7.556387 7.409236 7.202507 6.932128 6.633372 6.334732 6.121427 6.074396 6.259145 6.551672 6.869646 7.145689 7.370243 7.518390 7.602433 7.606038 7.545709 7.407512 7.211549 6.952513 6.667089 6.383194 6.187540 6.161373 6.371177 6.691938 7.040669 7.349933 7.609769 7.796009 7.920368 7.967784 7.953902 7.866632 7.725226 7.527389 7.310213 7.107959 7.012040 7.115289 7.486782 7.995108 8.545777 9.071094 9.555482 9.979327 10.350123 10.659120 10.918065 11.122978 11.291376 11.434758 11.598947 11.851954 12.324556 13.175376 14.501261 16.113783 17.856266 19.640461 21.431828 23.217991 25.000000 
