25.000000 25.000000 25.000000 25.000000 25.000000 25.000000 25.000000 25.000000 25.000000 25.000000 25.000000 25.000000 25.000000 25.000000 25.000000 25.000000 25.000000 25.000000 25.000000 25.000000 25.000000 25.000000 25.000000 25.000000 25.000000 25.000000 25.000000 25.000000 25.000000 25.000000 25.000000 25.000000 25.000000 25.000000 25.000000 25.000000 25.000000 25.000000 25.000000 25.000000 25.000000 25.000000 25.000000 25.000000 25.000000 25.000000 25.000000 25.000000 25.000000 25.000000 25.000000 25.000000 25.000000 25.000000 25.000000 25.000000 25.000000 25.000000 25.000000 25.000000 25.000000 25.000000 25.000000 25.000000 25.000000 25.000000 25.000000 25.000000 25.000000 25.000000 25.000000 25.000000 25.000000 25.000000 25.000000 25.000000 25.000000 25.000000 25.000000 25.000000 25.000000 25.000000 25.000000 25.000000 25.000000 25.000000 25.000000 25.000000 25.000000 25.000000 25.000000 25.000000 25.000000 25.000000 25.000000 25.000000 25.000000 25.000000 25.000000 25.000000 25.000000 25.000000 25.000000 25.000000 25.000000 25.000000 25.000000 25.000000 25.000000 25.000000 25.000000 25.000000 25.000000 25.000000 25.000000 25.000000 25.000000 25.000000 25.000000 25.000000 25.000000 25.000000 25.000000 25.000000 25.000000 25.000000 25.000000 25.000000 25.000000 25.000000 25.000000 25.000000 25.000000 25.000000 25.000000 25.000000 25.000000 25.000000 25.000000 25.000000 25.000000 25.000000 25.000000 25.000000 25.000000 25.000000 25.000000 25.000000 25.000000 25.000000 25.000000 25.000000 25.000000 25.000000 25.000000 25.000000 25.000000 25.000000 25.000000 25.000000 25.000000 25.000000 25.000000 25.000000 25.000000 25.000000 25.000000 25.000000 25.000000 25.000000 25.000000 25.000000 25.000000 25.000000 25.000000 25.000000 25.000000 25.000000 25.000000 25.000000 25.000000 25.000000 25.000000 25.000000 25.000000 25.000000 25.000000 25.000000 25.000000 25.000000 25.000000 25.000000 25.000000 25.000000 25.000000 25.000000 25.000000 25.000000 25.000000 25.000000 
25.000000 24.949003 24.897875 24.846764 24.795336 24.744095 24.692589 24.641731 24.591021 24.541811 24.493568 24.448027 24.404541 24.365053 24.328588 24.297028 24.268824 24.245602 24.225161 24.208908 24.194162 24.182369 24.170702 24.160919 24.150324 24.141142 24.130930 24.122353 24.113152 24.106236 24.099319 24.095270 24.091513 24.090668 24.089758 24.091166 24.091631 24.093508 24.093513 24.094212 24.092525 24.091364 24.087950 24.085505 24.081486 24.079245 24.076252 24.075731 24.074911 24.076693 24.077944 24.081272 24.083303 24.086567 24.087694 24.089384 24.088497 24.088041 24.085194 24.083254 24.079638 24.077755 24.075048 24.074781 24.074167 24.076126 24.077524 24.080978 24.083115 24.086464 24.087667 24.089413 24.088583 24.088163 24.085360 24.083443 24.079861 24.077993 24.075319 24.075064 24.074476 24.076443 24.077868 24.081326 24.083487 24.086834 24.088055 24.089794 24.088974 24.088541 24.085741 24.083803 24.080219 24.078327 24.075647 24.075365 24.074770 24.076712 24.078125 24.081558 24.083706 24.087027 24.088232 24.089943 24.089104 24.088642 24.085817 24.083847 24.080235 24.078312 24.075598 24.075285 24.074654 24.076569 24.077946 24.081356 24.083467 24.086773 24.087946 24.089649 24.088783 24.088318 24.085472 24.083508 24.079878 24.077963 24.075235 24.074932 24.074287 24.076210 24.077578 24.080996 24.083099 24.086416 24.087585 24.089304 24.088440 24.087997 24.085159 24.083221 24.079605 24.077719 24.075010 24.074739 24.074118 24.076078 24.077477 24.080940 24.083088 24.086462 24.087694 24.089493 24.088722 24.088392 24.085693 24.083918 24.080507 24.078857 24.076447 24.076517 24.076324 24.078770 24.080778 24.084927 24.087933 24.092270 24.094706 24.097858 24.098770 24.100340 24.099991 24.100864 24.100706 24.102720 24.104759 24.109814 24.115608 24.124718 24.134642 24.147558 24.160900 24.176672 24.192518 24.210535 24.228836 24.249737 24.271923 24.297878 24.326765 24.360968 24.399837 24.445263 24.496431 24.554403 24.618010 24.687424 24.761200 24.838800 24.918739 25.000000 
25.000000 24.897875 24.795729 24.693058 24.590481 24.487173 24.384525 24.281561 24.180542 24.080456 23.984432 23.891382 23.805086 23.724070 23.652271 23.587290 23.532661 23.484636 23.446135 23.412155 23.385372 23.360140 23.339520 23.317907 23.299231 23.278362 23.260223 23.240217 23.224016 23.207237 23.195770 23.184889 23.180111 23.175913 23.177198 23.177654 23.181852 23.183151 23.186333 23.184990 23.184528 23.179125 23.174929 23.166729 23.161190 23.153397 23.150030 23.145920 23.147217 23.148045 23.153809 23.157927 23.165375 23.169310 23.174824 23.175358 23.176559 23.172491 23.169481 23.162233 23.157537 23.150423 23.147655 23.144030 23.145750 23.146925 23.152987 23.157354 23.165009 23.169121 23.174774 23.175438 23.176733 23.172762 23.169811 23.162640 23.157982 23.150930 23.148188 23.144623 23.146362 23.147591 23.153666 23.158085 23.165743 23.169899 23.175545 23.176239 23.177509 23.173555 23.170567 23.163397 23.158691 23.151630 23.148836 23.145256 23.146942 23.148153 23.154177 23.158571 23.166178 23.170305 23.175896 23.176554 23.177767 23.173767 23.170717 23.163490 23.158722 23.151600 23.148741 23.145088 23.146715 23.147852 23.153822 23.158144 23.165709 23.169767 23.175331 23.175932 23.177134 23.173086 23.170040 23.162775 23.158020 23.150866 23.148026 23.144344 23.145990 23.147100 23.153090 23.157389 23.164976 23.169020 23.174612 23.175209 23.176451 23.172411 23.169415 23.162170 23.157475 23.150352 23.147575 23.143940 23.145655 23.146820 23.152889 23.157265 23.164949 23.169098 23.174824 23.175573 23.177002 23.173191 23.170464 23.163559 23.159252 23.152624 23.150412 23.147490 23.150013 23.152199 23.159414 23.165230 23.174532 23.180702 23.188696 23.192272 23.196884 23.197025 23.198755 23.197346 23.199242 23.200193 23.206501 23.213877 23.227903 23.243824 23.266287 23.290129 23.319368 23.348959 23.382868 23.416784 23.455072 23.494553 23.540077 23.589626 23.648216 23.714561 23.793118 23.882603 23.986055 24.101532 24.230213 24.369394 24.518576 24.674717 24.836155 25.000000 
25.000000 24.846764 24.693058 24.539255 24.384289 24.229589 24.073746 23.919443 23.765186 23.615036 23.467529 23.327986 23.194754 23.073868 22.962753 22.867199 22.782747 22.714144 22.654680 22.608204 22.566435 22.533298 22.500135 22.471956 22.440662 22.412851 22.381363 22.354277 22.325165 22.302927 22.281101 22.268402 22.257351 22.255674 22.254427 22.260401 22.263672 22.270912 22.272175 22.274883 22.269846 22.265676 22.254253 22.245293 22.231512 22.223124 22.212934 22.210703 22.208357 22.214457 22.219603 22.231253 22.239141 22.250469 22.255032 22.260660 22.257971 22.255884 22.246132 22.238657 22.226068 22.218739 22.209402 22.207922 22.206190 22.212820 22.218405 22.230425 22.238630 22.250212 22.255003 22.260801 22.258278 22.256304 22.246679 22.239273 22.226788 22.219505 22.210260 22.208815 22.207167 22.213823 22.219492 22.231527 22.239807 22.251387 22.256235 22.262011 22.259523 22.257500 22.247887 22.240416 22.227921 22.220558 22.211292 22.209764 22.208092 22.214666 22.220303 22.232258 22.240498 22.251997 22.256796 22.262486 22.259935 22.257820 22.248129 22.240559 22.227974 22.220512 22.211142 22.209515 22.207727 22.214212 22.219734 22.231615 22.239744 22.251188 22.255890 22.261549 22.258917 22.256798 22.247042 22.239487 22.226851 22.219414 22.209999 22.208401 22.206572 22.213085 22.218569 22.230478 22.238575 22.250059 22.254742 22.260454 22.257824 22.255774 22.246040 22.238569 22.225975 22.218634 22.209280 22.207783 22.206028 22.212654 22.218233 22.230276 22.238504 22.250156 22.255030 22.260975 22.258625 22.256907 22.247589 22.240599 22.228613 22.221972 22.213503 22.213017 22.212534 22.220596 22.227980 22.242048 22.252813 22.267307 22.275724 22.285652 22.288254 22.292118 22.289709 22.290524 22.288132 22.292309 22.297005 22.311287 22.328558 22.356388 22.387245 22.427299 22.468647 22.516926 22.564920 22.618664 22.672497 22.733322 22.797396 22.872335 22.956024 23.055943 23.170609 23.305971 23.459858 23.635458 23.829206 24.041361 24.267370 24.505337 24.750622 25.000000 
25.000000 24.795336 24.590481 24.384289 24.177832 23.969337 23.761421 23.552074 23.345726 23.140469 22.942659 22.750553 22.572073 22.404999 22.257677 22.125957 22.016983 21.923325 21.850241 21.787268 21.738863 21.693228 21.655764 21.615059 21.578613 21.536345 21.498102 21.455250 21.419437 21.382738 21.357307 21.334450 21.325218 21.318800 21.324434 21.329237 21.341520 21.347673 21.356569 21.355295 21.354294 21.342148 21.331118 21.311356 21.296442 21.277390 21.267883 21.258347 21.261051 21.264492 21.278893 21.290852 21.309467 21.320744 21.334171 21.336542 21.338776 21.329226 21.320503 21.302597 21.289335 21.271612 21.263285 21.254705 21.258245 21.262375 21.277363 21.289820 21.308840 21.320477 21.334179 21.336811 21.339226 21.329870 21.321264 21.303507 21.290318 21.272724 21.264448 21.255987 21.259571 21.263819 21.278837 21.291407 21.310440 21.322170 21.335857 21.338556 21.340919 21.331594 21.322906 21.305149 21.291853 21.274233 21.265841 21.257345 21.260813 21.265020 21.279930 21.292450 21.311375 21.323046 21.336618 21.339241 21.341480 21.332058 21.323236 21.305359 21.291929 21.274170 21.265640 21.256989 21.260324 21.264370 21.279161 21.291521 21.310354 21.321877 21.335390 21.337885 21.340103 21.330580 21.321770 21.303816 21.290415 21.272594 21.264103 21.255396 21.258770 21.262756 21.277584 21.289890 21.308767 21.320251 21.333824 21.336308 21.338608 21.329103 21.320398 21.302492 21.289217 21.271471 21.263117 21.254501 21.258020 21.262119 21.277109 21.289564 21.308638 21.320328 21.334164 21.336950 21.339617 21.330561 21.322384 21.305140 21.292631 21.275854 21.268612 21.261402 21.266512 21.272615 21.289858 21.305134 21.327364 21.342997 21.361244 21.369522 21.378363 21.376968 21.377441 21.370882 21.370451 21.368477 21.377920 21.390921 21.418650 21.451777 21.499008 21.549685 21.610994 21.672424 21.741224 21.808590 21.882931 21.958073 22.043848 22.136822 22.247601 22.374571 22.527403 22.704378 22.911945 23.146412 23.409790 23.696268 24.004204 24.327040 24.660992 25.000000 
25.000000 24.744095 24.487173 24.229589 23.969337 23.708504 23.444557 23.181705 22.917437 22.658453 22.402718 22.159491 21.927063 21.716379 21.524561 21.361969 21.221943 21.111929 21.020233 20.951763 20.891666 20.844982 20.796581 20.753904 20.703407 20.655809 20.599808 20.549179 20.494473 20.451279 20.410385 20.386873 20.369244 20.369873 20.373686 20.390593 20.403358 20.421688 20.428556 20.435431 20.427069 20.417503 20.393860 20.372566 20.342754 20.322107 20.300194 20.293751 20.290304 20.303568 20.317732 20.343794 20.363981 20.388865 20.401016 20.412563 20.407961 20.401737 20.380785 20.361885 20.334007 20.315079 20.294558 20.289345 20.286907 20.301041 20.315933 20.342604 20.363317 20.388618 20.401150 20.412977 20.408655 20.402609 20.381865 20.363079 20.335369 20.316513 20.296148 20.290993 20.288708 20.302895 20.317942 20.344648 20.365503 20.390808 20.403448 20.415232 20.410973 20.404837 20.384109 20.365191 20.337458 20.318449 20.298037 20.292725 20.290386 20.304426 20.319416 20.345980 20.366770 20.391930 20.404486 20.416113 20.411741 20.405437 20.384565 20.365471 20.337564 20.318375 20.297766 20.292274 20.289722 20.303593 20.318365 20.344790 20.365368 20.390427 20.402798 20.414371 20.409851 20.403542 20.382559 20.363495 20.335505 20.316366 20.295685 20.290245 20.287617 20.301533 20.316227 20.342693 20.363207 20.388325 20.400660 20.412323 20.407806 20.401621 20.380684 20.361776 20.333868 20.314905 20.294334 20.289078 20.286581 20.300690 20.315542 20.342230 20.362959 20.388355 20.400997 20.413042 20.408978 20.403336 20.383068 20.364944 20.338026 20.320204 20.301077 20.297466 20.297047 20.313498 20.331289 20.361263 20.386091 20.416067 20.434402 20.452827 20.456682 20.459953 20.450735 20.445108 20.433601 20.433226 20.435417 20.455822 20.484337 20.533060 20.589146 20.661436 20.735920 20.820551 20.902702 20.991543 21.077595 21.172186 21.269716 21.383505 21.511444 21.667339 21.850538 22.072191 22.329735 22.628456 22.962009 23.329714 23.722990 24.137629 24.565254 25.000000 
25.000000 24.692589 24.384525 24.073746 23.761421 23.444557 23.126598 22.804276 22.483864 22.162640 21.850266 21.545162 21.260311 20.994574 20.762217 20.559238 20.396891 20.264153 20.166996 20.087980 20.031054 19.976896 19.931677 19.877682 19.825298 19.759838 19.696140 19.622704 19.557993 19.492552 19.446081 19.407930 19.395008 19.391626 19.409845 19.429201 19.459633 19.479593 19.500540 19.502773 19.501047 19.478762 19.454254 19.414228 19.379900 19.340216 19.317030 19.298363 19.302845 19.313791 19.344673 19.374313 19.413799 19.441065 19.468460 19.475883 19.478767 19.460196 19.438999 19.401651 19.369713 19.331968 19.310501 19.293243 19.298956 19.310925 19.342674 19.373056 19.413147 19.440947 19.468752 19.476566 19.479713 19.461432 19.440399 19.403271 19.371433 19.333878 19.312485 19.295414 19.301199 19.313366 19.345181 19.375759 19.415884 19.443851 19.471638 19.479565 19.482626 19.464388 19.443207 19.406065 19.374033 19.336420 19.314821 19.297678 19.303267 19.315365 19.346998 19.377506 19.417454 19.445333 19.472929 19.480734 19.483589 19.465191 19.443789 19.406445 19.374182 19.336332 19.314499 19.297089 19.302450 19.314264 19.345694 19.375919 19.415707 19.443327 19.470821 19.478411 19.481232 19.462669 19.441290 19.403831 19.371632 19.333693 19.311930 19.294432 19.299852 19.311563 19.343039 19.373161 19.413002 19.440546 19.468130 19.475693 19.478649 19.460119 19.438923 19.401550 19.369566 19.331757 19.310226 19.292881 19.298532 19.310419 19.342140 19.372478 19.412611 19.440456 19.468424 19.476423 19.479916 19.462034 19.441607 19.405193 19.374327 19.337931 19.318022 19.302731 19.310713 19.325529 19.360535 19.394972 19.439671 19.473186 19.507473 19.523312 19.535582 19.528582 19.520433 19.499228 19.485617 19.470482 19.474699 19.488787 19.529814 19.584175 19.663074 19.749186 19.850695 19.950466 20.057487 20.157980 20.263721 20.365820 20.479326 20.600636 20.747330 20.919832 21.135218 21.393732 21.706347 22.067917 22.480080 22.932447 23.420414 23.932673 24.462395 25.000000 
25.000000 24.641731 24.281561 23.919443 23.552074 23.181705 22.804276 22.424934 22.039854 21.657974 21.276991 20.910580 20.558741 20.239386 19.952652 19.715876 19.522169 19.380795 19.273289 19.202106 19.143194 19.099873 19.049250 18.999847 18.932631 18.862103 18.773705 18.687504 18.593189 18.514856 18.443914 18.403759 18.381012 18.391781 18.413738 18.456734 18.494284 18.536509 18.558388 18.574074 18.562365 18.542240 18.496990 18.450191 18.389530 18.341827 18.296747 18.279821 18.276304 18.304077 18.339859 18.394983 18.442307 18.493126 18.521923 18.543741 18.536976 18.521265 18.479589 18.435991 18.377935 18.332556 18.289379 18.274130 18.272003 18.300972 18.337765 18.393730 18.441788 18.493187 18.522518 18.544718 18.538345 18.522871 18.481485 18.438025 18.380196 18.334904 18.291943 18.276773 18.274887 18.303949 18.341002 18.397045 18.445347 18.496765 18.526285 18.548420 18.542147 18.526516 18.485140 18.441448 18.383556 18.337997 18.294937 18.279507 18.277527 18.306358 18.343330 18.399160 18.447372 18.498571 18.527962 18.549854 18.543406 18.527510 18.485905 18.441931 18.383764 18.337910 18.294531 18.278807 18.276474 18.305023 18.341631 18.397223 18.445084 18.496111 18.525200 18.547005 18.540319 18.524424 18.482655 18.438747 18.380470 18.334715 18.291241 18.275602 18.273149 18.301752 18.338217 18.393848 18.441582 18.492682 18.521696 18.543634 18.536951 18.521255 18.479568 18.435919 18.377787 18.332319 18.289028 18.273680 18.271423 18.300308 18.336994 18.392931 18.440952 18.492434 18.521856 18.544313 18.538237 18.523275 18.482483 18.439894 18.383089 18.339167 18.297831 18.284719 18.285292 18.317368 18.358038 18.418417 18.471945 18.529533 18.566509 18.597364 18.601675 18.598358 18.571999 18.545750 18.509207 18.488388 18.475533 18.494812 18.534662 18.610752 18.703623 18.821533 18.942177 19.073130 19.195154 19.319164 19.431665 19.548044 19.661625 19.792383 19.940649 20.129442 20.363039 20.661175 21.023394 21.456781 21.950434 22.499584 23.089062 23.710253 24.350163 25.000000 
25.000000 24.591021 24.180542 23.765186 23.345726 22.917437 22.483864 22.039854 21.592640 21.138229 20.689146 20.244785 19.824682 19.432587 19.093128 18.808010 18.595114 18.439505 18.343256 18.277241 18.239742 18.201031 18.165604 18.108852 18.043276 17.950058 17.849073 17.727581 17.612400 17.496531 17.410961 17.348383 17.333496 17.345987 17.396593 17.453703 17.524260 17.576599 17.622427 17.634878 17.632099 17.592812 17.541277 17.462341 17.386204 17.303673 17.248312 17.210989 17.218475 17.249191 17.315701 17.385586 17.467308 17.528612 17.582357 17.601196 17.604122 17.569462 17.522087 17.446543 17.373453 17.293423 17.240288 17.204805 17.213898 17.245960 17.313608 17.384480 17.466997 17.529020 17.583302 17.602667 17.605932 17.571653 17.524473 17.449209 17.376225 17.296429 17.243372 17.208151 17.217354 17.249737 17.317513 17.388721 17.471321 17.533630 17.587896 17.607445 17.610571 17.576351 17.528915 17.453598 17.380276 17.300352 17.246944 17.211588 17.220482 17.252764 17.320282 17.391399 17.473751 17.535936 17.589926 17.609291 17.612106 17.577639 17.529861 17.454233 17.380552 17.300261 17.246485 17.210707 17.219234 17.251059 17.318239 17.388899 17.470980 17.532751 17.586573 17.605602 17.608364 17.573656 17.525936 17.450159 17.376606 17.296217 17.242575 17.206678 17.215282 17.246931 17.314140 17.384605 17.466728 17.528353 17.582285 17.601261 17.604225 17.569574 17.522144 17.446522 17.373320 17.293152 17.239878 17.204222 17.213169 17.245054 17.312592 17.383327 17.465830 17.527828 17.582256 17.601784 17.605438 17.571604 17.525158 17.450747 17.378971 17.300598 17.249411 17.216396 17.228367 17.264044 17.335831 17.411831 17.500154 17.569323 17.631662 17.660929 17.675392 17.654905 17.623451 17.567642 17.517069 17.465084 17.444229 17.448654 17.503267 17.590269 17.719133 17.862013 18.023352 18.176870 18.330837 18.465744 18.595730 18.709301 18.826744 18.945822 19.093439 19.276848 19.526321 19.850740 20.269268 20.775162 21.365292 22.019648 22.725994 23.465761 24.227999 25.000000 
25.000000 24.541811 24.080456 23.615036 23.140469 22.658453 22.162640 21.657974 21.138229 20.613153 20.079411 19.554729 19.042931 18.573151 18.157034 17.827921 17.585703 17.438850 17.354801 17.323858 17.306276 17.298904 17.269548 17.226685 17.146116 17.045778 16.908619 16.761347 16.595642 16.447903 16.318081 16.245317 16.220867 16.262081 16.333761 16.437223 16.531637 16.623199 16.677773 16.710909 16.695757 16.655628 16.570660 16.471693 16.347754 16.238346 16.141054 16.097345 16.096678 16.158512 16.246656 16.364349 16.470116 16.571648 16.634249 16.674555 16.665228 16.630356 16.549690 16.454617 16.333881 16.227354 16.132450 16.090849 16.091944 16.155289 16.244726 16.363483 16.470203 16.572470 16.635771 16.676556 16.667738 16.633144 16.552837 16.457897 16.337423 16.230959 16.136311 16.094803 16.096254 16.159771 16.249647 16.368574 16.475712 16.578043 16.641651 16.682346 16.673679 16.638830 16.558504 16.463169 16.342543 16.235613 16.140760 16.098824 16.100121 16.163313 16.253094 16.371744 16.478773 16.580803 16.644236 16.684576 16.675644 16.640396 16.559727 16.463961 16.342920 16.235544 16.140207 16.097813 16.098558 16.161297 16.250494 16.368748 16.475222 16.576967 16.639927 16.680128 16.670845 16.635607 16.554722 16.459099 16.337950 16.230774 16.135349 16.093100 16.093664 16.156431 16.245361 16.363607 16.469833 16.571640 16.634455 16.674837 16.665550 16.630623 16.549879 16.454670 16.333778 16.227070 16.131954 16.090147 16.090992 16.154135 16.243332 16.361956 16.468513 16.570791 16.634098 16.675123 16.666571 16.632545 16.552881 16.458963 16.339672 16.234846 16.142117 16.103088 16.107456 16.174604 16.268778 16.392918 16.506241 16.615936 16.688311 16.739288 16.742929 16.722418 16.659422 16.584301 16.488451 16.410652 16.351858 16.352304 16.405424 16.527922 16.687788 16.884035 17.080601 17.280161 17.455326 17.617245 17.748161 17.866684 17.965193 18.070723 18.189091 18.358191 18.597374 18.946194 19.414583 20.009308 20.706640 21.487717 22.323984 23.198795 24.094234 25.000000 
25.000000 24.493568 23.984432 23.467529 22.942659 22.402718 21.850266 21.276991 20.689146 20.079411 19.460615 18.831741 18.219162 17.637482 17.133938 16.735563 16.480925 16.346607 16.313238 16.324631 16.362597 16.382967 16.386999 16.344006 16.268728 16.138779 15.978279 15.773656 15.560922 15.341576 15.168145 15.053853 15.042572 15.106234 15.239146 15.386196 15.541862 15.661233 15.754556 15.788533 15.784394 15.716537 15.614038 15.460191 15.294774 15.116393 14.980216 14.896900 14.912380 14.997210 15.148063 15.309237 15.477154 15.606347 15.708427 15.749540 15.751869 15.689330 15.591679 15.441842 15.280068 15.104720 14.971257 14.890213 14.907666 14.994167 15.146422 15.308831 15.477728 15.607840 15.710582 15.752369 15.755104 15.693040 15.595584 15.446061 15.284335 15.109221 14.975784 14.895063 14.912691 14.999716 15.152248 15.315240 15.484334 15.614924 15.717675 15.759752 15.762273 15.700276 15.602393 15.452723 15.290412 15.115006 14.980961 14.899971 14.917143 15.004046 15.156264 15.319179 15.487960 15.618402 15.720768 15.762584 15.764644 15.702274 15.603883 15.453751 15.290907 15.114960 14.980365 14.898742 14.915339 15.001521 15.153187 15.315374 15.483713 15.613505 15.715598 15.756901 15.758884 15.696180 15.597907 15.447621 15.285045 15.109056 14.974735 14.892996 14.909678 14.995540 15.147138 15.308942 15.477250 15.606760 15.708972 15.750171 15.752451 15.689837 15.592027 15.442013 15.280017 15.104420 14.970696 14.889340 14.906502 14.992648 15.144635 15.306728 15.475477 15.605410 15.708218 15.750062 15.753171 15.691513 15.594861 15.446243 15.285904 15.112384 14.981118 14.902915 14.923763 15.014554 15.171752 15.340226 15.515953 15.654350 15.766353 15.819349 15.834619 15.787783 15.707515 15.579123 15.441782 15.297295 15.200246 15.165760 15.238204 15.392183 15.620061 15.870621 16.134855 16.373804 16.593063 16.767546 16.912989 17.014729 17.096622 17.157238 17.234009 17.348375 17.558788 17.905664 18.433563 19.128836 19.964241 20.892696 21.883430 22.907263 23.950144 25.000000 
25.000000 24.448027 23.891382 23.327986 22.750553 22.159491 21.545162 20.910580 20.244785 19.554729 18.831741 18.092457 17.341852 16.623674 15.980537 15.499471 15.227365 15.153416 15.194183 15.298830 15.399534 15.483367 15.511129 15.493608 15.403630 15.262329 15.049045 14.794077 14.490232 14.189334 13.917051 13.759376 13.746534 13.881136 14.085132 14.326552 14.540259 14.725315 14.840490 14.904274 14.885853 14.812087 14.658621 14.460258 14.206442 13.952235 13.720052 13.597658 13.612542 13.769879 13.991261 14.247380 14.472736 14.668149 14.791785 14.863295 14.851272 14.783394 14.634832 14.440972 14.190929 13.940150 13.710852 13.591006 13.608034 13.767188 13.990146 14.247547 14.474085 14.670388 14.794911 14.867000 14.855618 14.788047 14.639902 14.446113 14.196301 13.945447 13.716352 13.596555 13.614105 13.773633 13.997368 14.255162 14.482417 14.678895 14.803914 14.875888 14.864722 14.796742 14.648517 14.454054 14.203890 13.952202 13.722642 13.602123 13.619436 13.778578 14.002278 14.259773 14.486946 14.683032 14.807817 14.879279 14.867726 14.799150 14.650414 14.455317 14.204551 13.952219 13.721966 13.600764 13.617234 13.775642 13.998415 14.255260 14.481558 14.677181 14.801239 14.872478 14.860406 14.791867 14.642861 14.448054 14.197260 13.945373 13.715159 13.594250 13.610439 13.768742 13.990965 14.247632 14.473444 14.669065 14.792854 14.864330 14.852245 14.784180 14.635417 14.441284 14.190955 13.939860 13.710207 13.589994 13.606567 13.765308 13.987778 14.244842 14.470989 14.667149 14.791492 14.863730 14.852487 14.785473 14.637927 14.445245 14.196674 13.947665 13.720676 13.603687 13.624465 13.788093 14.016591 14.280280 14.514401 14.719157 14.853814 14.937137 14.939215 14.886579 14.756427 14.582891 14.358045 14.136497 13.945232 13.872284 13.950887 14.182547 14.491909 14.843530 15.177145 15.487135 15.739546 15.946884 16.087894 16.182621 16.219395 16.227594 16.216146 16.242512 16.363831 16.684109 17.270313 18.108232 19.118412 20.235394 21.403576 22.596684 23.797005 25.000000 
25.000000 24.404541 23.805086 23.194754 22.572073 21.927063 21.260311 20.558741 19.824682 19.042931 18.219162 17.341852 16.432112 15.510130 14.665065 14.027115 13.775649 13.813755 14.011249 14.239918 14.453341 14.598187 14.680544 14.670938 14.589853 14.411845 14.161491 13.817805 13.416597 12.964446 12.551350 12.276791 12.303052 12.541132 12.893690 13.245198 13.567307 13.806473 13.977816 14.047637 14.042655 13.932910 13.748100 13.463326 13.118500 12.716676 12.350098 12.113863 12.170249 12.429943 12.799713 13.164457 13.498255 13.747019 13.927253 14.004528 14.006507 13.902618 13.723252 13.443076 13.102482 12.704257 12.340926 12.107444 12.166175 12.427861 12.799276 13.165511 13.500476 13.750384 13.931417 14.009552 14.012007 13.908706 13.729505 13.449633 13.108909 12.710752 12.347182 12.113943 12.173004 12.435655 12.807736 13.175023 13.510429 13.761132 13.942229 14.020810 14.022943 13.919710 13.739816 13.459615 13.117867 12.719036 12.354314 12.120461 12.178911 12.441545 12.813387 13.180721 13.515785 13.766331 13.946891 14.025091 14.026540 13.922750 13.742099 13.461224 13.118711 12.719129 12.353643 12.118896 12.176443 12.437933 12.808857 13.175037 13.509378 13.758918 13.939038 14.016464 14.017794 13.913529 13.733104 13.452110 13.110158 12.710782 12.345978 12.111295 12.168862 12.429649 12.800168 13.165557 13.499676 13.748693 13.928924 14.006163 14.007923 13.903808 13.724104 13.443588 13.102608 12.703984 12.340240 12.106258 12.164447 12.425464 12.796313 13.161913 13.496483 13.745938 13.926863 14.004836 14.007569 13.904529 13.726127 13.447109 13.107882 12.711397 12.350235 12.119716 12.182316 12.449008 12.826235 13.199456 13.542212 13.801369 13.992609 14.082825 14.098523 14.010848 13.848723 13.589111 13.271006 12.900978 12.571902 12.386694 12.510512 12.855890 13.321499 13.794894 14.243060 14.618751 14.931099 15.154901 15.309087 15.374078 15.370739 15.287969 15.160472 15.017895 14.969910 15.178792 15.855345 16.902552 18.165777 19.518396 20.898794 22.274605 23.641193 25.000000 
25.000000 24.365053 23.724070 23.073868 22.404999 21.716379 20.994574 20.239386 19.432587 18.573151 17.637482 16.623674 15.510130 14.319670 13.116638 12.168275 12.005019 12.314708 12.761456 13.196252 13.533868 13.775497 13.895554 13.919746 13.824266 13.633708 13.318462 12.899056 12.347183 11.700501 11.003428 10.493383 10.603754 11.086650 11.654341 12.193244 12.623131 12.955454 13.159131 13.265804 13.245726 13.128798 12.880576 12.526448 12.034397 11.445869 10.801381 10.337446 10.477194 10.979927 11.561508 12.112474 12.552425 12.894405 13.106392 13.221035 13.207773 13.097289 12.854557 12.505549 12.017888 11.433405 10.792416 10.331576 10.473854 10.978664 11.562085 12.114537 12.555930 12.898976 13.112089 13.227434 13.214999 13.104856 12.862615 12.513549 12.025963 11.440987 10.799727 10.338492 10.481684 10.987531 11.572497 12.125835 12.568455 12.911860 13.125748 13.240941 13.228818 13.118047 12.875625 12.525455 12.037133 11.450593 10.808126 10.345409 10.488374 10.994091 11.579361 12.132524 12.575162 12.918061 13.131623 13.246058 13.233346 13.121676 12.878491 12.527391 12.038221 11.450805 10.807454 10.343830 10.485489 10.989954 11.573717 12.125804 12.567080 12.909240 13.121694 13.235770 13.222280 13.110668 12.867130 12.516562 12.027581 11.441196 10.798507 10.335795 10.476857 10.980597 11.563087 12.114553 12.554908 12.896941 13.108940 13.223338 13.209825 13.098920 12.855780 12.506280 12.018143 11.433177 10.791693 10.330321 10.471789 10.975767 11.558253 12.110001 12.550620 12.893250 13.105865 13.221173 13.208625 13.098940 12.857129 12.509179 12.022788 11.439807 10.800778 10.342625 10.489175 10.999385 11.589343 12.149096 12.599034 12.951495 13.175636 13.303031 13.304624 13.209567 12.984639 12.653824 12.187037 11.624505 11.011981 10.592076 10.809063 11.409003 12.102819 12.771487 13.339791 13.813707 14.169992 14.432531 14.580726 14.633863 14.567171 14.393068 14.091621 13.698684 13.297928 13.205806 14.054661 15.480852 17.113119 18.773617 20.392084 21.961746 23.490955 25.000000 
25.000000 24.328588 23.652271 22.962753 22.257677 21.524561 20.762217 19.952652 19.093128 18.157034 17.133938 15.980537 14.665065 13.116638 11.313544 9.498838 9.761445 10.646311 11.523614 12.209148 12.710379 13.027339 13.206426 13.237305 13.153756 12.928165 12.579594 12.062425 11.372576 10.441313 9.268480 8.048884 8.531929 9.501540 10.443779 11.196550 11.776516 12.173665 12.437449 12.548667 12.545643 12.394338 12.118958 11.669421 11.046769 10.179662 9.072110 7.912836 8.421149 9.402283 10.353911 11.115264 11.704556 12.110323 12.382853 12.501781 12.506228 12.361374 12.092090 11.647804 11.030052 10.167239 9.063673 7.907928 8.418876 9.402207 10.355657 11.118768 11.709434 12.116636 12.390146 12.510200 12.515236 12.371157 12.102023 11.658048 11.039848 10.176591 9.071690 7.914808 8.427032 9.412753 10.367911 11.132938 11.724447 12.132886 12.406518 12.527225 12.531787 12.387794 12.117610 11.673061 11.053148 10.188417 9.080939 7.921785 8.433844 9.420418 10.375880 11.141305 11.732460 12.140712 12.413545 12.533664 12.537180 12.392330 12.121005 11.675457 11.054453 10.188741 9.080388 7.920330 8.430797 9.415390 10.369261 11.132857 11.722867 12.129592 12.401737 12.520684 12.523990 12.378418 12.107424 11.661775 11.041811 10.176956 9.070650 7.912322 8.421894 9.404346 10.356786 11.118784 11.708241 12.114105 12.386373 12.505037 12.508970 12.363624 12.093703 11.648816 11.030429 10.167042 9.062985 7.906744 8.416596 9.398596 10.350915 11.112855 11.702730 12.109049 12.382162 12.501692 12.506809 12.362698 12.094263 11.650949 11.034280 10.172685 9.070447 7.916575 8.432372 9.422092 10.382655 11.153844 11.753333 12.170732 12.455410 12.588393 12.607374 12.479138 12.226440 11.800227 11.198810 10.351522 9.259439 8.122290 8.724660 9.829029 10.909287 11.805805 12.530911 13.082275 13.502630 13.781708 13.947419 13.974327 13.871014 13.592222 13.114261 12.361815 11.317312 10.274794 11.676639 13.840830 16.032228 18.062277 19.934181 21.684851 23.360884 25.000000 
25.000000 24.297028 23.587290 22.867199 22.125957 21.361969 20.559238 19.715876 18.808010 17.827921 16.735563 15.499471 14.027115 12.168275 9.498838 4.752090 6.870074 8.985476 10.440209 11.406348 12.024679 12.417054 12.613179 12.669291 12.570221 12.345602 11.954772 11.398471 10.589324 9.423694 7.540099 3.901746 5.935572 7.943802 9.372025 10.372661 11.052868 11.525240 11.803532 11.945772 11.927764 11.783952 11.467772 10.985508 10.246489 9.153897 7.349786 3.820637 5.851422 7.854140 9.283279 10.290104 10.978036 11.459456 11.746212 11.896976 11.886462 11.749840 11.439883 10.963460 10.229549 9.141747 7.342063 3.817502 5.850700 7.855446 9.286616 10.295138 10.984850 11.467578 11.755805 11.907465 11.898080 11.761908 11.452649 10.976106 10.242179 9.153185 7.351521 3.821471 5.859063 7.867593 9.302006 10.312209 11.003814 11.487070 11.776400 11.927819 11.918882 11.781808 11.472308 10.994156 10.259062 9.167371 7.362504 3.825823 5.865856 7.876266 9.312010 10.322289 11.013991 11.496470 11.785260 11.935494 11.925624 11.787170 11.476492 10.996936 10.260591 9.167717 7.361981 3.825351 5.862578 7.870468 9.303702 10.312265 11.001917 11.483279 11.770417 11.920079 11.909017 11.770571 11.459298 10.980466 10.244470 9.153563 7.350513 3.820631 5.853555 7.857821 9.288072 10.295276 10.983454 11.464616 11.751111 11.901261 11.890171 11.752741 11.442024 10.964737 10.230029 9.141502 7.341346 3.817038 5.848208 7.851079 9.280509 10.287752 10.976127 11.458037 11.745289 11.896609 11.886696 11.750770 11.441597 10.966066 10.233110 9.146201 7.346939 3.820854 5.861295 7.873954 9.313260 10.330289 11.029529 11.522691 11.822947 11.987756 11.993402 11.873172 11.581392 11.121833 10.403725 9.323337 7.512093 3.912986 6.104427 8.273164 9.858088 11.011535 11.850019 12.481852 12.930222 13.244250 13.409087 13.445011 13.311648 12.990547 12.380409 11.317003 9.314211 4.899416 8.523741 12.173601 15.102526 17.509083 19.590773 21.482594 23.265375 25.000000 
25.000000 24.268824 23.532661 22.782747 22.016983 21.221943 20.396891 19.522169 18.595114 17.585703 16.480925 15.227365 13.775649 12.005019 9.761445 6.870074 3.981284 7.954660 9.845400 10.906956 11.564937 11.950274 12.159945 12.199077 12.112233 11.870632 11.495421 10.931429 10.162554 9.076990 7.566474 5.477504 3.364809 6.923287 8.727858 9.810767 10.537054 11.004395 11.305666 11.433235 11.435687 11.276574 10.982672 10.493790 9.799779 8.786538 7.352497 5.344418 3.309760 6.834251 8.634954 9.722831 10.458008 10.934544 11.245532 11.381822 11.392756 11.241019 10.954072 10.471234 9.782846 8.774610 7.345241 5.341545 3.310844 6.837242 8.639925 9.729951 10.466817 10.945221 11.257468 11.395288 11.407025 11.256430 10.969774 10.487554 9.798746 8.790189 7.359066 5.353114 3.319449 6.852957 8.658906 9.751746 10.489688 10.969742 11.282060 11.420769 11.431812 11.281386 10.993312 10.510440 9.819379 8.809003 7.374314 5.364522 3.326216 6.864274 8.671356 9.764785 10.502039 10.981653 11.292651 11.430376 11.439792 11.288017 10.998188 10.513749 9.820988 8.809044 7.372996 5.362029 3.322765 6.856873 8.661387 9.752123 10.487720 10.965119 11.275094 11.411072 11.420089 11.267135 10.977592 10.492733 9.801147 8.790012 7.356676 5.348839 3.313603 6.840514 8.642051 9.730406 10.465349 10.941647 11.251914 11.387546 11.397486 11.244823 10.956747 10.472840 9.783329 8.774051 7.343793 5.339388 3.308090 6.831555 8.632258 9.720405 10.455962 10.932891 11.244328 11.381086 11.392580 11.241468 10.955278 10.473295 9.785890 8.778667 7.350251 5.347306 3.317996 6.854707 8.666141 9.765191 10.511802 11.001333 11.325929 11.477989 11.505305 11.372324 11.104123 10.641545 9.970918 8.977621 7.552611 5.540399 3.506898 7.265078 9.238367 10.486167 11.375779 12.015727 12.492155 12.807809 12.999668 13.040879 12.940021 12.640679 12.099827 11.184518 9.723113 7.522328 5.345308 11.216885 14.695189 17.271912 19.437231 21.384520 23.218021 25.000000 
25.000000 24.245602 23.484636 22.714144 21.923325 21.111929 20.264153 19.380795 18.439505 17.438850 16.346607 15.153416 13.813755 12.314708 10.646311 8.985476 7.954660 9.006480 10.039019 10.811139 11.325669 11.659162 11.818408 11.854836 11.747006 11.529272 11.163268 10.669270 9.995802 9.155238 8.127038 7.076986 6.513184 7.656679 8.750261 9.605497 10.213012 10.649617 10.908616 11.045815 11.030800 10.903986 10.620651 10.207200 9.607710 8.839976 7.879954 6.894773 6.380508 7.538143 8.641587 9.508241 10.126894 10.575147 10.844593 10.991973 10.985802 10.867336 10.591215 10.184458 9.590830 8.828474 7.873297 6.892456 6.382051 7.542485 8.648643 9.517477 10.138476 10.588420 10.859852 11.008434 11.003870 10.886111 10.611175 10.204572 9.611588 8.848708 7.893476 6.911604 6.401707 7.564526 8.673846 9.544167 10.167361 10.617722 10.890541 11.038682 11.034748 10.915765 10.640665 10.232075 9.638039 8.872376 7.915114 6.929933 6.418268 7.580957 8.690806 9.560335 10.183152 10.632019 10.903817 11.050064 11.044639 10.923540 10.646597 10.235820 9.639726 8.871968 7.912587 6.925477 6.411388 7.571307 8.677938 9.545231 10.165212 10.612516 10.881939 11.027302 11.020053 10.898776 10.620677 10.210477 9.614058 8.847733 7.889023 6.903942 6.390069 7.548163 8.652142 9.518505 10.136932 10.584326 10.853033 10.999209 10.991949 10.872076 10.594628 10.186372 9.591290 8.827460 7.870813 6.888574 6.376471 7.534753 8.638589 9.505610 10.124599 10.573209 10.843005 10.990807 10.985096 10.867229 10.591802 10.185939 9.593360 8.832321 7.878739 6.900121 6.393360 7.560735 8.674860 9.552531 10.183599 10.644909 10.929537 11.092964 11.105551 11.006694 10.753152 10.369306 9.801163 9.063616 8.136370 7.189101 6.742766 8.041883 9.299273 10.318987 11.099849 11.713122 12.162764 12.495162 12.691621 12.778817 12.723344 12.532322 12.158778 11.598128 10.848719 10.121474 10.157794 12.653439 15.178679 17.446144 19.494144 21.400232 23.219522 25.000000 
25.000000 24.225161 23.446135 22.654680 21.850241 21.020233 20.166996 19.273289 18.343256 17.354801 16.313238 15.194183 14.011249 12.761456 11.523614 10.440209 9.845400 10.039019 10.493055 10.921844 11.267441 11.482810 11.599689 11.590405 11.491684 11.270026 10.959110 10.522239 9.996144 9.362757 8.709452 8.141280 7.954262 8.385529 9.011010 9.580383 10.059877 10.397276 10.633365 10.732072 10.737710 10.609707 10.388745 10.032554 9.583883 9.020123 8.432566 7.920726 7.779350 8.238427 8.884998 9.471078 9.966156 10.316913 10.565678 10.675253 10.691070 10.571787 10.358889 10.009681 9.567392 9.009292 8.426815 7.919597 7.782143 8.244788 8.894228 9.483255 9.980559 10.333831 10.584267 10.695955 10.712910 10.595341 10.383062 10.035163 9.592994 9.035819 8.453105 7.946818 7.809688 8.274798 8.925583 9.517143 10.015142 10.370313 10.620591 10.733419 10.749367 10.632118 10.418021 10.069600 9.624887 9.066397 8.480657 7.972700 7.833039 8.297644 8.946954 9.537971 10.034159 10.388238 10.636312 10.747523 10.760981 10.641658 10.424903 10.074035 9.626622 9.065424 8.477043 7.966135 7.823776 8.284888 8.931458 9.519015 10.013029 10.364031 10.610645 10.719318 10.732080 10.610867 10.394181 10.042141 9.595514 9.033845 8.446742 7.935599 7.793897 8.253233 8.899238 9.485019 9.979027 10.328942 10.576258 10.684576 10.698686 10.577830 10.363062 10.012048 9.567812 9.007746 8.423304 7.913955 7.774397 8.234488 8.881678 9.468166 9.963573 10.314592 10.563648 10.673519 10.689748 10.570950 10.358747 10.010387 9.569282 9.012664 8.432258 7.927856 7.794585 8.263200 8.920030 9.517739 10.025150 10.390249 10.654346 10.782032 10.817237 10.720902 10.532483 10.212156 9.800811 9.279934 8.740149 8.290760 8.233182 8.814007 9.597856 10.337072 10.991504 11.518431 11.950613 12.264340 12.492835 12.609913 12.642217 12.564252 12.404834 12.168107 11.952160 11.936455 12.510953 14.046179 15.919947 17.829041 19.692966 21.496977 23.259834 25.000000 
25.000000 24.208908 23.412155 22.608204 21.787268 20.951763 20.087980 19.202106 18.277241 17.323858 16.324631 15.298830 14.239918 13.196252 12.209148 11.406348 10.906956 10.811139 10.921844 11.115737 11.279853 11.404949 11.441143 11.415409 11.289794 11.100037 10.810859 10.464430 10.036183 9.590193 9.143827 8.824420 8.716032 8.920159 9.258603 9.645146 9.971655 10.246244 10.413578 10.511397 10.494888 10.408385 10.210447 9.950386 9.598415 9.224063 8.839887 8.576210 8.512071 8.751206 9.115934 9.524897 9.869570 10.160631 10.341741 10.452226 10.446427 10.369749 10.180225 9.927830 9.582570 9.214259 8.835547 8.576656 8.516994 8.759833 9.128248 9.540099 9.887918 10.181213 10.365011 10.477124 10.473582 10.397968 10.210308 9.958482 9.614783 9.246703 8.869480 8.610863 8.553195 8.796932 9.167974 9.580648 9.930839 10.224272 10.409773 10.521141 10.518453 10.441180 10.253469 9.999169 9.654590 9.283457 8.904799 8.643048 8.584042 8.825268 9.195338 9.605658 9.954600 10.245437 10.429194 10.537670 10.532709 10.452306 10.261827 10.004252 9.656486 9.282043 8.899854 8.634819 8.571936 8.809913 9.175904 9.583374 9.928469 10.217156 10.397569 10.504732 10.497091 10.416232 10.223804 9.966544 9.617500 9.243917 8.860850 8.596702 8.532632 8.770764 9.135020 9.542585 9.886270 10.175573 10.355245 10.463688 10.456072 10.377138 10.185480 9.930678 9.583026 9.212217 8.830886 8.569418 8.506876 8.747036 9.112392 9.521744 9.866649 10.157894 10.339143 10.449841 10.444292 10.368052 10.179085 9.927569 9.583436 9.216784 8.840238 8.584455 8.528943 8.777442 9.152843 9.573241 9.931211 10.236590 10.434682 10.563579 10.579840 10.527194 10.366599 10.146023 9.839517 9.515159 9.192078 9.000605 9.030400 9.383104 9.883769 10.439940 10.951224 11.418482 11.798238 12.118752 12.350378 12.525783 12.622433 12.677636 12.687716 12.717306 12.824984 13.161232 13.882518 15.100377 16.610794 18.257107 19.942251 21.634872 23.319614 25.000000 
