25.000000 25.000000 25.000000 25.000000 25.000000 25.000000 25.000000 25.000000 25.000000 25.000000 25.000000 25.000000 25.000000 25.000000 25.000000 25.000000 25.000000 25.000000 25.000000 25.000000 25.000000 25.000000 25.000000 25.000000 25.000000 25.000000 25.000000 25.000000 25.000000 25.000000 25.000000 25.000000 25.000000 25.000000 25.000000 25.000000 25.000000 25.000000 25.000000 25.000000 25.000000 25.000000 25.000000 25.000000 25.000000 25.000000 25.000000 25.000000 25.000000 25.000000 25.000000 25.000000 25.000000 25.000000 25.000000 25.000000 25.000000 25.000000 25.000000 25.000000 25.000000 25.000000 25.000000 25.000000 25.000000 25.000000 25.000000 25.000000 25.000000 25.000000 25.000000 25.000000 25.000000 25.000000 25.000000 25.000000 25.000000 25.000000 25.000000 25.000000 25.000000 25.000000 25.000000 25.000000 25.000000 25.000000 25.000000 25.000000 25.000000 25.000000 25.000000 25.000000 25.000000 25.000000 25.000000 25.000000 25.000000 25.000000 25.000000 25.000000 25.000000 25.000000 25.000000 25.000000 25.000000 25.000000 25.000000 25.000000 25.000000 25.000000 25.000000 25.000000 25.000000 25.000000 25.000000 25.000000 25.000000 25.000000 25.000000 25.000000 25.000000 25.000000 25.000000 25.000000 25.000000 25.000000 25.000000 25.000000 25.000000 25.000000 25.000000 25.000000 25.000000 25.000000 25.000000 25.000000 25.000000 25.000000 25.000000 25.000000 25.000000 25.000000 25.000000 25.000000 25.000000 25.000000 25.000000 25.000000 25.000000 25.000000 25.000000 25.000000 25.000000 25.000000 25.000000 25.000000 25.000000 25.000000 25.000000 25.000000 25.000000 25.000000 25.000000 25.000000 25.000000 25.000000 25.000000 25.000000 25.000000 25.000000 25.000000 25.000000 25.000000 25.000000 25.000000 25.000000 25.000000 25.000000 25.000000 25.000000 25.000000 25.000000 25.000000 25.000000 25.000000 25.000000 25.000000 25.000000 25.000000 25.000000 25.000000 25.000000 25.000000 25.000000 25.000000 25.000000 25.000000 25.000000 25.000000 25.000000 
25.000000 24.944157 24.888241 24.832344 24.776310 24.720451 24.664600 24.609352 24.554590 24.501217 24.449179 24.399649 24.352543 24.309145 24.269146 24.233694 24.202019 24.174957 24.151190 24.131277 24.113520 24.098440 24.084244 24.071688 24.059135 24.047722 24.036068 24.025679 24.015368 24.006844 23.998915 23.993254 23.988428 23.985886 23.983856 23.983570 23.983025 23.983412 23.982716 23.982307 23.980352 23.978518 23.975231 23.972433 23.968744 23.966232 23.963524 23.962582 23.961821 23.962931 23.964022 23.966520 23.968336 23.970827 23.971910 23.973089 23.972477 23.971842 23.969574 23.967686 23.964781 23.962963 23.960857 23.960447 23.960152 23.961666 23.963116 23.965918 23.968010 23.970724 23.972019 23.973354 23.972906 23.972380 23.970238 23.968424 23.965616 23.963850 23.961828 23.961452 23.961231 23.962767 23.964283 23.967094 23.969242 23.971951 23.973282 23.974594 23.974161 23.973593 23.971447 23.969572 23.966745 23.964907 23.962852 23.962399 23.962139 23.963596 23.965069 23.967802 23.969900 23.972528 23.973804 23.975033 23.974535 23.973879 23.971657 23.969694 23.966778 23.964851 23.962700 23.962158 23.961796 23.963171 23.964540 23.967201 23.969202 23.971771 23.972960 23.974148 23.973574 23.972893 23.970608 23.968634 23.965666 23.963736 23.961538 23.960999 23.960594 23.961975 23.963305 23.965979 23.967949 23.970543 23.971714 23.972942 23.972372 23.971750 23.969490 23.967592 23.964670 23.962831 23.960699 23.960266 23.959944 23.961447 23.962883 23.965702 23.967812 23.970585 23.971947 23.973410 23.973099 23.972786 23.970882 23.969400 23.966965 23.965683 23.964207 23.964514 23.965069 23.967550 23.970140 23.974241 23.977863 23.982317 23.985659 23.989325 23.991617 23.994217 23.995756 23.998135 24.000252 24.004076 24.008585 24.015572 24.023880 24.034962 24.047438 24.062439 24.078506 24.096657 24.115599 24.136478 24.158394 24.182749 24.209108 24.239096 24.272629 24.311317 24.355146 24.405340 24.461601 24.524469 24.593178 24.667521 24.746342 24.828873 24.913795 25.000000 
25.000000 24.888241 24.776464 24.664412 24.552446 24.440216 24.328598 24.217291 24.107788 23.999935 23.895851 23.795481 23.701376 23.613281 23.533741 23.461782 23.399426 23.344572 23.298523 23.258144 23.224361 23.193546 23.166847 23.140762 23.117130 23.092941 23.070869 23.048435 23.028946 23.010159 22.995564 22.982649 22.974571 22.968142 22.965967 22.964193 22.965115 22.964611 22.965141 22.962803 22.960585 22.955099 22.949974 22.942350 22.936314 22.929251 22.925282 22.921562 22.921768 22.922445 22.926626 22.930256 22.935991 22.939562 22.943720 22.944448 22.944967 22.941801 22.938753 22.932903 22.928452 22.922756 22.920000 22.917336 22.918468 22.919960 22.924841 22.929100 22.935356 22.939409 22.943943 22.945040 22.945822 22.942940 22.940071 22.934439 22.930109 22.924591 22.921919 22.919411 22.920601 22.922232 22.927147 22.931530 22.937792 22.941940 22.946445 22.947598 22.948311 22.945442 22.942465 22.936808 22.932341 22.926767 22.923941 22.921362 22.922392 22.923941 22.928698 22.932989 22.939091 22.943134 22.947475 22.948507 22.949049 22.946037 22.942884 22.937059 22.932411 22.926651 22.923643 22.920862 22.921717 22.923058 22.927656 22.931744 22.937712 22.941566 22.945808 22.946672 22.947149 22.943998 22.940811 22.934874 22.930214 22.924356 22.921349 22.918478 22.919342 22.920597 22.925213 22.929226 22.935228 22.939034 22.943338 22.944187 22.944765 22.941641 22.938591 22.932724 22.928236 22.922489 22.919683 22.916958 22.918051 22.919495 22.924372 22.928627 22.934950 22.939077 22.943789 22.945080 22.946192 22.943672 22.941338 22.936300 22.932772 22.928150 22.926626 22.925415 22.928205 22.931656 22.938766 22.945654 22.954897 22.962465 22.970993 22.976793 22.982927 22.986353 22.990671 22.993500 22.998798 23.004572 23.014688 23.027069 23.044989 23.065916 23.092346 23.121347 23.154926 23.190212 23.229258 23.269796 23.314344 23.361576 23.414585 23.472965 23.540102 23.616083 23.703926 23.803476 23.916595 24.042250 24.180721 24.329996 24.488976 24.655073 24.826307 25.000000 
25.000000 24.832344 24.664412 24.496391 24.327757 24.159369 23.990683 23.823427 23.657251 23.494884 23.336267 23.185045 23.041218 22.908861 22.787338 22.680267 22.585472 22.505379 22.435902 22.378414 22.327547 22.284533 22.243793 22.207382 22.170345 22.136044 22.100471 22.068243 22.036070 22.009281 21.984610 21.967207 21.952963 21.946142 21.941387 21.942118 21.942152 21.944777 21.943811 21.943176 21.937363 21.931313 21.920450 21.910675 21.898132 21.889175 21.880007 21.876616 21.874439 21.878443 21.882917 21.891874 21.898876 21.907696 21.911970 21.915998 21.914137 21.911621 21.903767 21.896688 21.886457 21.879566 21.872189 21.870382 21.869591 21.874798 21.880344 21.890205 21.898031 21.907516 21.912418 21.916922 21.915539 21.913347 21.905861 21.898998 21.889059 21.882315 21.875181 21.873478 21.872911 21.878189 21.883940 21.893835 21.901833 21.911303 21.916323 21.920750 21.919422 21.917091 21.909592 21.902536 21.892532 21.885559 21.878325 21.876379 21.875692 21.880730 21.886345 21.896004 21.903852 21.913080 21.917931 21.922106 21.920576 21.917982 21.910248 21.902920 21.892645 21.885393 21.877863 21.875641 21.874640 21.879417 21.884718 21.894150 21.901693 21.910742 21.915319 21.919369 21.917610 21.914942 21.907019 21.899660 21.889229 21.881975 21.874304 21.872091 21.870955 21.875750 21.880922 21.890387 21.897831 21.906946 21.911470 21.915642 21.913889 21.911404 21.903555 21.896435 21.886145 21.879175 21.871698 21.869810 21.868923 21.874084 21.879574 21.889467 21.897326 21.906975 21.912058 21.916920 21.915936 21.914368 21.907576 21.901688 21.892838 21.887522 21.881994 21.882311 21.884026 21.892094 21.901011 21.914707 21.927044 21.941650 21.952576 21.963923 21.970602 21.977591 21.980923 21.986395 21.990967 22.000727 22.012907 22.033024 22.057755 22.091364 22.129637 22.175676 22.224886 22.280010 22.337000 22.399103 22.463575 22.534628 22.611105 22.698078 22.795647 22.908985 23.038458 23.188046 23.357084 23.547215 23.756056 23.982767 24.223648 24.476133 24.736080 25.000000 
25.000000 24.776310 24.552446 24.327757 24.102819 23.876810 23.651339 23.425732 23.202906 22.982639 22.769289 22.563105 22.369589 22.188848 22.026482 21.881075 21.756819 21.649513 21.561293 21.485382 21.422880 21.365988 21.316412 21.266886 21.220823 21.172298 21.126726 21.079575 21.037811 20.997614 20.966383 20.939680 20.923927 20.912872 20.911318 20.911245 20.916597 20.918770 20.922152 20.918777 20.914375 20.902292 20.889832 20.871696 20.856358 20.839241 20.828947 20.820370 20.820921 20.823818 20.834709 20.845192 20.859919 20.870012 20.880436 20.883018 20.883932 20.876371 20.867962 20.853298 20.841070 20.826639 20.818737 20.812248 20.814631 20.819149 20.831425 20.843159 20.858915 20.869967 20.881134 20.884443 20.885878 20.878868 20.870806 20.856567 20.844568 20.830484 20.822741 20.816563 20.819061 20.823868 20.836226 20.848219 20.864000 20.875254 20.886364 20.889795 20.891079 20.884096 20.875799 20.861500 20.849201 20.834995 20.826921 20.820585 20.822750 20.827387 20.839418 20.851225 20.866684 20.877728 20.888508 20.891687 20.892626 20.885345 20.876686 20.862040 20.849367 20.834772 20.826317 20.819561 20.821358 20.825556 20.837252 20.848629 20.863804 20.874451 20.885021 20.887857 20.888664 20.881102 20.872379 20.857508 20.844818 20.830030 20.821585 20.814644 20.816454 20.820469 20.832188 20.843399 20.858633 20.869164 20.879852 20.882654 20.883661 20.876158 20.867722 20.853001 20.840672 20.826117 20.818087 20.811443 20.813715 20.818104 20.830343 20.842030 20.857889 20.869051 20.880535 20.884197 20.886251 20.879932 20.872898 20.859804 20.849361 20.837021 20.831518 20.827860 20.833487 20.841831 20.858471 20.875332 20.896915 20.914804 20.933731 20.946159 20.957964 20.963165 20.969032 20.971212 20.977947 20.985893 21.003189 21.026226 21.061642 21.104437 21.159159 21.219547 21.288931 21.361109 21.439631 21.519733 21.606224 21.696566 21.797127 21.907619 22.035419 22.181568 22.352875 22.549809 22.776480 23.030962 23.313522 23.619705 23.946718 24.288906 24.641880 25.000000 
25.000000 24.720451 24.440216 24.159369 23.876810 23.593716 23.308977 23.025253 22.741909 22.463474 22.190166 21.928495 21.679356 21.450464 21.241987 21.060734 20.903681 20.774563 20.665981 20.578941 20.503397 20.440123 20.379070 20.322922 20.263277 20.205597 20.143642 20.085514 20.026731 19.976976 19.932056 19.901205 19.878275 19.870102 19.867453 19.874945 19.881519 19.891554 19.894230 19.895403 19.885853 19.873644 19.851610 19.829912 19.803101 19.782475 19.762924 19.754986 19.751757 19.761185 19.773483 19.794237 19.812004 19.831964 19.843021 19.851662 19.848450 19.841917 19.824741 19.807407 19.784355 19.767099 19.750481 19.745140 19.744196 19.755606 19.769676 19.791918 19.811050 19.832100 19.844196 19.853607 19.851179 19.845167 19.828583 19.811584 19.789000 19.771965 19.755745 19.750570 19.750006 19.761545 19.775976 19.798300 19.817741 19.838781 19.851093 19.860376 19.858042 19.851776 19.835157 19.817802 19.795080 19.777626 19.761211 19.755600 19.754818 19.765938 19.780144 19.802059 19.821255 19.841887 19.853910 19.862764 19.860083 19.853365 19.836334 19.818504 19.795311 19.777367 19.760429 19.754330 19.752989 19.763645 19.777285 19.798790 19.817450 19.837755 19.849300 19.857933 19.854855 19.848019 19.830675 19.812809 19.789360 19.771427 19.754255 19.748175 19.746595 19.757263 19.770664 19.792202 19.810661 19.831062 19.842497 19.851326 19.848257 19.841734 19.824530 19.807085 19.783894 19.766460 19.749636 19.744110 19.742952 19.754230 19.768147 19.790384 19.809509 19.830774 19.843109 19.853060 19.851229 19.846197 19.830700 19.815258 19.794409 19.779676 19.766033 19.764120 19.767223 19.783266 19.802786 19.831228 19.857626 19.886911 19.908655 19.929016 19.939445 19.948076 19.948746 19.951471 19.952154 19.961712 19.976740 20.007046 20.047735 20.105581 20.173140 20.254425 20.340868 20.435863 20.531994 20.633974 20.737083 20.848284 20.966158 21.099852 21.250795 21.428989 21.636700 21.881834 22.164219 22.486628 22.844635 23.235811 23.652983 24.090895 24.541990 25.000000 
25.000000 24.664600 24.328598 23.990683 23.651339 23.308977 22.965599 22.619915 22.276005 21.933588 21.599407 21.274706 20.968876 20.684000 20.430265 20.207479 20.022606 19.869289 19.749128 19.650154 19.571642 19.500219 19.436823 19.369839 19.303768 19.229950 19.156733 19.078449 19.006620 18.937487 18.883663 18.840405 18.817867 18.806932 18.813442 18.824160 18.842983 18.855816 18.867805 18.866539 18.859987 18.838463 18.813044 18.776899 18.743649 18.708353 18.685274 18.668619 18.669920 18.679283 18.703773 18.729647 18.761862 18.785969 18.807976 18.815189 18.816227 18.801186 18.781603 18.750483 18.721758 18.690395 18.670828 18.657253 18.661259 18.673025 18.699566 18.727299 18.761034 18.786568 18.809664 18.817953 18.819736 18.805498 18.786396 18.755882 18.727459 18.696590 18.677233 18.664120 18.668304 18.680532 18.707224 18.735392 18.769196 18.795073 18.818098 18.826586 18.828131 18.813917 18.794418 18.763775 18.734842 18.703741 18.683830 18.670444 18.674093 18.686047 18.712238 18.740124 18.773439 18.799000 18.821520 18.829622 18.830627 18.815948 18.795876 18.764688 18.735155 18.703434 18.682911 18.668848 18.671892 18.683138 18.708769 18.735960 18.768803 18.793724 18.815897 18.823458 18.824257 18.809151 18.789000 18.757483 18.727957 18.695957 18.675468 18.661119 18.664179 18.675112 18.700743 18.727633 18.760523 18.785225 18.807558 18.815042 18.816151 18.801138 18.781450 18.750191 18.721251 18.689638 18.669807 18.655933 18.659695 18.671179 18.697580 18.725147 18.758949 18.784550 18.808035 18.816753 18.819384 18.806078 18.788425 18.759518 18.733324 18.704939 18.688812 18.679312 18.688011 18.705311 18.738174 18.773306 18.815437 18.850771 18.884960 18.906216 18.922720 18.925770 18.926405 18.919189 18.917484 18.918196 18.935009 18.964352 19.016668 19.084562 19.173395 19.272345 19.384253 19.498383 19.618509 19.736801 19.859850 19.984047 20.119370 20.266729 20.438921 20.640100 20.883097 21.171194 21.511930 21.902668 22.342581 22.823256 23.338509 23.878370 24.435188 25.000000 
25.000000 24.609352 24.217291 23.823427 23.425732 23.025253 22.619915 22.212799 21.802641 21.395464 20.991959 20.602041 20.229048 19.886393 19.578003 19.316311 19.099129 18.930861 18.798939 18.700901 18.619400 18.552288 18.483688 18.415840 18.336706 18.253698 18.159014 18.064932 17.967537 17.882685 17.808041 17.758879 17.728695 17.726316 17.737432 17.765268 17.791983 17.820921 17.835653 17.842960 17.829815 17.807165 17.765896 17.720976 17.667049 17.622004 17.582121 17.564280 17.560888 17.582226 17.613297 17.658674 17.700092 17.742029 17.767729 17.784830 17.780037 17.764912 17.730125 17.691065 17.642233 17.601768 17.565903 17.551626 17.551390 17.575457 17.608984 17.656412 17.699724 17.743155 17.770292 17.788433 17.784710 17.770260 17.736258 17.697603 17.649370 17.609158 17.573818 17.559753 17.560064 17.584351 17.618446 17.666042 17.709862 17.753321 17.780806 17.798769 17.795177 17.780331 17.746237 17.707001 17.658503 17.617609 17.581923 17.567177 17.567144 17.590813 17.624588 17.671612 17.715092 17.757971 17.785048 17.802391 17.798294 17.782776 17.748075 17.708128 17.658926 17.617292 17.580818 17.565323 17.564434 17.587376 17.620277 17.666653 17.709305 17.751673 17.778025 17.795031 17.790354 17.774679 17.739548 17.699591 17.650061 17.608486 17.571703 17.556246 17.554993 17.577911 17.610403 17.656759 17.699051 17.741503 17.767647 17.784916 17.780241 17.765038 17.730131 17.690828 17.641714 17.600916 17.564669 17.550032 17.549381 17.573149 17.606329 17.653625 17.696789 17.740396 17.767729 17.786503 17.783476 17.770277 17.737650 17.701044 17.655075 17.617929 17.585999 17.576296 17.581476 17.611782 17.652626 17.708380 17.761383 17.815765 17.855633 17.888165 17.901234 17.905874 17.894320 17.881395 17.863642 17.858578 17.864904 17.898685 17.955036 18.042601 18.149298 18.277308 18.411919 18.554901 18.694206 18.834871 18.969870 19.108686 19.250237 19.408772 19.589247 19.809395 20.077209 20.407915 20.804111 21.269535 21.795860 22.376122 22.997099 23.648888 24.319620 25.000000 
25.000000 24.554590 24.107788 23.657251 23.202906 22.741909 22.276005 21.802641 21.326296 20.846125 20.370924 19.903566 19.458881 19.044329 18.679041 18.369064 18.126734 17.943010 17.814865 17.720503 17.652769 17.589836 17.529802 17.456007 17.373516 17.271238 17.160692 17.036364 16.915911 16.798965 16.706938 16.639221 16.611713 16.612373 16.644701 16.686821 16.738754 16.778769 16.810925 16.817852 16.809145 16.772354 16.722387 16.652069 16.581558 16.508753 16.456903 16.423861 16.427097 16.453594 16.508471 16.569366 16.637756 16.691578 16.736013 16.753386 16.754093 16.725414 16.682812 16.618904 16.554203 16.486496 16.439217 16.410212 16.416990 16.446653 16.504219 16.567570 16.637949 16.693649 16.739498 16.758278 16.759920 16.732264 16.690218 16.627039 16.562639 16.495510 16.448441 16.420027 16.427061 16.457411 16.515261 16.579309 16.649862 16.706118 16.751907 16.770987 16.772282 16.744629 16.701962 16.638519 16.573303 16.505743 16.457808 16.428942 16.435196 16.465160 16.522335 16.586025 16.655933 16.711775 16.756876 16.775427 16.775963 16.747654 16.704163 16.639944 16.573862 16.505413 16.456581 16.426723 16.432072 16.460979 16.517302 16.579943 16.649132 16.704021 16.748602 16.766371 16.766623 16.737732 16.694181 16.629560 16.563566 16.494802 16.446072 16.415842 16.421183 16.449589 16.505816 16.567930 16.637083 16.691578 16.736322 16.753942 16.754620 16.725872 16.683012 16.618807 16.553707 16.485552 16.437799 16.408257 16.414562 16.443684 16.500891 16.563837 16.634129 16.689732 16.735931 16.755095 16.757706 16.731104 16.690826 16.629591 16.567982 16.503933 16.460943 16.437056 16.449802 16.486517 16.552164 16.624924 16.705944 16.773947 16.833641 16.868443 16.888176 16.881609 16.863600 16.828777 16.797110 16.769018 16.767342 16.792980 16.862186 16.964947 17.103888 17.259878 17.431213 17.600122 17.768541 17.924669 18.076067 18.217981 18.364119 18.517893 18.699902 18.921886 19.208429 19.571934 20.027067 20.570175 21.195200 21.884768 22.624874 23.398718 24.194405 25.000000 
25.000000 24.501217 23.999935 23.494884 22.982639 22.463474 21.933588 21.395464 20.846125 20.291817 19.732883 19.182419 18.648029 18.152998 17.712784 17.354172 17.082136 16.899582 16.781618 16.713472 16.664190 16.624487 16.571051 16.504868 16.410439 16.297047 16.155870 16.003922 15.840188 15.690327 15.560642 15.479355 15.445077 15.466762 15.519711 15.598560 15.673898 15.744473 15.787035 15.808376 15.791774 15.750710 15.674537 15.583341 15.474064 15.374525 15.288957 15.247132 15.246097 15.296542 15.373180 15.472511 15.564855 15.650442 15.705717 15.738516 15.731790 15.699728 15.631413 15.547392 15.444431 15.350614 15.270110 15.232782 15.235752 15.289648 15.369411 15.471324 15.566080 15.653541 15.710644 15.744720 15.739325 15.708038 15.640643 15.557008 15.454684 15.361040 15.281110 15.243997 15.247709 15.301981 15.382638 15.484920 15.580495 15.668090 15.725739 15.759594 15.754375 15.722488 15.654888 15.570332 15.467504 15.372774 15.292226 15.254092 15.257291 15.310744 15.391014 15.492588 15.587763 15.674621 15.731745 15.764767 15.758861 15.726047 15.657606 15.572055 15.468250 15.372481 15.290825 15.251613 15.253577 15.305952 15.384933 15.485531 15.579485 15.665578 15.721659 15.754199 15.747499 15.714509 15.645541 15.560077 15.455946 15.360382 15.278411 15.239288 15.240730 15.292962 15.371241 15.471643 15.564955 15.651039 15.706741 15.739594 15.732878 15.700559 15.631951 15.547471 15.444012 15.349616 15.268471 15.230507 15.232747 15.286037 15.365115 15.466628 15.560941 15.648405 15.705511 15.740192 15.735451 15.705567 15.639698 15.558480 15.458805 15.368855 15.292993 15.261168 15.270730 15.332305 15.421061 15.533202 15.639740 15.740430 15.812707 15.863788 15.877980 15.868787 15.827147 15.773005 15.705728 15.653040 15.622569 15.643701 15.717034 15.851112 16.023521 16.227102 16.435780 16.645834 16.838938 17.019199 17.176804 17.323053 17.457100 17.598776 17.759325 17.969816 18.253613 18.644321 19.155148 19.788898 20.525162 21.342873 22.216043 23.126705 24.058329 25.000000 
25.000000 24.449179 23.895851 23.336267 22.769289 22.190166 21.599407 20.991959 20.370924 19.732883 19.086370 18.434462 17.797821 17.194700 16.664927 16.238962 15.948057 15.775867 15.698550 15.669758 15.666035 15.653114 15.625048 15.560774 15.466321 15.328587 15.161824 14.960892 14.750592 14.539065 14.365950 14.249697 14.222477 14.266139 14.368818 14.488683 14.613803 14.711790 14.784365 14.809667 14.798859 14.736878 14.641697 14.505859 14.356814 14.200206 14.077241 14.003879 14.013579 14.087184 14.215148 14.355605 14.498640 14.611683 14.697806 14.734796 14.734700 14.682107 14.595569 14.467376 14.325333 14.174950 14.057593 13.989224 14.003284 14.080802 14.212057 14.355553 14.501016 14.616392 14.704225 14.742947 14.743934 14.692540 14.606545 14.479104 14.337210 14.187332 14.070034 14.002315 14.016736 14.095300 14.227143 14.371784 14.517670 14.633935 14.721775 14.760944 14.761443 14.709997 14.623043 14.495085 14.351885 14.201193 14.082524 14.014039 14.027388 14.105480 14.236543 14.380821 14.525951 14.641737 14.728698 14.767181 14.766660 14.714325 14.626246 14.497231 14.352849 14.200952 14.081048 14.011187 14.023232 14.099793 14.229581 14.372326 14.516377 14.630794 14.716996 14.754391 14.753493 14.700418 14.612353 14.482942 14.338862 14.186758 14.067163 13.996907 14.008878 14.084610 14.214020 14.355814 14.499597 14.613305 14.699609 14.736728 14.736393 14.683534 14.596481 14.467751 14.325029 14.173923 14.055789 13.986539 13.999754 14.076302 14.206803 14.349466 14.494519 14.609452 14.697451 14.736346 14.738286 14.687912 14.603875 14.478556 14.339875 14.193511 14.080982 14.018503 14.039627 14.125574 14.266561 14.421286 14.579375 14.709124 14.812966 14.869890 14.891167 14.863012 14.803197 14.706322 14.599753 14.492495 14.426188 14.421424 14.511135 14.679188 14.911983 15.170145 15.438966 15.690146 15.922176 16.119141 16.288895 16.424704 16.542448 16.647257 16.768806 16.933336 17.191885 17.587975 18.160305 18.898830 19.773678 20.741396 21.769722 22.831682 23.912205 25.000000 
25.000000 24.399649 23.795481 23.185045 22.563105 21.928495 21.274706 20.602041 19.903566 19.182419 18.434462 17.671232 16.901918 16.163055 15.499665 14.988690 14.679765 14.557277 14.549017 14.600975 14.656682 14.696889 14.692883 14.646859 14.541863 14.389153 14.177846 13.927227 13.638231 13.349393 13.090559 12.931004 12.904534 13.006497 13.174680 13.373550 13.552960 13.704515 13.799751 13.847062 13.827378 13.756242 13.620134 13.441572 13.218757 12.992219 12.788584 12.677529 12.689917 12.823420 13.016321 13.236054 13.432721 13.599751 13.708364 13.768038 13.759262 13.698277 13.571207 13.401021 13.185704 12.966026 12.768537 12.662937 12.680180 12.817819 13.014483 13.237297 13.436890 13.606153 13.716990 13.778156 13.770966 13.710793 13.584706 13.414729 13.199892 12.980045 12.782915 12.677381 12.695621 12.834023 13.032202 13.255842 13.456790 13.626426 13.738111 13.799026 13.792060 13.731000 13.604497 13.433072 13.217267 12.995635 12.797326 12.690217 12.707731 12.845211 13.043079 13.265999 13.466577 13.635343 13.746395 13.806222 13.798346 13.736032 13.608398 13.435633 13.218534 12.995519 12.795744 12.687157 12.702936 12.838820 13.034807 13.256261 13.455072 13.622710 13.732288 13.791437 13.782497 13.720009 13.591790 13.419337 13.202091 12.979682 12.779841 12.671540 12.686566 12.821942 13.016623 13.237432 13.435081 13.602475 13.711390 13.770875 13.761884 13.700332 13.572691 13.401719 13.185603 12.965024 12.766556 12.659932 12.675961 12.812479 13.007886 13.229807 13.428440 13.597348 13.707801 13.769386 13.762626 13.703864 13.579278 13.411949 13.199975 12.984299 12.791719 12.692212 12.717050 12.863787 13.071104 13.305994 13.519260 13.703714 13.831619 13.911634 13.925638 13.888897 13.789417 13.649328 13.469536 13.290996 13.145459 13.104669 13.205595 13.442518 13.754438 14.102530 14.439599 14.753609 15.021090 15.246289 15.416948 15.544421 15.624804 15.678993 15.721972 15.802836 15.982123 16.355385 16.991470 17.872442 18.923895 20.079308 21.286531 22.518099 23.757729 25.000000 
25.000000 24.352543 23.701376 23.041218 22.369589 21.679356 20.968876 20.229048 19.458881 18.648029 17.797821 16.901918 15.975562 15.042595 14.181987 13.521526 13.225033 13.207067 13.339265 13.508015 13.662827 13.761788 13.802733 13.766994 13.665118 13.482553 13.233178 12.906288 12.525714 12.104782 11.715888 11.454544 11.458157 11.654464 11.949852 12.249255 12.519970 12.722820 12.863057 12.919545 12.907345 12.808659 12.641014 12.390708 12.084400 11.732249 11.407317 11.199841 11.245093 11.471533 11.790599 12.108856 12.396347 12.613788 12.767733 12.836478 12.835874 12.747616 12.589767 12.348301 12.050201 11.705482 11.387300 11.185863 11.236292 11.467340 11.790238 12.112085 12.402419 12.622662 12.778609 12.849438 12.850042 12.763146 12.605727 12.364884 12.066492 11.721799 11.403039 11.201958 11.253004 11.485889 11.810163 12.134010 12.425279 12.646942 12.803035 12.874516 12.874449 12.787397 12.628530 12.386726 12.086212 11.739904 11.418775 11.216226 11.265924 11.498494 11.822159 12.145860 12.436375 12.657547 12.812544 12.883141 12.881703 12.793457 12.633071 12.389869 12.087798 11.739956 11.417242 11.212898 11.260730 11.491064 11.812794 12.134253 12.423162 12.642382 12.796280 12.865373 12.863434 12.774254 12.614024 12.370553 12.069280 11.721735 11.400025 11.195617 11.243138 11.471857 11.792423 12.112078 12.400203 12.618194 12.772046 12.840669 12.839457 12.750600 12.591835 12.349479 12.050330 11.704556 11.385250 11.182514 11.231513 11.460869 11.782318 12.102614 12.391975 12.611192 12.766929 12.837514 12.838893 12.752788 12.597363 12.358636 12.063733 11.722814 11.409351 11.214041 11.272548 11.513571 11.848061 12.183038 12.487948 12.724402 12.898156 12.988716 13.010851 12.947766 12.816244 12.604298 12.338061 12.031481 11.759982 11.623618 11.764055 12.109210 12.560721 13.024373 13.463290 13.842337 14.162282 14.407737 14.588186 14.692842 14.733355 14.706175 14.637255 14.561309 14.578388 14.850574 15.577745 16.668844 17.970150 19.360960 20.778996 22.194214 23.600607 25.000000 
25.000000 24.309145 23.613281 22.908861 22.188848 21.450464 20.684000 19.886393 19.044329 18.152998 17.194700 16.163055 15.042595 13.849774 12.650132 11.690393 11.475716 11.706697 12.073291 12.428990 12.701616 12.884703 12.963431 12.953265 12.841776 12.642760 12.338562 11.939033 11.427126 10.828130 10.188802 9.713123 9.793827 10.203347 10.692672 11.153646 11.523298 11.803732 11.976460 12.060710 12.039464 11.930023 11.711029 11.395830 10.964540 10.445036 9.879995 9.469388 9.590994 10.026959 10.535017 11.012335 11.396523 11.691195 11.877058 11.974108 11.964581 11.866344 11.657560 11.351972 10.929463 10.418115 9.860537 9.456573 9.583849 10.024505 10.536864 11.017698 11.405327 11.702599 11.891138 11.989917 11.982279 11.884875 11.677101 11.371374 10.948863 10.436375 9.878001 9.473085 9.602006 10.044726 10.560033 11.042698 11.432579 11.730618 11.920424 12.018912 12.011556 11.912881 11.704382 11.396429 10.972132 10.456532 9.895547 9.487684 9.615853 10.058161 10.573759 11.056008 11.445712 11.742762 11.931792 12.028836 12.020247 11.919864 11.709838 11.400097 10.974138 10.456818 9.894106 9.484430 9.610126 10.049954 10.562733 11.042762 11.429920 11.725325 11.912292 12.008368 11.998337 11.897754 11.687079 11.378032 10.952413 10.436730 9.875154 9.466841 9.591142 10.029138 10.539160 11.017521 11.402618 11.697370 11.883264 11.979692 11.969558 11.870258 11.660463 11.353615 10.929916 10.417314 9.858485 9.453145 9.578424 10.016998 10.527107 11.006216 11.392072 11.688396 11.875927 11.974749 11.967103 11.870951 11.664446 11.361440 10.941815 10.433826 9.880341 9.482020 9.618059 10.069867 10.595061 11.090134 11.493404 11.807781 12.015068 12.134213 12.148754 12.075068 11.892715 11.613549 11.219228 10.736877 10.215384 9.865763 10.095884 10.669543 11.332649 11.970950 12.524180 12.990164 13.355692 13.634188 13.814395 13.905407 13.891234 13.775096 13.544524 13.226754 12.908319 12.890776 13.792155 15.255038 16.921312 18.615387 20.270855 21.879156 23.449329 25.000000 
25.000000 24.269146 23.533741 22.787338 22.026482 21.241987 20.430265 19.578003 18.679041 17.712784 16.664927 15.499665 14.181987 12.650132 10.878372 9.100276 9.280740 10.052917 10.818212 11.410510 11.829946 12.085747 12.213022 12.212336 12.105958 11.878833 11.539276 11.055677 10.415625 9.565862 8.498064 7.392025 7.800677 8.645917 9.463837 10.118047 10.615839 10.957571 11.178329 11.270911 11.259768 11.124614 10.877234 10.482744 9.932876 9.172971 8.198212 7.180352 7.622487 8.481311 9.310093 9.975466 10.486091 10.840795 11.075031 11.180389 11.181790 11.058225 10.821901 10.437577 9.897274 9.146262 8.179833 7.169684 7.617585 8.481384 9.314343 9.983807 10.497688 10.855735 11.092320 11.200212 11.203010 11.081056 10.845054 10.461179 9.919818 9.167559 8.198169 7.185353 7.635675 8.504037 9.340454 10.013494 10.529123 10.889294 11.126169 11.234954 11.236828 11.114603 10.876536 10.491118 9.946421 9.190986 8.216677 7.199357 7.649161 8.518770 9.355659 10.029195 10.544176 10.903826 11.139261 11.246832 11.246817 11.122933 10.882788 10.495490 9.948776 9.191517 8.215538 7.196519 7.643342 8.509371 9.343188 10.013432 10.526062 10.882972 11.116836 11.222322 11.221576 11.096433 10.856552 10.469128 9.924015 9.168356 8.195863 7.179907 7.624576 8.486199 9.316712 9.983551 10.494557 10.849537 11.083186 11.187969 11.188162 11.063455 10.825596 10.439844 9.897985 9.145597 8.177945 7.166590 7.611840 8.472482 9.302725 9.969501 10.481549 10.837716 11.073506 11.180504 11.183712 11.062091 10.827948 10.445955 9.908200 9.159796 8.196122 7.189587 7.647776 8.524714 9.372164 10.057130 10.587738 10.963871 11.220106 11.349272 11.374875 11.277111 11.065990 10.706951 10.188416 9.455074 8.498907 7.506745 8.084171 9.118763 10.129380 10.979251 11.672314 12.214520 12.636132 12.935802 13.129799 13.202111 13.151081 12.940641 12.538991 11.879295 10.937361 10.003019 11.445061 13.631380 15.844672 17.903900 19.809877 21.599865 23.317553 25.000000 
25.000000 24.233694 23.461782 22.680267 21.881075 21.060734 20.207479 19.316311 18.369064 17.354172 16.238962 14.988690 13.521526 11.690393 9.100276 4.551600 6.479985 8.406021 9.715408 10.564894 11.095977 11.415316 11.561249 11.577096 11.459880 11.227337 10.853168 10.328774 9.585370 8.521626 6.822587 3.556234 5.349009 7.115804 8.369189 9.238859 9.829373 10.232375 10.470262 10.584826 10.565091 10.431415 10.152848 9.725015 9.077393 8.115734 6.532957 3.431290 5.212986 6.965632 8.216780 9.093227 9.694458 10.110698 10.362055 10.490412 10.483675 10.362590 10.095660 9.678843 9.041456 8.089487 6.516145 3.424424 5.211367 6.968500 8.224230 9.104586 9.709866 10.129159 10.383786 10.514216 10.509834 10.389734 10.124041 9.706853 9.069027 8.114352 6.536459 3.433253 5.228673 6.993336 8.255223 9.138986 9.747606 10.168009 10.424315 10.554324 10.550287 10.428468 10.161778 9.741523 9.100998 8.141244 6.557065 3.441730 5.241179 7.009131 8.273173 9.157125 9.765735 10.184831 10.440025 10.567995 10.562196 10.437983 10.169151 9.746437 9.103698 8.141845 6.556139 3.440811 5.235342 6.998720 8.258380 9.139045 9.744101 10.160884 10.413240 10.539814 10.531990 10.407396 10.137614 9.715831 9.073839 8.115252 6.534543 3.431448 5.217553 6.973464 8.227076 9.104446 9.706340 10.122103 10.372976 10.499998 10.492010 10.369086 10.100440 9.681609 9.042403 8.088739 6.514336 3.423212 5.205442 6.958169 8.209924 9.087323 9.689715 10.107247 10.360001 10.489904 10.484834 10.365637 10.100726 9.686148 9.050968 8.100973 6.528213 3.432400 5.235000 7.009027 8.281239 9.178460 9.801427 10.239838 10.515079 10.667874 10.687406 10.592497 10.352488 9.959841 9.342299 8.396091 6.795868 3.578135 5.596445 7.591953 9.064034 10.144357 10.946277 11.559464 12.013342 12.343091 12.543201 12.622156 12.549533 12.297396 11.774918 10.814074 8.947878 4.738880 8.347045 11.980747 14.916723 17.345665 19.461332 21.392874 23.219770 25.000000 
25.000000 24.202019 23.399426 22.585472 21.756819 20.903681 20.022606 19.099129 18.126734 17.082136 15.948057 14.679765 13.225033 11.475716 9.280740 6.479985 3.681579 7.358743 9.072506 10.012886 10.573750 10.888708 11.039557 11.042589 10.929126 10.684282 10.317282 9.789054 9.075453 8.085775 6.714420 4.831146 2.923321 6.074142 7.658254 8.604557 9.230416 9.633134 9.885509 9.991745 9.984344 9.842007 9.577707 9.148728 8.535916 7.648005 6.386563 4.623533 2.832489 5.924350 7.498062 8.449693 9.087654 9.504354 9.771858 9.892677 9.899620 9.770597 9.518955 9.101674 8.499827 7.622220 6.370493 4.616936 2.834543 5.930504 7.508617 8.465015 9.106813 9.527602 9.797956 9.921964 9.930658 9.803779 9.552651 9.136183 8.533215 7.654300 6.398612 4.639768 2.851009 5.960783 7.545403 8.506838 9.150804 9.574203 9.844756 9.969834 9.977261 9.850059 9.596301 9.177995 8.570856 7.688034 6.425805 4.659584 2.862429 5.980077 7.566834 8.529123 9.172047 9.594521 9.862916 9.986167 9.990887 9.861299 9.604601 9.183611 8.573607 7.688169 6.423634 4.655499 2.856658 5.967563 7.549681 8.507445 9.147187 9.565977 9.832203 9.952576 9.956155 9.824662 9.568010 9.146443 8.538101 7.654279 6.394264 4.631879 2.839948 5.936916 7.512584 8.465452 9.103126 9.519501 9.785569 9.905066 9.909873 9.778860 9.524708 9.105076 8.500699 7.620812 6.367105 4.612063 2.828372 5.917664 7.491254 8.443583 9.082525 9.500371 9.769157 9.891376 9.899927 9.772654 9.523049 9.107924 8.508462 7.633087 6.383305 4.630857 2.850773 5.968971 7.565276 8.539251 9.199646 9.640308 9.932477 10.080057 10.114359 10.014581 9.791608 9.402883 8.824839 7.963490 6.710333 4.931745 3.131520 6.568554 8.390447 9.562499 10.408970 11.036835 11.514680 11.853836 12.077760 12.169936 12.127497 11.904455 11.449206 10.639690 9.301198 7.250337 5.223492 11.022300 14.495808 17.096016 19.296915 21.287951 23.168657 25.000000 
25.000000 24.174957 23.344572 22.505379 21.649513 20.774563 19.869289 18.930861 17.943010 16.899582 15.775867 14.557277 13.207067 11.706697 10.052917 8.406021 7.358743 8.274865 9.180197 9.840393 10.268141 10.526208 10.632506 10.624576 10.494631 10.263386 9.907556 9.434707 8.809158 8.031599 7.092645 6.130609 5.605806 6.599190 7.552778 8.290693 8.815001 9.184227 9.403778 9.512290 9.494399 9.374541 9.124467 8.756246 8.231007 7.553771 6.712271 5.843752 5.391007 6.401129 7.366691 8.119671 8.660267 9.046985 9.283387 9.408524 9.406039 9.300848 9.064250 8.708620 8.195042 7.528576 6.697214 5.837846 5.393417 6.409582 7.381013 8.138809 8.684443 9.074903 9.315415 9.443151 9.443755 9.339962 9.105309 8.749763 8.236756 7.568831 6.736431 5.874518 5.430172 6.450871 7.427781 8.188453 8.737552 9.128843 9.371197 9.498163 9.499165 9.393185 9.157486 8.798378 8.282764 7.609854 6.773189 5.905392 5.457454 6.478100 7.455701 8.215256 8.763524 9.152486 9.392960 9.516903 9.515308 9.405920 9.167137 8.804490 8.285536 7.609217 6.769195 5.898205 5.446411 6.462265 7.434645 8.190165 8.733876 9.119819 9.356501 9.478470 9.473985 9.363751 9.123181 8.760971 8.241639 7.567286 6.728581 5.860609 5.409014 6.420497 7.387527 8.140292 8.680727 9.065905 9.300950 9.423663 9.418959 9.310781 9.071375 8.712489 8.195802 7.526124 6.691652 5.829255 5.381230 6.392609 7.359084 8.112951 8.654540 9.042309 9.279860 9.406308 9.405276 9.301837 9.067179 8.713908 8.202900 7.539518 6.711594 5.856903 5.419922 6.450774 7.438297 8.213589 8.777946 9.189240 9.452455 9.605494 9.633567 9.559838 9.357123 9.035228 8.556422 7.922685 7.125141 6.306984 5.946434 7.160295 8.341790 9.306220 10.061988 10.664225 11.126216 11.479810 11.717278 11.852328 11.862514 11.743716 11.458943 10.994281 10.354698 9.737776 9.868152 12.389153 14.942454 17.245672 19.338326 21.293356 23.165489 25.000000 
25.000000 24.151190 23.298523 22.435902 21.561293 20.665981 19.749128 18.798939 17.814865 16.781618 15.698550 14.549017 13.339265 12.073291 10.818212 9.715408 9.072506 9.180197 9.533021 9.871654 10.132213 10.281913 10.339685 10.292045 10.161434 9.929387 9.614848 9.196194 8.694872 8.105147 7.493949 6.964342 6.770104 7.132046 7.662971 8.150577 8.554664 8.840484 9.033079 9.112576 9.106404 8.990688 8.789344 8.476508 8.078056 7.584500 7.064944 6.616041 6.486580 6.887671 7.447755 7.959569 8.386542 8.693241 8.905889 9.003674 9.014780 8.914792 8.728089 8.428676 8.042559 7.560473 7.051269 6.612072 6.490892 6.899556 7.465798 7.983824 8.415602 8.727452 8.943649 9.045522 9.058930 8.961931 8.776289 8.478739 8.092485 7.611212 7.101024 6.662470 6.541466 6.953832 7.522470 8.044303 8.477325 8.791718 9.007642 9.110645 9.122308 9.024997 8.836225 8.536923 8.146297 7.661962 7.146585 6.704489 6.579271 6.990376 7.556808 8.077467 8.507749 8.820129 9.032655 9.132871 9.140662 9.039933 8.847012 8.543826 8.148969 7.660444 7.140886 6.694283 6.564663 6.970366 7.532132 8.047443 8.473830 8.781474 8.991125 9.087439 9.093481 8.989850 8.796362 8.491397 8.097148 7.607959 7.089829 6.642793 6.513335 6.915497 7.475047 7.986733 8.411975 8.717284 8.927211 9.022588 9.030256 8.927076 8.736469 8.433310 8.043067 7.556902 7.043528 6.599943 6.474296 6.877681 7.439163 7.952122 8.380054 8.687722 8.901396 9.000316 9.012813 8.914408 8.729745 8.432666 8.049578 7.571028 7.066558 6.633434 6.521183 6.942174 7.523498 8.058287 8.509264 8.842255 9.082575 9.211049 9.254550 9.190580 9.041800 8.784485 8.442924 8.011595 7.560548 7.198379 7.186932 7.758368 8.510195 9.228857 9.868534 10.401183 10.846146 11.192318 11.459208 11.632661 11.726513 11.726085 11.648567 11.506308 11.385539 11.466821 12.122184 13.716076 15.639184 17.600117 19.517355 21.378586 23.199940 25.000000 
25.000000 24.131277 23.258144 22.378414 21.485382 20.578941 19.650154 18.700901 17.720503 16.713472 15.669758 14.600975 13.508015 12.428990 11.410510 10.564894 10.012886 9.840393 9.871654 9.980986 10.073504 10.129546 10.114854 10.042482 9.890066 9.677878 9.386114 9.040346 8.630001 8.200166 7.777098 7.462701 7.342436 7.495914 7.775618 8.093971 8.366858 8.589958 8.726762 8.798518 8.778215 8.692439 8.516874 8.282349 7.974168 7.641173 7.305097 7.068801 7.011992 7.215085 7.533073 7.884101 8.184760 8.433258 8.592526 8.685112 8.683475 8.614945 8.455008 8.234797 7.939792 7.618708 7.293797 7.067317 7.019821 7.230667 7.556283 7.913387 8.220400 8.473545 8.637997 8.733864 8.736257 8.669699 8.512688 8.293274 8.000261 7.679125 7.355770 7.129236 7.084122 7.296228 7.625412 7.983788 8.293858 8.547150 8.713456 8.808030 8.810843 8.741531 8.583469 8.359993 8.064612 7.738482 7.411936 7.180336 7.132381 7.340612 7.667792 8.022640 8.330384 8.579777 8.743080 8.833295 8.832407 8.758368 8.595985 8.367555 8.067353 7.736185 7.404405 7.167720 7.114048 7.317074 7.638217 7.988301 8.290356 8.535904 8.694251 8.781759 8.776869 8.701325 8.535992 8.307193 8.005014 7.674308 7.341067 7.104796 7.048889 7.250902 7.568646 7.917599 8.216799 8.462235 8.618934 8.707637 8.702488 8.629452 8.465243 8.240108 7.940263 7.614026 7.283839 7.052052 6.998808 7.204160 7.523790 7.875898 8.177483 8.426776 8.586881 8.680457 8.679973 8.613006 8.454916 8.237249 7.945266 7.628321 7.308471 7.088996 7.050393 7.273170 7.612794 7.986739 8.312626 8.587893 8.777027 8.901542 8.935892 8.906105 8.790195 8.617969 8.378504 8.120206 7.871874 7.739041 7.813491 8.176046 8.679675 9.230474 9.749139 10.225823 10.632568 10.984105 11.264446 11.492589 11.658172 11.785536 11.880995 11.996843 12.197913 12.621784 13.426437 14.713781 16.289978 17.998259 19.747324 21.503689 23.253954 25.000000 
