25.000000 25.000000 25.000000 25.000000 25.000000 25.000000 25.000000 25.000000 25.000000 25.000000 25.000000 25.000000 25.000000 25.000000 25.000000 25.000000 25.000000 25.000000 25.000000 25.000000 25.000000 25.000000 25.000000 25.000000 25.000000 25.000000 25.000000 25.000000 25.000000 25.000000 25.000000 25.000000 25.000000 25.000000 25.000000 25.000000 25.000000 25.000000 25.000000 25.000000 25.000000 25.000000 25.000000 25.000000 25.000000 25.000000 25.000000 25.000000 25.000000 25.000000 25.000000 25.000000 25.000000 25.000000 25.000000 25.000000 25.000000 25.000000 25.000000 25.000000 25.000000 25.000000 25.000000 25.000000 25.000000 25.000000 25.000000 25.000000 25.000000 25.000000 25.000000 25.000000 25.000000 25.000000 25.000000 25.000000 25.000000 25.000000 25.000000 25.000000 25.000000 25.000000 25.000000 25.000000 25.000000 25.000000 25.000000 25.000000 25.000000 25.000000 25.000000 25.000000 25.000000 25.000000 25.000000 25.000000 25.000000 25.000000 25.000000 25.000000 25.000000 25.000000 25.000000 25.000000 25.000000 25.000000 25.000000 25.000000 25.000000 25.000000 25.000000 25.000000 25.000000 25.000000 25.000000 25.000000 25.000000 25.000000 25.000000 25.000000 25.000000 25.000000 25.000000 25.000000 25.000000 25.000000 25.000000 25.000000 25.000000 25.000000 25.000000 25.000000 25.000000 25.000000 25.000000 25.000000 25.000000 25.000000 25.000000 25.000000 25.000000 25.000000 25.000000 25.000000 25.000000 25.000000 25.000000 25.000000 25.000000 25.000000 25.000000 25.000000 25.000000 25.000000 25.000000 25.000000 25.000000 25.000000 25.000000 25.000000 25.000000 25.000000 25.000000 25.000000 25.000000 25.000000 25.000000 25.000000 25.000000 25.000000 25.000000 25.000000 25.000000 25.000000 25.000000 25.000000 25.000000 25.000000 25.000000 25.000000 25.000000 25.000000 25.000000 25.000000 25.000000 25.000000 25.000000 25.000000 25.000000 25.000000 25.000000 25.000000 25.000000 25.000000 25.000000 25.000000 25.000000 25.000000 25.000000 25.000000 
25.000000 25.009678 25.019444 25.029066 25.038960 25.048553 25.058611 25.068209 25.078465 25.088097 25.098583 25.108280 25.119028 25.128817 25.139856 25.149763 25.161121 25.171167 25.182871 25.193077 25.205147 25.215532 25.227987 25.238564 25.251421 25.262199 25.275471 25.286455 25.300152 25.311346 25.325470 25.336874 25.351427 25.363031 25.378010 25.389807 25.405199 25.417173 25.432972 25.445103 25.461285 25.473553 25.490097 25.502470 25.519352 25.531799 25.548985 25.561474 25.578926 25.591413 25.609091 25.621536 25.639397 25.651752 25.669746 25.681961 25.700037 25.712059 25.730162 25.741938 25.760006 25.771481 25.789457 25.800570 25.818390 25.829084 25.846684 25.856899 25.874212 25.883890 25.900852 25.909933 25.926477 25.934906 25.950966 25.958685 25.974195 25.981153 25.996052 26.002195 26.016422 26.021706 26.035202 26.039579 26.052288 26.055721 26.067591 26.070047 26.081032 26.082476 26.092531 26.092939 26.102028 26.101383 26.109470 26.107756 26.114815 26.112022 26.118034 26.114162 26.119106 26.114159 26.118029 26.112015 26.114805 26.107742 26.109455 26.101364 26.102007 26.092916 26.092503 26.082445 26.080996 26.070007 26.067549 26.055674 26.052235 26.039520 26.035137 26.021635 26.016346 26.002113 25.995962 25.981054 25.974089 25.958569 25.950840 25.934769 25.926329 25.909775 25.900679 25.883703 25.874010 25.856680 25.846447 25.828829 25.818115 25.800276 25.789139 25.771139 25.759640 25.741543 25.729736 25.711605 25.699547 25.681438 25.669184 25.651154 25.638752 25.620850 25.608355 25.590630 25.578083 25.560579 25.548027 25.530785 25.518263 25.501318 25.488863 25.472248 25.459890 25.443630 25.431398 25.415512 25.403429 25.387938 25.376020 25.360935 25.349197 25.334528 25.322977 25.308725 25.297369 25.283535 25.272375 25.258951 25.247984 25.234961 25.224178 25.211544 25.200937 25.188675 25.178226 25.166317 25.156012 25.144432 25.134245 25.122971 25.112883 25.101883 25.091867 25.081116 25.071144 25.060606 25.050650 25.040293 25.030323 25.020113 25.010096 25.000000 
25.000000 25.019444 25.038742 25.058405 25.077620 25.097572 25.116762 25.137077 25.156307 25.177052 25.196381 25.217617 25.237104 25.258894 25.278591 25.300993 25.320950 25.344015 25.364273 25.388050 25.408648 25.433178 25.454144 25.479467 25.500826 25.526966 25.548735 25.575714 25.597902 25.625736 25.648342 25.677034 25.700052 25.729599 25.753012 25.783400 25.807184 25.838394 25.862514 25.894512 25.918928 25.951675 25.976334 26.009781 26.034620 26.068710 26.093666 26.128328 26.153324 26.188482 26.213434 26.249001 26.273823 26.309706 26.334297 26.370396 26.394657 26.430866 26.454687 26.490889 26.514162 26.550238 26.572847 26.608677 26.630507 26.665958 26.686890 26.721836 26.741749 26.776058 26.794838 26.828375 26.845905 26.878538 26.894707 26.926306 26.941002 26.971439 26.984560 27.013712 27.025154 27.052902 27.062578 27.088806 27.096632 27.121231 27.127132 27.150005 27.153915 27.174973 27.176832 27.195993 27.195761 27.212952 27.210592 27.225752 27.221245 27.234325 27.227659 27.238621 27.229797 27.238617 27.227650 27.234312 27.221224 27.225727 27.210562 27.212914 27.195719 27.195944 27.176779 27.174910 27.153845 27.149927 27.127047 27.121136 27.096525 27.088690 27.062450 27.052763 27.025003 27.013546 26.984379 26.971245 26.940788 26.926075 26.894455 26.878265 26.845610 26.828054 26.794493 26.775682 26.741346 26.721397 26.686419 26.665449 26.629959 26.608086 26.572214 26.549555 26.513428 26.490097 26.453840 26.429953 26.393682 26.369347 26.333178 26.308500 26.272539 26.247622 26.211966 26.186905 26.151649 26.126532 26.091761 26.066668 26.032455 26.007462 25.973879 25.949051 25.916151 25.891548 25.859383 25.835052 25.803658 25.779644 25.749052 25.725384 25.695614 25.672314 25.643379 25.620464 25.592365 25.569841 25.542570 25.520437 25.493979 25.472225 25.446560 25.425163 25.400261 25.379200 25.355022 25.334267 25.310772 25.290277 25.267418 25.247145 25.224865 25.204762 25.183006 25.163019 25.141726 25.121799 25.100903 25.080976 25.060408 25.040419 25.020113 25.000000 
25.000000 25.029066 25.058405 25.087296 25.117018 25.145828 25.176041 25.204863 25.235670 25.264597 25.296095 25.325216 25.357502 25.386898 25.420059 25.449810 25.483929 25.514099 25.549253 25.579906 25.616159 25.647346 25.684759 25.716520 25.755142 25.787506 25.827374 25.860361 25.901501 25.935120 25.977545 26.011789 26.055502 26.090353 26.135340 26.170769 26.217005 26.252964 26.300411 26.336847 26.385450 26.422289 26.471983 26.509142 26.559843 26.597229 26.648844 26.686348 26.738764 26.776268 26.829365 26.866739 26.920382 26.957485 27.011530 27.048214 27.102503 27.138611 27.192978 27.228344 27.282612 27.317070 27.371059 27.404434 27.457956 27.490070 27.542931 27.573608 27.625608 27.654673 27.705614 27.732889 27.782574 27.807888 27.856117 27.879303 27.925884 27.946781 27.991526 28.009981 28.052704 28.068573 28.109100 28.122253 28.160416 28.170734 28.206379 28.213755 28.246740 28.251081 28.281277 28.282509 28.309801 28.307865 28.332151 28.327003 28.348204 28.339821 28.357868 28.346245 28.361092 28.346237 28.357855 28.339798 28.348175 28.326965 28.332106 28.307810 28.309736 28.282436 28.281193 28.250988 28.246634 28.213638 28.206249 28.170591 28.160257 28.122080 28.108908 28.068363 28.052475 28.009731 27.991255 27.946486 27.925564 27.878956 27.855740 27.807478 27.782129 27.732409 27.705093 27.654110 27.624998 27.572954 27.542221 27.489309 27.457132 27.403551 27.370104 27.316048 27.281507 27.227161 27.191700 27.137245 27.101032 27.046646 27.009842 26.955687 26.918446 26.864677 26.827150 26.773914 26.736237 26.683666 26.645966 26.594179 26.556576 26.505680 26.468279 26.418369 26.381262 26.332418 26.295687 26.247974 26.211685 26.165155 26.129364 26.084057 26.048805 26.004742 25.970057 25.927248 25.893147 25.851589 25.818075 25.777752 25.744816 25.705698 25.673319 25.635370 25.603514 25.566683 25.535305 25.499531 25.468580 25.433796 25.403210 25.369339 25.339046 25.306005 25.275930 25.243629 25.213686 25.182030 25.152132 25.121021 25.091076 25.060410 25.030323 25.000000 
25.000000 25.038960 25.077620 25.117018 25.155504 25.195488 25.233931 25.274637 25.313158 25.354725 25.393444 25.435999 25.475035 25.518698 25.558155 25.603043 25.643017 25.689236 25.729815 25.777458 25.818716 25.867870 25.909868 25.960606 26.003391 26.055767 26.099375 26.153431 26.197878 26.253645 26.298931 26.356415 26.402527 26.461723 26.508627 26.569510 26.617157 26.679684 26.728004 26.792110 26.841021 26.906630 26.956026 27.023035 27.072798 27.141090 27.191088 27.260527 27.310602 27.381033 27.431025 27.502275 27.552002 27.623886 27.673153 27.745470 27.794073 27.866608 27.914333 27.986855 28.033480 28.105749 28.151047 28.222818 28.266554 28.337570 28.379507 28.449509 28.489408 28.558132 28.595760 28.662937 28.698063 28.763430 28.795826 28.859121 28.888569 28.949537 28.975826 29.034218 29.057152 29.112726 29.132120 29.184650 29.200338 29.249609 29.261440 29.307253 29.315092 29.357267 29.361004 29.399376 29.398922 29.433348 29.428635 29.458992 29.449974 29.476166 29.462824 29.484774 29.467108 29.484764 29.462803 29.476137 29.449934 29.458942 29.428572 29.433275 29.398838 29.399277 29.360893 29.357140 29.314953 29.307096 29.261267 29.249418 29.200129 29.184420 29.131866 29.112448 29.056847 29.033886 28.975464 28.949142 28.888142 28.858656 28.795322 28.762882 28.697472 28.662294 28.595066 28.557379 28.488600 28.448631 28.378565 28.336550 28.265457 28.221634 28.149776 28.104378 28.032011 27.985268 27.912636 27.864779 27.792120 27.743366 27.670910 27.621471 27.549429 27.499512 27.428083 27.377874 27.307247 27.256926 27.187267 27.136997 27.068460 27.018391 26.951107 26.901371 26.835459 26.786171 26.721727 26.672989 26.610090 26.561983 26.500690 26.453278 26.393633 26.346960 26.288986 26.243084 26.186785 26.141665 26.087025 26.042685 25.989674 25.946095 25.894670 25.851810 25.801914 25.759726 25.711283 25.669701 25.622625 25.581572 25.535767 25.495153 25.450514 25.410244 25.366650 25.326614 25.283945 25.244028 25.202156 25.162237 25.121027 25.080982 25.040298 25.000000 
25.000000 25.048553 25.097572 25.145828 25.195488 25.243608 25.294088 25.342230 25.393702 25.442019 25.494644 25.543285 25.597225 25.646328 25.701729 25.751421 25.808424 25.858820 25.917549 25.968748 26.029316 26.081408 26.143911 26.196962 26.261484 26.315544 26.382145 26.437246 26.505974 26.562128 26.632999 26.690201 26.763222 26.821436 26.896585 26.955765 27.033001 27.093067 27.172325 27.233185 27.314373 27.375910 27.458916 27.520990 27.605679 27.668131 27.754343 27.816992 27.904543 27.967194 28.055880 28.118313 28.207912 28.269894 28.360161 28.421442 28.512117 28.572435 28.663239 28.722322 28.812962 28.870527 28.960697 29.016453 29.105841 29.159494 29.247774 29.299028 29.385874 29.434431 29.519508 29.565079 29.648054 29.690350 29.770895 29.809637 29.887426 29.922346 29.997066 30.027908 30.099249 30.125776 30.193447 30.215437 30.279161 30.296415 30.355932 30.368273 30.423347 30.430620 30.481033 30.483114 30.528675 30.525463 30.566008 30.557432 30.592819 30.578842 30.608963 30.589569 30.614347 30.589558 30.608940 30.578804 30.592770 30.557367 30.565929 30.525372 30.528568 30.482990 30.480894 30.430464 30.423170 30.368078 30.355715 30.296175 30.278896 30.215147 30.193129 30.125427 30.098867 30.027493 29.996613 29.921854 29.886890 29.809057 29.770262 29.689667 29.647310 29.564278 29.518637 29.433495 29.384855 29.297935 29.246590 29.158222 29.104464 29.014977 28.959099 28.868814 28.811113 28.720345 28.661106 28.570156 28.509661 28.418821 28.357340 28.266886 28.204678 28.114870 28.052179 27.963261 27.900320 27.812510 27.749535 27.663034 27.600218 27.515207 27.452728 27.369360 27.307375 27.225786 27.164429 27.084730 27.024113 26.946386 26.886604 26.810915 26.752033 26.678423 26.620489 26.548975 26.492016 26.422590 26.366611 26.299248 26.244234 26.178885 26.124800 26.061401 26.008188 25.946657 25.894247 25.834482 25.782782 25.724672 25.673580 25.616993 25.566395 25.511192 25.460957 25.406990 25.356974 25.304087 25.254145 25.202171 25.152149 25.100920 25.050659 25.000000 
25.000000 25.058611 25.116762 25.176041 25.233931 25.294088 25.351910 25.413157 25.471098 25.533634 25.591875 25.655897 25.714613 25.780304 25.839651 25.907185 25.967312 26.036846 26.097883 26.169561 26.231619 26.305567 26.368738 26.445066 26.509424 26.588215 26.653809 26.735128 26.801983 26.885872 26.953993 27.040464 27.109825 27.198872 27.269424 27.361008 27.432676 27.526728 27.599413 27.695841 27.769413 27.868099 27.942404 28.043194 28.118053 28.220770 28.295979 28.400419 28.475750 28.581680 28.656883 28.764046 28.838850 28.946966 29.021080 29.129843 29.202961 29.312046 29.383846 29.492912 29.563059 29.671743 29.739895 29.847828 29.913628 30.020426 30.083521 30.188791 30.248825 30.352169 30.408789 30.509806 30.562662 30.660955 30.709707 30.804882 30.849199 30.940872 30.980442 31.068237 31.102762 31.186317 31.215521 31.294497 31.318125 31.392200 31.410025 31.478899 31.490723 31.554123 31.559776 31.617456 31.616808 31.668550 31.661497 31.707123 31.693594 31.732952 31.712919 31.745897 31.719362 31.745884 31.712889 31.732908 31.693533 31.707047 31.661404 31.668440 31.616680 31.617308 31.559610 31.553932 31.490513 31.478662 31.409765 31.391911 31.317808 31.294147 31.215137 31.185900 31.102303 31.067738 30.979897 30.940279 30.848557 30.804182 30.708948 30.660130 30.561771 30.508839 30.407745 30.351036 30.247608 30.187469 30.082104 30.018888 29.911980 29.846045 29.737982 29.669680 29.560846 29.490524 29.381294 29.309294 29.200022 29.126677 29.017704 28.943331 28.834980 28.759886 28.652458 28.576927 28.470701 28.395002 28.290232 28.214609 28.111523 28.036203 27.935003 27.860186 27.761044 27.686905 27.589970 27.516657 27.422045 27.349682 27.257483 27.186165 27.096443 27.026239 26.939030 26.869986 26.785292 26.717424 26.635227 26.568533 26.488787 26.423233 26.345875 26.281406 26.206343 26.142883 26.070004 26.007458 25.936636 25.874884 25.805975 25.744884 25.677725 25.617149 25.551565 25.491343 25.427151 25.367107 25.304111 25.244066 25.182068 25.121830 25.060623 25.000000 
25.000000 25.068209 25.137077 25.204863 25.274637 25.342230 25.413157 25.480780 25.553097 25.620966 25.694906 25.763231 25.839014 25.907988 25.985825 26.055624 26.135710 26.206499 26.289007 26.360928 26.446020 26.519190 26.607000 26.681520 26.772161 26.848099 26.941662 27.019062 27.115606 27.194487 27.294046 27.374395 27.476971 27.558744 27.664310 27.747438 27.855930 27.940310 28.051636 28.137131 28.251167 28.337614 28.454203 28.541405 28.660353 28.748087 28.869171 28.957186 29.080149 29.168163 29.292721 29.380432 29.506268 29.593346 29.720118 29.806213 29.933554 30.018299 30.145819 30.228830 30.356115 30.436998 30.563622 30.641966 30.767487 30.842878 30.966843 31.038864 31.160810 31.229048 31.348507 31.412550 31.529058 31.588503 31.701593 31.756048 31.865267 31.914354 32.019260 32.062622 32.162777 32.200081 32.295082 32.326015 32.415470 32.439751 32.523296 32.540676 32.617981 32.628246 32.699005 32.701973 32.765915 32.761456 32.818352 32.806358 32.856010 32.836426 32.878685 32.851494 32.886246 32.851479 32.878651 32.836372 32.855938 32.806267 32.818241 32.761326 32.765766 32.701801 32.698807 32.628025 32.617733 32.540405 32.522991 32.439415 32.415096 32.325607 32.294632 32.199593 32.162243 32.062035 32.018623 31.913662 31.864513 31.755232 31.700705 31.587542 31.528013 31.411423 31.347284 31.227730 31.159380 31.037329 30.965178 30.841089 30.765551 30.639889 30.561378 30.434593 30.353521 30.226053 30.142822 30.015099 29.930101 29.802530 29.716150 29.589119 29.501720 29.375593 29.287521 29.162638 29.074215 28.950886 28.862415 28.740925 28.652679 28.533278 28.445507 28.328411 28.241335 28.126736 28.040543 27.928593 27.843441 27.734262 27.650282 27.543964 27.461250 27.357849 27.276468 27.176010 27.095997 26.998470 26.919836 26.825203 26.747925 26.656122 26.580147 26.491083 26.416334 26.329891 26.256268 26.172306 26.099684 26.018044 25.946276 25.866776 25.795698 25.718143 25.647575 25.571756 25.501499 25.427193 25.357040 25.284018 25.213751 25.141775 25.071171 25.000000 
25.000000 25.078465 25.156307 25.235670 25.313158 25.393702 25.471098 25.553097 25.630653 25.714378 25.792339 25.878050 25.956644 26.044588 26.124029 26.214439 26.294922 26.388010 26.469709 26.565666 26.648733 26.747726 26.832287 26.934462 27.020609 27.126080 27.213882 27.322735 27.412228 27.524517 27.615702 27.731447 27.824295 27.943483 28.037926 28.160505 28.256445 28.382328 28.479626 28.608686 28.707174 28.839251 28.938721 29.073612 29.173824 29.311293 29.411976 29.551746 29.652594 29.794355 29.895035 30.038443 30.138588 30.283266 30.382492 30.528032 30.625927 30.771896 30.868027 31.013968 31.107889 31.253317 31.344568 31.488985 31.577093 31.719988 31.804478 31.945324 32.025719 32.163982 32.239811 32.374962 32.445751 32.577255 32.642555 32.769878 32.829247 32.951881 33.004898 33.122337 33.168606 33.280373 33.319519 33.425152 33.456837 33.555912 33.579830 33.671940 33.687832 33.772614 33.780251 33.857376 33.856579 33.925758 33.916389 33.977379 33.959343 34.011948 33.985207 34.029274 33.993832 34.029255 33.985168 34.011890 33.959263 33.977276 33.916264 33.925610 33.856407 33.857178 33.780029 33.772362 33.687553 33.671627 33.579487 33.555523 33.456413 33.424683 33.319004 33.279808 33.167992 33.121670 33.004166 32.951088 32.828384 32.768940 32.641541 32.576149 32.444561 32.373665 32.238415 32.162468 32.024090 31.943556 31.802578 31.717932 31.574884 31.486599 31.342009 31.250553 31.104929 31.010773 30.864613 30.768213 30.621992 30.523794 30.377972 30.278400 30.133408 30.032871 29.889111 29.787991 29.645834 29.544493 29.404280 29.303045 29.165083 29.064255 28.928812 28.828657 28.695969 28.596720 28.466982 28.368841 28.242210 28.145342 28.021938 27.926470 27.806377 27.712404 27.595669 27.503246 27.389877 27.299032 27.189005 27.099728 26.992981 26.905231 26.801676 26.715378 26.614895 26.529947 26.432388 26.348661 26.253855 26.171194 26.078943 25.997169 25.907259 25.826174 25.738373 25.657761 25.571821 25.491447 25.407110 25.326733 25.243731 25.163095 25.081156 25.000000 
25.000000 25.088097 25.177052 25.264597 25.354725 25.442019 25.533634 25.620966 25.714378 25.802031 25.897535 25.985777 26.083662 26.172739 26.273275 26.363420 26.466858 26.558281 26.664846 26.757730 26.867630 26.962128 27.075537 27.171776 27.288839 27.386913 27.507746 27.607708 27.732388 27.834263 27.962831 28.066605 28.199066 28.304680 28.440998 28.548363 28.688457 28.797438 28.941191 29.051611 29.198860 29.310513 29.461050 29.573681 29.727262 29.840584 29.996918 30.110601 30.269360 30.383045 30.543858 30.657152 30.819609 30.932091 31.095751 31.206968 31.371359 31.480835 31.645452 31.752689 31.917002 32.021492 32.184944 32.286160 32.448189 32.545593 32.705605 32.798664 32.956062 33.044239 33.198421 33.281185 33.431553 33.508381 33.654335 33.724720 33.865673 33.929131 34.064507 34.120575 34.249821 34.298065 34.420650 34.460670 34.576092 34.607529 34.715321 34.737846 34.837574 34.850914 34.942188 34.946114 35.028587 35.022919 35.096291 35.080894 35.144913 35.119720 35.174191 35.139175 35.183952 35.139153 35.174145 35.119652 35.144821 35.080776 35.096146 35.022751 35.028393 34.945892 34.941936 34.850632 34.837254 34.737492 34.714924 34.607094 34.575611 34.460144 34.420071 34.297428 34.249126 34.119816 34.063686 33.928234 33.864700 33.723663 33.653187 33.507137 33.430202 33.279728 33.196842 33.042534 32.954216 32.796677 32.703453 32.543282 32.445686 32.283478 32.182049 32.018387 31.913651 31.749102 31.641581 31.476698 31.366901 31.202209 31.090628 30.926630 30.813736 30.650902 30.537138 30.375906 30.261692 30.102465 29.988190 29.831329 29.717352 29.563181 29.449818 29.298624 29.186157 29.038183 28.926857 28.782303 28.672323 28.531343 28.422878 28.285587 28.178759 28.045231 27.940126 27.810392 27.707058 27.581106 27.479551 27.357336 27.257530 27.138969 27.040848 26.925821 26.829283 26.717640 26.622555 26.514114 26.420324 26.314877 26.222191 26.119507 26.027712 25.927540 25.836399 25.738468 25.647732 25.551754 25.461151 25.366833 25.276081 25.183115 25.091925 25.000000 
25.000000 25.098583 25.196381 25.296095 25.393444 25.494644 25.591875 25.694906 25.792339 25.897535 25.995478 26.103167 26.201904 26.312399 26.412199 26.525787 26.626898 26.743849 26.846489 26.967039 27.071396 27.195763 27.301992 27.430353 27.538578 27.671076 27.781382 27.918125 28.030554 28.171608 28.286167 28.431559 28.548204 28.697918 28.816570 28.970537 29.091072 29.249184 29.371428 29.533525 29.657265 29.823147 29.948122 30.117535 30.243446 30.416090 30.542595 30.718122 30.844837 31.022863 31.149364 31.329454 31.455292 31.636969 31.761654 31.944410 32.067425 32.250717 32.371517 32.554768 32.672794 32.855396 32.970074 33.151398 33.262135 33.441540 33.547737 33.724564 33.825619 33.999199 34.094521 34.264183 34.353184 34.518257 34.600365 34.760193 34.834850 34.988781 35.055466 35.202869 35.261078 35.401352 35.450619 35.583191 35.623089 35.747417 35.777569 35.893150 35.913216 36.019588 36.029289 36.126045 36.125153 36.211929 36.200272 36.276764 36.254223 36.320179 36.286705 36.341938 36.297535 36.341911 36.286655 36.320103 36.254120 36.276630 36.200111 36.211742 36.124935 36.125797 36.029007 36.019268 35.912861 35.892750 35.777130 35.746929 35.622559 35.582603 35.449974 35.400646 35.260303 35.202030 35.054546 34.987785 34.833767 34.759014 34.599087 34.516872 34.351685 34.262554 34.092766 33.997295 33.823566 33.722340 33.545345 33.438953 33.259361 33.148399 32.966858 32.851921 32.669075 32.550751 32.367226 32.246082 32.062481 31.939083 31.755972 31.630854 31.448780 31.322453 31.141920 31.014864 30.836342 30.709007 30.532923 30.405724 30.232458 30.105774 29.935669 29.809834 29.643183 29.518488 29.355537 29.232235 29.073185 28.951481 28.796480 28.676538 28.525690 28.407627 28.260992 28.144880 28.002468 27.888340 27.750120 27.637962 27.503862 27.393623 27.263529 27.155115 27.028877 26.922159 26.799591 26.694408 26.575294 26.471451 26.355547 26.252817 26.139853 26.037987 25.927671 25.826399 25.718422 25.617449 25.511484 25.410503 25.306217 25.204912 25.101961 25.000000 
25.000000 25.108280 25.217617 25.325216 25.435999 25.543285 25.655897 25.763231 25.878050 25.985777 26.103167 26.211617 26.331930 26.441406 26.564976 26.675766 26.802898 26.915258 27.046234 27.160389 27.295458 27.411598 27.550976 27.669256 27.813122 27.933655 28.082150 28.205008 28.358223 28.483435 28.641424 28.768967 28.931736 29.061544 29.229046 29.361006 29.533144 29.667091 29.843718 29.979441 30.160357 30.297592 30.482546 30.620987 30.809673 30.948965 31.141027 31.280769 31.475801 31.615549 31.813099 31.952370 32.151936 32.290211 32.491249 32.627972 32.829899 32.964489 33.166687 33.298531 33.500351 33.628819 33.829578 33.954025 34.153027 34.272797 34.469311 34.583748 34.777046 34.885487 35.074829 35.176620 35.361271 35.455772 35.634998 35.721588 35.894661 35.972740 36.138958 36.207962 36.366646 36.426041 36.576534 36.625828 36.767517 36.806267 36.938580 36.966385 37.088787 37.105309 37.217319 37.222275 37.323471 37.316639 37.406651 37.387871 37.466393 37.435574 37.502361 37.459476 37.514355 37.459450 37.502304 37.435490 37.466274 37.387726 37.406471 37.316429 37.323227 37.222000 37.217007 37.104954 37.088390 36.965946 36.938091 36.805733 36.766930 36.625179 36.575821 36.425259 36.365791 36.207031 36.137947 35.971642 35.893463 35.720287 35.633587 35.454247 35.359615 35.174828 35.072887 34.883389 34.774773 34.581303 34.466663 34.269955 34.149948 33.950729 33.826012 33.625000 33.496227 33.294117 33.161926 32.959400 32.824417 32.622120 32.484947 32.283497 32.144714 31.944685 31.804838 31.606771 31.466377 31.270763 31.130299 30.937588 30.797485 30.608078 30.468735 30.282978 30.144739 29.962931 29.826097 29.648485 29.513309 29.340084 29.206768 29.038071 28.906771 28.742691 28.613510 28.454086 28.327084 28.172306 28.047489 27.897299 27.774633 27.628927 27.508333 27.366966 27.248320 27.111109 26.994246 26.860968 26.745697 26.616095 26.502182 26.375975 26.263155 26.140032 26.028019 25.907648 25.796129 25.678160 25.566805 25.450872 25.339334 25.225065 25.112986 25.000000 
25.000000 25.119028 25.237104 25.357502 25.475035 25.597225 25.714613 25.839014 25.956644 26.083662 26.201904 26.331930 26.451134 26.584541 26.705030 26.842169 26.964241 27.105434 27.229351 27.374891 27.500879 27.651020 27.779272 27.934229 28.064892 28.224838 28.358013 28.523079 28.658819 28.829084 28.967394 29.142889 29.283724 29.464426 29.607685 29.793516 29.939047 30.129877 30.277473 30.473108 30.622515 30.822708 30.973610 31.178057 31.330091 31.538431 31.691183 31.903000 32.056007 32.270828 32.423588 32.640888 32.792850 33.012062 33.162636 33.383144 33.531704 33.752846 33.898743 34.119827 34.262379 34.482677 34.621189 34.839939 34.973694 35.190125 35.318401 35.531712 35.653793 35.863174 35.978340 36.182987 36.290527 36.489635 36.588856 36.781624 36.871861 37.057507 37.138123 37.315887 37.386276 37.555435 37.615036 37.774891 37.823189 37.973091 38.009632 38.148968 38.173344 38.301567 38.313435 38.430046 38.429127 38.533695 38.519787 38.611938 38.584900 38.664337 38.624100 38.690594 38.637173 38.690563 38.624039 38.664242 38.584774 38.611778 38.519592 38.533466 38.428864 38.429741 38.313091 38.301178 38.172909 38.148487 38.009098 37.972504 37.822544 37.774181 37.614254 37.554581 37.385342 37.314873 37.137016 37.056305 36.870552 36.780201 36.587315 36.487957 36.288715 36.181023 35.976219 35.860874 35.651314 35.529026 35.315517 35.186996 34.970341 34.836311 34.617298 34.478477 34.257885 34.114975 33.893555 33.747253 33.525730 33.376705 33.155773 33.004677 32.784988 32.632435 32.414597 32.261169 32.045746 31.891989 31.679501 31.525911 31.316822 31.163853 30.958570 30.806629 30.605509 30.454947 30.258286 30.109409 29.917446 29.770502 29.583422 29.438606 29.256535 29.113987 28.936993 28.796806 28.624903 28.487110 28.320263 28.184851 28.022970 27.889875 27.732826 27.601936 27.449535 27.320694 27.172724 27.045734 26.901928 26.776556 26.636623 26.512596 26.376209 26.253227 26.120033 25.997766 25.867395 25.745489 25.617548 25.495632 25.369717 25.247406 25.123104 25.000000 
25.000000 25.128817 25.258894 25.386898 25.518698 25.646328 25.780304 25.907988 26.044588 26.172739 26.312399 26.441406 26.584541 26.714775 26.861776 26.993572 27.144808 27.278473 27.434277 27.570076 27.730743 27.868906 28.034695 28.175404 28.346525 28.489914 28.666534 28.812691 28.994921 29.143877 29.331779 29.483511 29.677090 29.831520 30.030718 30.187710 30.392414 30.551773 30.761810 30.923283 31.138412 31.301689 31.521610 31.686325 31.910677 32.076405 32.304768 32.471031 32.702915 32.869194 33.104061 33.269779 33.507034 33.671570 33.910568 34.073265 34.313313 34.473473 34.713837 34.870735 35.110638 35.263531 35.502167 35.650280 35.886810 36.029369 36.262939 36.399155 36.628895 36.757988 36.983013 37.104206 37.323643 37.436172 37.649147 37.752274 37.957928 38.050938 38.248436 38.330658 38.519192 38.589989 38.768780 38.827568 38.995884 39.042141 39.199299 39.232544 39.377914 39.397747 39.530758 39.536839 39.656982 39.649048 39.755890 39.733753 39.826931 39.790482 39.869705 39.818905 39.883965 39.818871 39.869633 39.790375 39.826794 39.733582 39.755680 39.648800 39.656693 39.536507 39.530380 39.397324 39.377441 39.232021 39.198719 39.041500 38.995182 38.826797 38.767929 38.589058 38.518173 38.329552 38.247234 38.049629 37.956505 37.750725 37.647469 37.434353 37.321671 37.102070 36.980701 36.755489 36.626190 36.396248 36.259789 36.025986 35.883148 35.646351 35.497917 35.258984 35.105728 34.865482 34.708168 34.467419 34.306789 34.066303 33.903072 33.663582 33.498440 33.260635 33.094231 32.858749 32.691700 32.459126 32.291996 32.062866 31.896173 31.670963 31.505175 31.284298 31.119827 30.903637 30.740841 30.529633 30.368811 30.162811 30.004208 29.803587 29.647381 29.452244 29.298563 29.108955 28.957867 28.773777 28.625292 28.446653 28.300726 28.127417 27.983955 27.815800 27.674656 27.511438 27.372419 27.213875 27.076748 26.922575 26.787064 26.636925 26.502714 26.356241 26.222990 26.079788 25.947124 25.806778 25.674309 25.536385 25.403696 25.267750 25.134417 25.000000 
25.000000 25.139856 25.278591 25.420059 25.558155 25.701729 25.839651 25.985825 26.124029 26.273275 26.412199 26.564976 26.705030 26.861776 27.003342 27.164469 27.307892 27.473776 27.619370 27.790354 27.938383 28.114767 28.265457 28.447493 28.601013 28.788904 28.945377 29.139277 29.298765 29.498764 29.661274 29.867409 30.032887 30.245129 30.413458 30.631716 30.802717 31.026836 31.200270 31.430023 31.605585 31.840683 32.018005 32.258087 32.436745 32.681393 32.860897 33.109619 33.289429 33.541664 33.721191 33.976334 34.154919 34.412296 34.589260 34.848148 35.022755 35.282379 35.453857 35.713406 35.880966 36.139576 36.302391 36.559181 36.716419 36.970470 37.121281 37.371655 37.515194 37.760952 37.896374 38.136559 38.263027 38.496700 38.613407 38.839622 38.945786 39.163631 39.258495 39.467083 39.549942 39.748409 39.818607 40.006142 40.063072 40.238911 40.282032 40.445461 40.474300 40.624672 40.638828 40.775558 40.774704 40.897282 40.881172 40.989174 40.957642 41.050709 41.003685 41.081547 41.019035 41.081509 41.003609 41.050598 40.957497 40.988987 40.880947 40.897015 40.774391 40.775204 40.638424 40.624218 40.473793 40.444897 40.281406 40.238216 40.062309 40.005306 39.817688 39.747402 39.548843 39.465885 39.257195 39.162216 38.944244 38.837948 38.611591 38.494728 38.260899 38.134247 37.893875 37.758244 37.512280 37.368500 37.117886 36.966797 36.712475 36.554916 36.297821 36.134640 35.875679 35.707703 35.447762 35.275806 35.015736 34.840584 34.581196 34.403618 34.145676 33.966393 33.710617 33.530312 33.277367 33.096676 32.847168 32.666676 32.421150 32.241390 32.000328 31.821781 31.585594 31.408674 31.177715 31.002779 30.777328 30.604666 30.384941 30.214781 30.000929 29.833439 29.625544 29.460827 29.258905 29.097006 28.901012 28.741911 28.551746 28.395367 28.210873 28.057083 27.878044 27.726665 27.552822 27.403620 27.234667 27.087364 26.922956 26.777233 26.616989 26.472494 26.315998 26.172342 26.019159 25.875927 25.725599 25.582355 25.434406 25.290695 25.144642 25.000000 
25.000000 25.149763 25.300993 25.449810 25.603043 25.751421 25.907185 26.055624 26.214439 26.363420 26.525787 26.675766 26.842169 26.993572 27.164469 27.317690 27.493500 27.648893 27.830008 27.987885 28.174646 28.335272 28.527979 28.691565 28.890463 29.057167 29.262449 29.432371 29.644165 29.817345 30.035723 30.212130 30.437096 30.616642 30.848131 31.030659 31.268538 31.453817 31.697882 31.885628 32.135597 32.325443 32.580971 32.772491 33.033157 33.225864 33.491177 33.684513 33.953907 34.147263 34.420116 34.612820 34.888439 35.079773 35.357410 35.546612 35.825459 36.011719 36.290916 36.473396 36.752045 36.929874 37.207039 37.379322 37.654034 37.819866 38.091125 38.249596 38.516392 38.666588 38.927902 39.068920 39.323730 39.454689 39.701981 39.822018 40.060791 40.169086 40.398369 40.494133 40.712990 40.795486 41.003014 41.071564 41.266914 41.320900 41.503277 41.542156 41.710831 41.734127 41.888432 41.895752 42.035107 42.026142 42.150036 42.124573 42.232586 42.190491 42.282284 42.223522 42.298859 42.223480 42.282207 42.190372 42.232426 42.124374 42.149796 42.025856 42.034771 41.895370 41.887997 41.733635 41.710281 41.541546 41.502605 41.320156 41.266094 41.070663 41.002026 40.794403 40.711807 40.492847 40.396969 40.167564 40.059132 39.820221 39.700024 39.452572 39.321430 39.066441 38.925205 38.663685 38.513245 38.246212 38.087460 37.815929 37.649776 37.374752 37.202103 36.924583 36.746334 36.467285 36.284325 36.004677 35.817867 35.538513 35.348690 35.070484 34.878441 34.602180 34.408680 34.135113 33.940865 33.670662 33.476326 33.210117 33.016289 32.754623 32.561855 32.305214 32.113979 31.862778 31.673494 31.428066 31.241085 31.001701 30.817299 30.584156 30.402546 30.175768 29.997093 29.776733 29.601074 29.387119 29.214489 29.006861 28.837208 28.635763 28.468977 28.273518 28.109426 27.919699 27.758081 27.573780 27.414362 27.235136 27.077595 26.903055 26.747026 26.576744 26.421833 26.255348 26.101120 25.937952 25.783947 25.623596 25.469336 25.311285 25.156273 25.000000 
25.000000 25.161121 25.320950 25.483929 25.643017 25.808424 25.967312 26.135710 26.294922 26.466858 26.626898 26.802898 26.964241 27.144808 27.307892 27.493500 27.658726 27.849808 28.017534 28.214483 28.385017 28.588177 28.761776 28.971437 29.148300 29.364698 29.544964 29.768269 29.952011 30.182333 30.369558 30.606936 30.797581 31.041983 31.235914 31.487236 31.684250 31.942305 32.142124 32.406658 32.608936 32.879608 33.083916 33.360325 33.566174 33.847820 34.054653 34.340977 34.548168 34.838531 35.045391 35.339092 35.544880 35.841145 36.045063 36.343056 36.544266 36.843094 37.040718 37.339436 37.532551 37.830181 38.017841 38.313362 38.494602 38.786957 38.960812 39.248920 39.414406 39.697186 39.853333 40.129684 40.275532 40.544369 40.678986 40.939228 41.061710 41.312305 41.421783 41.661705 41.757370 41.985634 42.066723 42.282391 42.348213 42.550404 42.600334 42.788227 42.821720 42.994572 43.011162 43.168304 43.167610 43.308456 43.290199 43.414257 43.378250 43.485107 43.431267 43.520615 43.448940 43.520573 43.431179 43.484982 43.378082 43.414043 43.289944 43.308151 43.167252 43.167892 43.010693 42.994049 42.821133 42.787579 42.599609 42.549606 42.347332 42.281429 42.065666 41.984478 41.756107 41.660324 41.420284 41.310669 41.059933 40.937298 40.676895 40.542095 40.273075 40.127014 39.850456 39.694065 39.411049 39.245281 38.956902 38.782722 38.490059 38.308449 38.012573 37.824493 37.526459 37.332863 37.033684 36.835514 36.536175 36.334335 36.035770 35.831139 35.534225 35.327637 35.033211 34.825443 34.534267 34.326061 34.038826 33.830860 33.548199 33.341080 33.063545 32.857826 32.585896 32.382053 32.116131 31.914579 31.654987 31.456060 31.203051 31.007010 30.760752 30.567789 30.328381 30.138615 29.906076 29.719557 29.493839 29.310545 29.091530 28.911373 28.698877 28.521709 28.315489 28.141098 27.940855 27.768970 27.574354 27.404661 27.215273 27.047400 26.862803 26.696342 26.516062 26.350569 26.174101 26.009096 25.835911 25.670893 25.500448 25.334892 25.166634 25.000000 
25.000000 25.171167 25.344015 25.514099 25.689236 25.858820 26.036846 26.206499 26.388010 26.558281 26.743849 26.915258 27.105434 27.278473 27.473776 27.648893 27.849808 28.027409 28.234375 28.414816 28.628227 28.811811 29.032007 29.218975 29.446238 29.636772 29.871315 30.065529 30.307505 30.505440 30.754929 30.956558 31.213560 31.418779 31.683224 31.891853 32.163582 32.375366 32.654144 32.868748 33.154266 33.371273 33.663128 33.882053 34.179764 34.400047 34.703053 34.924061 35.231716 35.452751 35.764347 35.984642 36.299385 36.518124 36.835159 37.051464 37.369865 37.582821 37.901608 38.110252 38.428402 38.631737 38.948174 39.145187 39.458805 39.648457 39.958115 40.139370 40.443916 40.615726 40.913998 41.075333 41.366158 41.516014 41.798237 41.935627 42.208111 42.332088 42.593723 42.703396 42.953106 43.047634 43.284393 43.363003 43.585842 43.647820 43.855835 43.900558 44.092911 44.119843 44.295780 44.304470 44.463318 44.453411 44.594597 44.565845 44.688889 44.641144 44.745659 44.678875 44.764587 44.678829 44.745567 44.641006 44.688705 44.565620 44.594322 44.453083 44.462936 44.304031 44.295280 44.119286 44.092285 43.899864 43.855064 43.646969 43.584904 43.361973 43.283268 43.046402 42.951756 42.701927 42.592117 42.330349 42.206211 41.933571 41.795998 41.513596 41.363529 41.072495 40.910915 40.612408 40.440319 40.135498 39.953926 39.643955 39.453934 39.139961 38.942528 38.625687 38.421867 38.103264 37.894070 37.574764 37.361183 37.042202 36.825184 36.507500 36.287956 35.972481 35.751274 35.438858 35.216801 34.908222 34.686069 34.382038 34.160477 33.861622 33.641270 33.348141 33.129547 32.842621 32.626263 32.345921 32.132195 31.858744 31.647970 31.381638 31.174059 30.914984 30.710764 30.459011 30.258242 30.013794 29.816486 29.579258 29.385355 29.155182 28.964558 28.741215 28.553673 28.336870 28.152155 27.941545 27.759344 27.554529 27.374474 27.175005 26.996681 26.802073 26.625023 26.434752 26.258482 26.071999 25.895985 25.712717 25.536411 25.355772 25.178606 25.000000 
25.000000 25.182871 25.364273 25.549253 25.729815 25.917549 26.097883 26.289007 26.469709 26.664846 26.846489 27.046234 27.229351 27.434277 27.619370 27.830008 28.017534 28.234375 28.424742 28.648230 28.841785 29.072311 29.269348 29.507240 29.707983 29.953508 30.158113 30.411467 30.620018 30.881321 31.093826 31.363123 31.579514 31.856766 32.076893 32.361977 32.585606 32.878319 33.105137 33.405182 33.634792 33.941795 34.173710 34.487202 34.720875 35.040295 35.275085 35.599800 35.835003 36.164284 36.399120 36.732170 36.965797 37.301739 37.533253 37.871143 38.099590 38.438412 38.662796 39.001480 39.220760 39.558189 39.771294 40.106312 40.312145 40.643551 40.841015 41.167591 41.355576 41.676090 41.853489 42.166698 42.332424 42.637093 42.790089 43.084999 43.224236 43.508186 43.632690 43.904522 44.013359 44.271957 44.364273 44.608570 44.683578 44.912575 44.969563 45.182339 45.220688 45.416393 45.435570 45.613453 45.613037 45.772430 45.752094 45.892433 45.851971 45.972797 45.912106 46.013073 45.932156 46.013023 45.912010 45.972656 45.851780 45.892189 45.751801 45.772079 45.612633 45.612988 45.435043 45.415798 45.220020 45.181599 44.968742 44.911671 44.682579 44.607475 44.363075 44.270641 44.011929 43.902950 43.630985 43.506329 43.222221 43.082806 42.787716 42.634514 42.329636 42.163670 41.850220 41.672546 41.351761 41.163460 40.836575 40.638744 40.306984 40.100727 39.765312 39.551727 39.213840 38.994011 38.654812 38.429802 38.090401 37.861240 37.522697 37.290375 36.953701 36.719162 36.385284 36.149426 35.819214 35.582863 35.257114 35.021038 34.700462 34.465351 34.150578 33.917061 33.608631 33.377247 33.075623 32.846840 32.552380 32.326580 32.039577 31.817057 31.537701 31.318678 31.047075 30.831688 30.567865 30.356165 30.100069 29.892031 29.643530 29.439054 29.197941 28.996857 28.762856 28.564922 28.337694 28.142609 27.921759 27.729160 27.514235 27.323704 27.114208 26.925282 26.720678 26.532848 26.332567 26.145292 25.948736 25.761444 25.567997 25.380093 25.189125 25.000000 
