25.000000 25.000000 25.000000 25.000000 25.000000 25.000000 25.000000 25.000000 25.000000 25.000000 25.000000 25.000000 25.000000 25.000000 25.000000 25.000000 25.000000 25.000000 25.000000 25.000000 25.000000 25.000000 25.000000 25.000000 25.000000 25.000000 25.000000 25.000000 25.000000 25.000000 25.000000 25.000000 25.000000 25.000000 25.000000 25.000000 25.000000 25.000000 25.000000 25.000000 25.000000 25.000000 25.000000 25.000000 25.000000 25.000000 25.000000 25.000000 25.000000 25.000000 25.000000 25.000000 25.000000 25.000000 25.000000 25.000000 25.000000 25.000000 25.000000 25.000000 25.000000 25.000000 25.000000 25.000000 25.000000 25.000000 25.000000 25.000000 25.000000 25.000000 25.000000 25.000000 25.000000 25.000000 25.000000 25.000000 25.000000 25.000000 25.000000 25.000000 25.000000 25.000000 25.000000 25.000000 25.000000 25.000000 25.000000 25.000000 25.000000 25.000000 25.000000 25.000000 25.000000 25.000000 25.000000 25.000000 25.000000 25.000000 25.000000 25.000000 25.000000 25.000000 25.000000 25.000000 25.000000 25.000000 25.000000 25.000000 25.000000 25.000000 25.000000 25.000000 25.000000 25.000000 25.000000 25.000000 25.000000 25.000000 25.000000 25.000000 25.000000 25.000000 25.000000 25.000000 25.000000 25.000000 25.000000 25.000000 25.000000 25.000000 25.000000 25.000000 25.000000 25.000000 25.000000 25.000000 25.000000 25.000000 25.000000 25.000000 25.000000 25.000000 25.000000 25.000000 25.000000 25.000000 25.000000 25.000000 25.000000 25.000000 25.000000 25.000000 25.000000 25.000000 25.000000 25.000000 25.000000 25.000000 25.000000 25.000000 25.000000 25.000000 25.000000 25.000000 25.000000 25.000000 25.000000 25.000000 25.000000 25.000000 25.000000 25.000000 25.000000 25.000000 25.000000 25.000000 25.000000 25.000000 25.000000 25.000000 25.000000 25.000000 25.000000 25.000000 25.000000 25.000000 25.000000 25.000000 25.000000 25.000000 25.000000 25.000000 25.000000 25.000000 25.000000 25.000000 25.000000 25.000000 25.000000 25.000000 
25.000000 25.000000 25.000000 25.000000 25.000000 25.000002 25.000004 25.000006 25.000008 25.000011 25.000015 25.000021 25.000027 25.000032 25.000038 25.000046 25.000055 25.000067 25.000078 25.000092 25.000107 25.000124 25.000143 25.000164 25.000191 25.000217 25.000250 25.000282 25.000324 25.000366 25.000418 25.000469 25.000532 25.000595 25.000673 25.000748 25.000843 25.000935 25.001049 25.001158 25.001295 25.001423 25.001585 25.001736 25.001925 25.002100 25.002321 25.002523 25.002779 25.003010 25.003302 25.003565 25.003895 25.004189 25.004564 25.004885 25.005308 25.005659 25.006130 25.006510 25.007030 25.007435 25.008007 25.008434 25.009058 25.009502 25.010176 25.010632 25.011353 25.011816 25.012581 25.013042 25.013847 25.014301 25.015139 25.015575 25.016439 25.016850 25.017733 25.018108 25.019001 25.019333 25.020226 25.020502 25.021387 25.021601 25.022465 25.022610 25.023443 25.023512 25.024302 25.024288 25.025030 25.024929 25.025608 25.025421 25.026031 25.025753 25.026287 25.025923 25.026373 25.025923 25.026287 25.025753 25.026031 25.025421 25.025608 25.024929 25.025030 25.024288 25.024302 25.023512 25.023443 25.022610 25.022465 25.021601 25.021387 25.020502 25.020226 25.019333 25.019001 25.018108 25.017733 25.016850 25.016439 25.015575 25.015139 25.014301 25.013847 25.013042 25.012581 25.011816 25.011353 25.010632 25.010176 25.009502 25.009058 25.008434 25.008007 25.007435 25.007030 25.006510 25.006130 25.005659 25.005308 25.004885 25.004564 25.004189 25.003895 25.003565 25.003302 25.003010 25.002779 25.002523 25.002321 25.002100 25.001925 25.001736 25.001585 25.001423 25.001295 25.001158 25.001049 25.000935 25.000843 25.000748 25.000673 25.000595 25.000532 25.000469 25.000418 25.000366 25.000324 25.000282 25.000250 25.000217 25.000191 25.000164 25.000143 25.000124 25.000107 25.000092 25.000078 25.000067 25.000055 25.000046 25.000038 25.000032 25.000027 25.000021 25.000015 25.000011 25.000008 25.000006 25.000004 25.000002 25.000000 25.000000 25.000000 25.000000 
25.000000 25.000000 25.000000 25.000000 25.000002 25.000004 25.000010 25.000013 25.000019 25.000025 25.000032 25.000044 25.000053 25.000067 25.000078 25.000095 25.000114 25.000135 25.000158 25.000185 25.000216 25.000252 25.000290 25.000336 25.000383 25.000443 25.000504 25.000578 25.000652 25.000748 25.000841 25.000957 25.001072 25.001213 25.001352 25.001528 25.001696 25.001907 25.002108 25.002361 25.002600 25.002901 25.003183 25.003536 25.003866 25.004280 25.004662 25.005142 25.005581 25.006134 25.006632 25.007261 25.007820 25.008535 25.009157 25.009964 25.010643 25.011547 25.012285 25.013288 25.014080 25.015186 25.016026 25.017237 25.018116 25.019430 25.020338 25.021751 25.022678 25.024183 25.025118 25.026707 25.027632 25.029295 25.030193 25.031919 25.032774 25.034544 25.035337 25.037138 25.037851 25.039660 25.040274 25.042074 25.042572 25.044340 25.044704 25.046423 25.046638 25.048281 25.048338 25.049889 25.049774 25.051210 25.050920 25.052225 25.051754 25.052912 25.052263 25.053259 25.052433 25.053259 25.052263 25.052912 25.051754 25.052225 25.050920 25.051210 25.049774 25.049889 25.048338 25.048281 25.046638 25.046423 25.044704 25.044340 25.042572 25.042074 25.040274 25.039660 25.037851 25.037138 25.035337 25.034544 25.032774 25.031919 25.030193 25.029295 25.027632 25.026707 25.025118 25.024183 25.022678 25.021751 25.020338 25.019430 25.018116 25.017237 25.016026 25.015186 25.014080 25.013288 25.012285 25.011547 25.010643 25.009964 25.009157 25.008535 25.007820 25.007261 25.006632 25.006134 25.005581 25.005142 25.004662 25.004280 25.003866 25.003536 25.003183 25.002901 25.002600 25.002361 25.002108 25.001907 25.001696 25.001528 25.001352 25.001213 25.001072 25.000957 25.000841 25.000748 25.000652 25.000578 25.000504 25.000443 25.000383 25.000336 25.000290 25.000252 25.000216 25.000185 25.000158 25.000135 25.000114 25.000095 25.000078 25.000067 25.000053 25.000044 25.000032 25.000025 25.000019 25.000013 25.000010 25.000004 25.000002 25.000000 25.000000 25.000000 
25.000000 25.000000 25.000000 25.000002 25.000004 25.000010 25.000015 25.000023 25.000031 25.000042 25.000053 25.000067 25.000084 25.000101 25.000124 25.000147 25.000177 25.000208 25.000244 25.000284 25.000334 25.000385 25.000448 25.000513 25.000593 25.000675 25.000778 25.000881 25.001009 25.001137 25.001297 25.001455 25.001652 25.001844 25.002087 25.002321 25.002615 25.002895 25.003248 25.003586 25.004005 25.004404 25.004904 25.005369 25.005955 25.006498 25.007179 25.007805 25.008593 25.009308 25.010210 25.011015 25.012043 25.012941 25.014105 25.015097 25.016403 25.017485 25.018942 25.020107 25.021721 25.022964 25.024736 25.026047 25.027977 25.029341 25.031424 25.032827 25.035055 25.036478 25.038841 25.040262 25.042747 25.044140 25.046728 25.048067 25.050739 25.051998 25.054726 25.055878 25.058634 25.059650 25.062407 25.063257 25.065983 25.066645 25.069307 25.069752 25.072319 25.072531 25.074966 25.074928 25.077206 25.076902 25.078991 25.078415 25.080292 25.079439 25.081083 25.079958 25.081348 25.079958 25.081083 25.079439 25.080292 25.078415 25.078991 25.076902 25.077206 25.074928 25.074966 25.072531 25.072319 25.069752 25.069307 25.066645 25.065983 25.063257 25.062407 25.059650 25.058634 25.055878 25.054726 25.051998 25.050739 25.048067 25.046728 25.044140 25.042747 25.040262 25.038841 25.036478 25.035055 25.032827 25.031424 25.029341 25.027977 25.026047 25.024736 25.022964 25.021721 25.020107 25.018942 25.017485 25.016403 25.015097 25.014105 25.012941 25.012043 25.011015 25.010210 25.009308 25.008593 25.007805 25.007179 25.006498 25.005955 25.005369 25.004904 25.004404 25.004005 25.003586 25.003248 25.002895 25.002615 25.002321 25.002087 25.001844 25.001652 25.001455 25.001297 25.001137 25.001009 25.000881 25.000778 25.000675 25.000593 25.000513 25.000448 25.000385 25.000334 25.000284 25.000244 25.000208 25.000177 25.000147 25.000124 25.000101 25.000084 25.000067 25.000053 25.000042 25.000031 25.000023 25.000015 25.000010 25.000004 25.000002 25.000000 25.000000 
25.000000 25.000000 25.000002 25.000004 25.000010 25.000015 25.000025 25.000032 25.000046 25.000059 25.000076 25.000095 25.000116 25.000143 25.000172 25.000206 25.000242 25.000288 25.000336 25.000395 25.000456 25.000532 25.000612 25.000710 25.000811 25.000935 25.001060 25.001219 25.001375 25.001572 25.001768 25.002010 25.002249 25.002548 25.002840 25.003204 25.003557 25.003998 25.004419 25.004948 25.005449 25.006075 25.006666 25.007406 25.008095 25.008961 25.009758 25.010761 25.011677 25.012831 25.013868 25.015186 25.016348 25.017847 25.019136 25.020824 25.022238 25.024130 25.025661 25.027763 25.029408 25.031723 25.033466 25.035997 25.037823 25.040565 25.042456 25.045404 25.047335 25.050472 25.052416 25.055729 25.057653 25.061121 25.062990 25.066584 25.068361 25.072050 25.073700 25.077448 25.078932 25.082697 25.083977 25.087721 25.088758 25.092438 25.093199 25.096769 25.097225 25.100639 25.100763 25.103981 25.103752 25.106731 25.106136 25.108843 25.107872 25.110271 25.108925 25.110994 25.109280 25.110994 25.108925 25.110271 25.107872 25.108843 25.106136 25.106731 25.103752 25.103981 25.100763 25.100639 25.097225 25.096769 25.093199 25.092438 25.088758 25.087721 25.083977 25.082697 25.078932 25.077448 25.073700 25.072050 25.068361 25.066584 25.062990 25.061121 25.057653 25.055729 25.052416 25.050472 25.047335 25.045404 25.042456 25.040565 25.037823 25.035997 25.033466 25.031723 25.029408 25.027763 25.025661 25.024130 25.022238 25.020824 25.019136 25.017847 25.016348 25.015186 25.013868 25.012831 25.011677 25.010761 25.009758 25.008961 25.008095 25.007406 25.006666 25.006075 25.005449 25.004948 25.004419 25.003998 25.003557 25.003204 25.002840 25.002548 25.002249 25.002010 25.001768 25.001572 25.001375 25.001219 25.001060 25.000935 25.000811 25.000710 25.000612 25.000532 25.000456 25.000395 25.000336 25.000288 25.000242 25.000206 25.000170 25.000143 25.000116 25.000095 25.000076 25.000059 25.000046 25.000032 25.000025 25.000015 25.000010 25.000004 25.000002 25.000000 
25.000000 25.000002 25.000004 25.000010 25.000015 25.000025 25.000034 25.000048 25.000061 25.000080 25.000101 25.000126 25.000156 25.000187 25.000227 25.000269 25.000320 25.000374 25.000441 25.000511 25.000599 25.000689 25.000801 25.000917 25.001059 25.001205 25.001387 25.001570 25.001797 25.002024 25.002306 25.002586 25.002934 25.003277 25.003702 25.004120 25.004637 25.005136 25.005758 25.006353 25.007095 25.007801 25.008680 25.009504 25.010538 25.011497 25.012701 25.013805 25.015194 25.016453 25.018044 25.019463 25.021278 25.022856 25.024912 25.026653 25.028963 25.030861 25.033434 25.035480 25.038330 25.040512 25.043638 25.045938 25.049339 25.051735 25.055403 25.057869 25.061790 25.064291 25.068449 25.070944 25.075314 25.077763 25.082312 25.084667 25.089359 25.091576 25.096365 25.098391 25.103230 25.105019 25.109854 25.111355 25.116135 25.117302 25.121967 25.122761 25.127256 25.127640 25.131907 25.131849 25.135834 25.135313 25.138969 25.137970 25.141253 25.139769 25.142639 25.140678 25.143105 25.140678 25.142639 25.139769 25.141253 25.137970 25.138969 25.135313 25.135834 25.131849 25.131907 25.127640 25.127256 25.122761 25.121967 25.117302 25.116135 25.111355 25.109854 25.105019 25.103230 25.098391 25.096365 25.091576 25.089359 25.084667 25.082312 25.077763 25.075314 25.070944 25.068449 25.064291 25.061790 25.057869 25.055403 25.051735 25.049339 25.045938 25.043638 25.040512 25.038330 25.035480 25.033434 25.030861 25.028963 25.026653 25.024912 25.022856 25.021278 25.019463 25.018044 25.016453 25.015194 25.013805 25.012701 25.011497 25.010538 25.009504 25.008680 25.007801 25.007095 25.006353 25.005758 25.005136 25.004637 25.004120 25.003702 25.003277 25.002934 25.002586 25.002306 25.002024 25.001797 25.001570 25.001387 25.001205 25.001059 25.000917 25.000801 25.000689 25.000599 25.000511 25.000441 25.000374 25.000320 25.000269 25.000227 25.000187 25.000156 25.000126 25.000101 25.000080 25.000061 25.000048 25.000034 25.000025 25.000015 25.000010 25.000004 25.000000 
25.000000 25.000004 25.000010 25.000015 25.000025 25.000034 25.000048 25.000063 25.000082 25.000105 25.000132 25.000164 25.000198 25.000242 25.000286 25.000343 25.000402 25.000477 25.000553 25.000648 25.000750 25.000872 25.001001 25.001158 25.001322 25.001522 25.001728 25.001980 25.002235 25.002552 25.002869 25.003260 25.003649 25.004129 25.004602 25.005188 25.005758 25.006466 25.007147 25.007998 25.008806 25.009815 25.010767 25.011957 25.013067 25.014460 25.015743 25.017357 25.018827 25.020683 25.022348 25.024471 25.026335 25.028746 25.030811 25.033529 25.035793 25.038836 25.041290 25.044666 25.047300 25.051020 25.053812 25.057873 25.060801 25.065199 25.068228 25.072952 25.076046 25.081074 25.084188 25.089493 25.092577 25.098124 25.101122 25.106867 25.109722 25.115616 25.118269 25.124252 25.126638 25.132650 25.134710 25.140684 25.142361 25.148226 25.149462 25.155151 25.155897 25.161337 25.161554 25.166677 25.166332 25.171074 25.170145 25.174446 25.172918 25.176731 25.174604 25.177885 25.175169 25.177885 25.174604 25.176731 25.172918 25.174446 25.170145 25.171074 25.166332 25.166677 25.161554 25.161337 25.155897 25.155151 25.149462 25.148226 25.142361 25.140684 25.134710 25.132650 25.126638 25.124252 25.118269 25.115616 25.109722 25.106867 25.101122 25.098124 25.092577 25.089493 25.084188 25.081074 25.076046 25.072952 25.068228 25.065199 25.060801 25.057873 25.053812 25.051020 25.047300 25.044666 25.041290 25.038836 25.035793 25.033529 25.030811 25.028746 25.026335 25.024471 25.022348 25.020683 25.018827 25.017357 25.015743 25.014460 25.013067 25.011957 25.010767 25.009815 25.008806 25.007998 25.007147 25.006466 25.005758 25.005188 25.004602 25.004129 25.003649 25.003260 25.002869 25.002552 25.002235 25.001980 25.001728 25.001522 25.001322 25.001158 25.001001 25.000872 25.000750 25.000648 25.000553 25.000477 25.000402 25.000343 25.000286 25.000242 25.000198 25.000164 25.000132 25.000105 25.000082 25.000063 25.000048 25.000032 25.000023 25.000013 25.000006 25.000000 
25.000000 25.000006 25.000013 25.000023 25.000032 25.000048 25.000063 25.000084 25.000107 25.000134 25.000168 25.000204 25.000252 25.000299 25.000360 25.000422 25.000502 25.000584 25.000687 25.000795 25.000929 25.001068 25.001238 25.001415 25.001633 25.001858 25.002132 25.002413 25.002758 25.003107 25.003538 25.003967 25.004496 25.005020 25.005669 25.006304 25.007092 25.007853 25.008801 25.009708 25.010839 25.011909 25.013250 25.014503 25.016075 25.017532 25.019361 25.021038 25.023149 25.025057 25.027479 25.029625 25.032387 25.034777 25.037901 25.040535 25.044043 25.046913 25.050821 25.053919 25.058237 25.061543 25.066277 25.069759 25.074907 25.078535 25.084085 25.087816 25.093748 25.097530 25.103813 25.107594 25.114191 25.117901 25.124763 25.128338 25.135408 25.138773 25.145988 25.149069 25.156355 25.159075 25.166353 25.168644 25.175831 25.177622 25.184633 25.185860 25.192610 25.193218 25.199623 25.199570 25.205547 25.204796 25.210276 25.208803 25.213717 25.211517 25.215807 25.212887 25.216509 25.212887 25.215807 25.211517 25.213717 25.208803 25.210276 25.204796 25.205547 25.199570 25.199623 25.193218 25.192610 25.185860 25.184633 25.177622 25.175831 25.168644 25.166353 25.159075 25.156355 25.149069 25.145988 25.138773 25.135408 25.128338 25.124763 25.117901 25.114191 25.107594 25.103813 25.097530 25.093748 25.087816 25.084085 25.078535 25.074907 25.069759 25.066277 25.061543 25.058237 25.053919 25.050821 25.046913 25.044043 25.040535 25.037901 25.034777 25.032387 25.029625 25.027479 25.025057 25.023149 25.021038 25.019361 25.017532 25.016075 25.014503 25.013250 25.011909 25.010839 25.009708 25.008801 25.007853 25.007092 25.006304 25.005669 25.005020 25.004496 25.003967 25.003538 25.003107 25.002758 25.002413 25.002132 25.001858 25.001633 25.001415 25.001238 25.001068 25.000929 25.000795 25.000687 25.000584 25.000502 25.000422 25.000360 25.000298 25.000250 25.000204 25.000168 25.000134 25.000105 25.000082 25.000061 25.000046 25.000031 25.000019 25.000008 25.000000 
25.000000 25.000008 25.000019 25.000031 25.000046 25.000061 25.000082 25.000107 25.000135 25.000170 25.000208 25.000256 25.000305 25.000370 25.000437 25.000521 25.000607 25.000715 25.000832 25.000973 25.001120 25.001303 25.001492 25.001724 25.001965 25.002260 25.002563 25.002934 25.003311 25.003777 25.004242 25.004816 25.005388 25.006094 25.006788 25.007648 25.008486 25.009527 25.010527 25.011772 25.012959 25.014439 25.015833 25.017578 25.019203 25.021240 25.023119 25.025480 25.027628 25.030346 25.032776 25.035885 25.038601 25.042130 25.045141 25.049116 25.052416 25.056860 25.060438 25.065369 25.069206 25.074631 25.078701 25.084620 25.088886 25.095293 25.099709 25.106583 25.111094 25.118404 25.122946 25.130653 25.135153 25.143204 25.147585 25.155916 25.160091 25.168633 25.172512 25.181179 25.184677 25.193378 25.196404 25.205046 25.207516 25.215994 25.217829 25.226044 25.227173 25.235022 25.235384 25.242771 25.242319 25.249149 25.247850 25.254042 25.251877 25.257355 25.254324 25.259027 25.255144 25.259027 25.254324 25.257355 25.251877 25.254042 25.247850 25.249149 25.242319 25.242771 25.235384 25.235022 25.227173 25.226044 25.217829 25.215994 25.207516 25.205046 25.196404 25.193378 25.184677 25.181179 25.172512 25.168633 25.160091 25.155916 25.147585 25.143204 25.135153 25.130653 25.122946 25.118404 25.111094 25.106583 25.099709 25.095293 25.088886 25.084620 25.078701 25.074631 25.069206 25.065369 25.060438 25.056860 25.052416 25.049116 25.045141 25.042130 25.038601 25.035885 25.032776 25.030346 25.027628 25.025480 25.023119 25.021240 25.019203 25.017578 25.015833 25.014439 25.012959 25.011772 25.010527 25.009527 25.008486 25.007648 25.006788 25.006094 25.005388 25.004816 25.004242 25.003777 25.003311 25.002934 25.002563 25.002260 25.001965 25.001724 25.001492 25.001303 25.001120 25.000973 25.000832 25.000715 25.000607 25.000521 25.000437 25.000370 25.000305 25.000256 25.000208 25.000168 25.000134 25.000105 25.000080 25.000059 25.000042 25.000025 25.000011 25.000000 
25.000000 25.000011 25.000025 25.000042 25.000059 25.000080 25.000105 25.000134 25.000170 25.000208 25.000257 25.000309 25.000376 25.000446 25.000532 25.000624 25.000736 25.000858 25.001005 25.001162 25.001354 25.001553 25.001799 25.002052 25.002367 25.002687 25.003084 25.003487 25.003983 25.004482 25.005098 25.005713 25.006472 25.007223 25.008152 25.009060 25.010187 25.011276 25.012630 25.013929 25.015543 25.017075 25.018986 25.020777 25.023018 25.025097 25.027702 25.030090 25.033102 25.035814 25.039270 25.042320 25.046255 25.049650 25.054100 25.057840 25.062832 25.066910 25.072466 25.076862 25.082998 25.087688 25.094408 25.099354 25.106653 25.111807 25.119667 25.124969 25.133362 25.138741 25.147625 25.152998 25.162317 25.167599 25.177284 25.182375 25.192348 25.197145 25.207312 25.211710 25.221972 25.225864 25.236107 25.239393 25.249500 25.252085 25.261936 25.263727 25.273203 25.274126 25.283108 25.283096 25.291473 25.290480 25.298147 25.296141 25.303005 25.299974 25.305958 25.301908 25.306948 25.301908 25.305958 25.299974 25.303005 25.296141 25.298147 25.290480 25.291473 25.283096 25.283108 25.274126 25.273203 25.263727 25.261936 25.252085 25.249500 25.239393 25.236107 25.225864 25.221972 25.211710 25.207312 25.197145 25.192348 25.182375 25.177284 25.167599 25.162317 25.152998 25.147625 25.138741 25.133362 25.124969 25.119667 25.111807 25.106653 25.099354 25.094408 25.087688 25.082998 25.076862 25.072466 25.066910 25.062832 25.057840 25.054100 25.049650 25.046255 25.042320 25.039270 25.035814 25.033102 25.030090 25.027702 25.025097 25.023018 25.020777 25.018986 25.017075 25.015543 25.013929 25.012630 25.011276 25.010187 25.009060 25.008152 25.007223 25.006472 25.005713 25.005098 25.004482 25.003983 25.003487 25.003084 25.002687 25.002367 25.002052 25.001799 25.001553 25.001352 25.001162 25.001005 25.000858 25.000736 25.000624 25.000532 25.000446 25.000374 25.000309 25.000256 25.000208 25.000168 25.000132 25.000101 25.000076 25.000053 25.000034 25.000015 25.000000 
25.000000 25.000015 25.000032 25.000053 25.000076 25.000101 25.000132 25.000168 25.000208 25.000257 25.000311 25.000378 25.000450 25.000540 25.000635 25.000751 25.000877 25.001030 25.001194 25.001392 25.001602 25.001860 25.002127 25.002455 25.002792 25.003210 25.003635 25.004160 25.004692 25.005344 25.006001 25.006809 25.007612 25.008606 25.009581 25.010790 25.011967 25.013426 25.014830 25.016575 25.018240 25.020313 25.022268 25.024710 25.026987 25.029835 25.032463 25.035765 25.038767 25.042568 25.045958 25.050303 25.054092 25.059023 25.063219 25.068769 25.073368 25.079567 25.084553 25.091421 25.096771 25.104321 25.109993 25.118225 25.124172 25.133070 25.139229 25.148766 25.155060 25.165194 25.171532 25.182207 25.188492 25.199633 25.205753 25.217276 25.223114 25.234915 25.240349 25.252314 25.257221 25.269224 25.273483 25.285393 25.288885 25.300560 25.303177 25.314478 25.316122 25.326912 25.327497 25.337639 25.337103 25.346470 25.344763 25.353239 25.350338 25.357824 25.353725 25.360140 25.354862 25.360140 25.353725 25.357824 25.350338 25.353239 25.344763 25.346470 25.337103 25.337639 25.327497 25.326912 25.316122 25.314478 25.303177 25.300560 25.288885 25.285393 25.273483 25.269224 25.257221 25.252314 25.240349 25.234915 25.223114 25.217276 25.205753 25.199633 25.188492 25.182207 25.171532 25.165194 25.155060 25.148766 25.139229 25.133070 25.124172 25.118225 25.109993 25.104321 25.096771 25.091421 25.084553 25.079567 25.073368 25.068769 25.063219 25.059023 25.054092 25.050303 25.045958 25.042568 25.038767 25.035765 25.032463 25.029835 25.026987 25.024710 25.022268 25.020313 25.018240 25.016575 25.014830 25.013426 25.011967 25.010790 25.009581 25.008606 25.007612 25.006809 25.006001 25.005344 25.004692 25.004160 25.003635 25.003210 25.002792 25.002455 25.002127 25.001860 25.001602 25.001392 25.001194 25.001030 25.000877 25.000751 25.000635 25.000538 25.000450 25.000376 25.000309 25.000256 25.000206 25.000164 25.000128 25.000095 25.000067 25.000044 25.000021 25.000000 
25.000000 25.000021 25.000044 25.000067 25.000095 25.000126 25.000164 25.000204 25.000256 25.000309 25.000378 25.000450 25.000544 25.000641 25.000761 25.000889 25.001049 25.001217 25.001423 25.001640 25.001907 25.002186 25.002527 25.002882 25.003319 25.003765 25.004314 25.004873 25.005562 25.006256 25.007111 25.007965 25.009018 25.010057 25.011345 25.012602 25.014162 25.015671 25.017544 25.019339 25.021568 25.023687 25.026323 25.028799 25.031889 25.034760 25.038351 25.041643 25.045794 25.049528 25.054287 25.058485 25.063904 25.068573 25.074694 25.079836 25.086697 25.092302 25.099930 25.105974 25.114389 25.120838 25.130045 25.136845 25.146835 25.153921 25.164669 25.171959 25.183426 25.190825 25.202950 25.210346 25.223055 25.230328 25.243525 25.250540 25.264116 25.270737 25.284565 25.290644 25.304586 25.309984 25.323887 25.328463 25.342169 25.345791 25.359138 25.361685 25.374512 25.375875 25.388021 25.388117 25.399429 25.398190 25.408529 25.405910 25.415154 25.411140 25.419178 25.413780 25.420527 25.413780 25.419178 25.411140 25.415154 25.405910 25.408529 25.398190 25.399429 25.388117 25.388021 25.375875 25.374512 25.361685 25.359138 25.345791 25.342169 25.328463 25.323887 25.309984 25.304586 25.290644 25.284565 25.270737 25.264116 25.250540 25.243525 25.230328 25.223055 25.210346 25.202950 25.190825 25.183426 25.171959 25.164669 25.153921 25.146835 25.136845 25.130045 25.120838 25.114389 25.105974 25.099930 25.092302 25.086697 25.079836 25.074694 25.068573 25.063904 25.058485 25.054287 25.049528 25.045794 25.041643 25.038351 25.034760 25.031889 25.028799 25.026323 25.023687 25.021568 25.019339 25.017544 25.015671 25.014162 25.012602 25.011345 25.010057 25.009018 25.007965 25.007111 25.006256 25.005562 25.004873 25.004314 25.003765 25.003319 25.002882 25.002527 25.002186 25.001905 25.001640 25.001421 25.001217 25.001047 25.000889 25.000759 25.000641 25.000540 25.000450 25.000376 25.000307 25.000252 25.000200 25.000156 25.000118 25.000084 25.000053 25.000027 25.000000 
25.000000 25.000027 25.000053 25.000084 25.000116 25.000156 25.000198 25.000252 25.000305 25.000376 25.000450 25.000544 25.000641 25.000765 25.000896 25.001059 25.001232 25.001444 25.001667 25.001944 25.002232 25.002586 25.002954 25.003407 25.003874 25.004446 25.005033 25.005753 25.006481 25.007380 25.008280 25.009390 25.010492 25.011852 25.013191 25.014845 25.016457 25.018452 25.020376 25.022760 25.025040 25.027868 25.030542 25.033871 25.036982 25.040867 25.044451 25.048952 25.053041 25.058220 25.062836 25.068750 25.073910 25.080614 25.086325 25.093866 25.100121 25.108534 25.115316 25.124630 25.131905 25.142132 25.149847 25.160986 25.169073 25.181105 25.189480 25.202362 25.210922 25.224598 25.233223 25.247614 25.256170 25.271177 25.279518 25.295021 25.302988 25.318850 25.326277 25.342344 25.349066 25.365171 25.371025 25.386988 25.391813 25.407446 25.411098 25.426216 25.428564 25.442978 25.443905 25.457438 25.456858 25.469337 25.467184 25.478460 25.474701 25.484640 25.479267 25.487759 25.480799 25.487759 25.479267 25.484640 25.474701 25.478460 25.467184 25.469337 25.456858 25.457438 25.443905 25.442978 25.428564 25.426216 25.411098 25.407446 25.391813 25.386988 25.371025 25.365171 25.349066 25.342344 25.326277 25.318850 25.302988 25.295021 25.279518 25.271177 25.256170 25.247614 25.233223 25.224598 25.210922 25.202362 25.189480 25.181105 25.169073 25.160986 25.149847 25.142132 25.131905 25.124630 25.115316 25.108534 25.100121 25.093866 25.086325 25.080614 25.073910 25.068750 25.062836 25.058220 25.053041 25.048952 25.044451 25.040867 25.036982 25.033871 25.030542 25.027868 25.025040 25.022760 25.020376 25.018452 25.016457 25.014845 25.013191 25.011852 25.010492 25.009390 25.008280 25.007380 25.006481 25.005753 25.005033 25.004446 25.003874 25.003407 25.002954 25.002586 25.002232 25.001942 25.001667 25.001442 25.001232 25.001059 25.000896 25.000763 25.000641 25.000538 25.000446 25.000370 25.000301 25.000242 25.000189 25.000145 25.000103 25.000067 25.000032 25.000000 
25.000000 25.000032 25.000067 25.000101 25.000143 25.000187 25.000242 25.000299 25.000370 25.000446 25.000540 25.000641 25.000765 25.000898 25.001064 25.001242 25.001457 25.001688 25.001970 25.002266 25.002630 25.003012 25.003479 25.003963 25.004559 25.005169 25.005917 25.006680 25.007616 25.008562 25.009724 25.010887 25.012318 25.013733 25.015478 25.017189 25.019300 25.021353 25.023888 25.026325 25.029343 25.032215 25.035780 25.039135 25.043310 25.047192 25.052046 25.056494 25.062098 25.067142 25.073563 25.079227 25.086531 25.092831 25.101072 25.108007 25.117237 25.124794 25.135046 25.143194 25.154491 25.163183 25.175529 25.184696 25.198080 25.207632 25.222019 25.231848 25.247179 25.257158 25.273354 25.283335 25.300293 25.310114 25.327707 25.337191 25.355270 25.364231 25.382629 25.390875 25.409405 25.416748 25.435207 25.441460 25.459641 25.464626 25.482311 25.485868 25.502844 25.504829 25.520884 25.521181 25.536112 25.534636 25.548260 25.544947 25.557098 25.551929 25.562469 25.555452 25.564272 25.555452 25.562469 25.551929 25.557098 25.544947 25.548260 25.534636 25.536112 25.521181 25.520884 25.504829 25.502844 25.485868 25.482311 25.464626 25.459641 25.441460 25.435207 25.416748 25.409405 25.390875 25.382629 25.364231 25.355270 25.337191 25.327707 25.310114 25.300293 25.283335 25.273354 25.257158 25.247179 25.231848 25.222019 25.207632 25.198080 25.184696 25.175529 25.163183 25.154491 25.143194 25.135046 25.124794 25.117237 25.108007 25.101072 25.092831 25.086531 25.079227 25.073563 25.067142 25.062098 25.056494 25.052046 25.047192 25.043310 25.039135 25.035780 25.032215 25.029343 25.026325 25.023888 25.021353 25.019300 25.017189 25.015478 25.013733 25.012316 25.010887 25.009724 25.008562 25.007616 25.006680 25.005917 25.005169 25.004559 25.003963 25.003479 25.003012 25.002630 25.002266 25.001968 25.001688 25.001457 25.001240 25.001062 25.000898 25.000761 25.000637 25.000532 25.000441 25.000360 25.000290 25.000229 25.000174 25.000126 25.000080 25.000040 25.000000 
25.000000 25.000038 25.000078 25.000124 25.000172 25.000227 25.000286 25.000360 25.000437 25.000532 25.000635 25.000761 25.000896 25.001064 25.001244 25.001465 25.001699 25.001987 25.002291 25.002665 25.003057 25.003536 25.004038 25.004648 25.005283 25.006058 25.006851 25.007824 25.008812 25.010023 25.011242 25.012737 25.014229 25.016060 25.017868 25.020094 25.022268 25.024950 25.027544 25.030748 25.033817 25.037615 25.041214 25.045679 25.049862 25.055069 25.059881 25.065914 25.071398 25.078333 25.084518 25.092434 25.099344 25.108309 25.115953 25.126024 25.134398 25.145622 25.154697 25.167110 25.176844 25.190458 25.200781 25.215593 25.226416 25.242397 25.253607 25.270700 25.282160 25.300289 25.311842 25.330898 25.342365 25.362217 25.373404 25.393892 25.404589 25.425531 25.435520 25.456713 25.465776 25.486994 25.494915 25.515924 25.522493 25.543047 25.548071 25.567923 25.571224 25.590128 25.591558 25.609282 25.608721 25.625040 25.622406 25.637121 25.632362 25.645300 25.638412 25.649429 25.640442 25.649429 25.638412 25.645300 25.632362 25.637121 25.622406 25.625040 25.608721 25.609282 25.591558 25.590128 25.571224 25.567923 25.548071 25.543047 25.522493 25.515924 25.494915 25.486994 25.465776 25.456713 25.435520 25.425531 25.404589 25.393892 25.373404 25.362217 25.342365 25.330898 25.311842 25.300289 25.282160 25.270700 25.253607 25.242397 25.226416 25.215593 25.200781 25.190458 25.176844 25.167110 25.154697 25.145622 25.134398 25.126024 25.115953 25.108309 25.099344 25.092434 25.084518 25.078333 25.071398 25.065914 25.059881 25.055069 25.049862 25.045679 25.041214 25.037615 25.033817 25.030748 25.027544 25.024950 25.022268 25.020094 25.017868 25.016060 25.014229 25.012737 25.011242 25.010023 25.008812 25.007824 25.006851 25.006058 25.005283 25.004648 25.004038 25.003536 25.003057 25.002665 25.002291 25.001986 25.001699 25.001463 25.001242 25.001060 25.000895 25.000755 25.000629 25.000523 25.000427 25.000345 25.000273 25.000208 25.000151 25.000097 25.000048 25.000000 
25.000000 25.000046 25.000095 25.000147 25.000206 25.000269 25.000343 25.000422 25.000521 25.000624 25.000751 25.000889 25.001059 25.001242 25.001465 25.001703 25.001995 25.002306 25.002686 25.003088 25.003578 25.004093 25.004723 25.005375 25.006174 25.006996 25.008003 25.009029 25.010286 25.011559 25.013117 25.014679 25.016592 25.018494 25.020828 25.023123 25.025946 25.028696 25.032082 25.035345 25.039373 25.043217 25.047968 25.052452 25.058014 25.063194 25.069660 25.075590 25.083048 25.089769 25.098307 25.105850 25.115553 25.123938 25.134876 25.144102 25.156338 25.166389 25.179966 25.190804 25.205744 25.217304 25.233618 25.245808 25.263472 25.276176 25.295143 25.308218 25.328411 25.341688 25.362995 25.376284 25.398571 25.411655 25.434753 25.447401 25.471113 25.483082 25.507187 25.518225 25.542475 25.552332 25.576468 25.584900 25.608643 25.615417 25.638487 25.643393 25.665508 25.668358 25.689241 25.689880 25.709276 25.707586 25.725250 25.721155 25.736876 25.730341 25.743937 25.734978 25.746305 25.734978 25.743937 25.730341 25.736876 25.721155 25.725250 25.707586 25.709276 25.689880 25.689241 25.668358 25.665508 25.643393 25.638487 25.615417 25.608643 25.584900 25.576468 25.552332 25.542475 25.518225 25.507187 25.483082 25.471113 25.447401 25.434753 25.411655 25.398571 25.376284 25.362995 25.341688 25.328411 25.308218 25.295143 25.276176 25.263472 25.245808 25.233618 25.217304 25.205744 25.190804 25.179966 25.166389 25.156338 25.144102 25.134876 25.123938 25.115553 25.105850 25.098307 25.089769 25.083048 25.075590 25.069660 25.063194 25.058014 25.052452 25.047968 25.043217 25.039373 25.035345 25.032082 25.028696 25.025946 25.023123 25.020828 25.018494 25.016592 25.014679 25.013115 25.011559 25.010286 25.009029 25.008003 25.006996 25.006174 25.005375 25.004721 25.004093 25.003578 25.003088 25.002686 25.002306 25.001993 25.001701 25.001461 25.001238 25.001053 25.000885 25.000742 25.000614 25.000505 25.000408 25.000324 25.000246 25.000179 25.000114 25.000057 25.000000 
25.000000 25.000055 25.000114 25.000177 25.000242 25.000320 25.000402 25.000502 25.000607 25.000736 25.000877 25.001049 25.001232 25.001457 25.001699 25.001995 25.002312 25.002697 25.003107 25.003607 25.004133 25.004776 25.005447 25.006268 25.007114 25.008152 25.009214 25.010513 25.011835 25.013451 25.015079 25.017073 25.019064 25.021502 25.023914 25.026873 25.029774 25.033337 25.036793 25.041046 25.045130 25.050167 25.054953 25.060869 25.066422 25.073320 25.079704 25.087690 25.094955 25.104130 25.112324 25.122780 25.131931 25.143761 25.153879 25.167156 25.178234 25.193018 25.205021 25.221350 25.234222 25.252111 25.265764 25.285204 25.299519 25.320469 25.335297 25.357683 25.372845 25.396563 25.411852 25.436756 25.451942 25.477858 25.492687 25.519405 25.533602 25.560883 25.574165 25.601740 25.613823 25.641403 25.652002 25.679277 25.688122 25.714773 25.721607 25.747318 25.751911 25.776363 25.778519 25.801407 25.800972 25.822010 25.818871 25.837799 25.831892 25.848492 25.839804 25.853886 25.842457 25.853886 25.839804 25.848492 25.831892 25.837799 25.818871 25.822010 25.800972 25.801407 25.778519 25.776363 25.751911 25.747318 25.721607 25.714773 25.688122 25.679277 25.652002 25.641403 25.613823 25.601740 25.574165 25.560883 25.533602 25.519405 25.492687 25.477858 25.451942 25.436756 25.411852 25.396563 25.372845 25.357683 25.335297 25.320469 25.299519 25.285204 25.265764 25.252111 25.234222 25.221350 25.205021 25.193018 25.178234 25.167156 25.153879 25.143761 25.131931 25.122780 25.112324 25.104130 25.094955 25.087690 25.079704 25.073320 25.066422 25.060869 25.054953 25.050167 25.045130 25.041046 25.036793 25.033337 25.029774 25.026873 25.023914 25.021500 25.019064 25.017071 25.015079 25.013451 25.011835 25.010513 25.009214 25.008152 25.007114 25.006266 25.005447 25.004776 25.004133 25.003607 25.003107 25.002695 25.002310 25.001991 25.001696 25.001451 25.001226 25.001040 25.000868 25.000725 25.000593 25.000483 25.000381 25.000292 25.000212 25.000137 25.000067 25.000000 
25.000000 25.000067 25.000135 25.000208 25.000288 25.000374 25.000477 25.000584 25.000715 25.000858 25.001030 25.001217 25.001444 25.001688 25.001987 25.002306 25.002697 25.003115 25.003620 25.004158 25.004812 25.005499 25.006336 25.007208 25.008270 25.009367 25.010704 25.012072 25.013741 25.015432 25.017500 25.019575 25.022112 25.024637 25.027727 25.030773 25.034506 25.038151 25.042625 25.046947 25.052265 25.057350 25.063618 25.069544 25.076878 25.083719 25.092234 25.100058 25.109873 25.118732 25.129959 25.139900 25.152641 25.163685 25.178036 25.190184 25.206219 25.219448 25.237219 25.251480 25.271017 25.286228 25.307533 25.323574 25.346617 25.363335 25.388050 25.405260 25.431541 25.449024 25.476730 25.494234 25.523180 25.540428 25.570395 25.587088 25.617817 25.633636 25.664839 25.679461 25.710819 25.723917 25.755089 25.766346 25.796976 25.806091 25.835815 25.842512 25.870968 25.875004 25.901836 25.903011 25.927887 25.926044 25.948654 25.943693 25.963766 25.955641 25.972944 25.961670 25.976023 25.961670 25.972944 25.955641 25.963766 25.943693 25.948654 25.926044 25.927887 25.903011 25.901836 25.875004 25.870968 25.842512 25.835815 25.806091 25.796976 25.766346 25.755089 25.723917 25.710819 25.679461 25.664839 25.633636 25.617817 25.587088 25.570395 25.540428 25.523180 25.494234 25.476730 25.449024 25.431541 25.405260 25.388050 25.363335 25.346617 25.323574 25.307533 25.286228 25.271017 25.251480 25.237219 25.219448 25.206219 25.190184 25.178036 25.163685 25.152641 25.139900 25.129959 25.118732 25.109873 25.100058 25.092234 25.083719 25.076878 25.069544 25.063618 25.057350 25.052265 25.046947 25.042625 25.038151 25.034506 25.030773 25.027725 25.024637 25.022110 25.019575 25.017498 25.015432 25.013741 25.012072 25.010704 25.009367 25.008270 25.007208 25.006336 25.005499 25.004812 25.004158 25.003620 25.003111 25.002693 25.002302 25.001982 25.001682 25.001434 25.001207 25.001019 25.000843 25.000698 25.000563 25.000448 25.000343 25.000250 25.000162 25.000080 25.000000 
25.000000 25.000078 25.000158 25.000244 25.000336 25.000441 25.000553 25.000687 25.000832 25.001005 25.001194 25.001423 25.001667 25.001970 25.002291 25.002686 25.003107 25.003620 25.004166 25.004831 25.005529 25.006384 25.007275 25.008360 25.009485 25.010859 25.012266 25.013985 25.015734 25.017870 25.020025 25.022655 25.025286 25.028502 25.031689 25.035585 25.039413 25.044102 25.048660 25.054251 25.059631 25.066246 25.072544 25.080309 25.087610 25.096659 25.105043 25.115505 25.125044 25.137053 25.147802 25.161474 25.173473 25.188925 25.202187 25.219509 25.234022 25.253286 25.269012 25.290266 25.307125 25.330383 25.348265 25.373508 25.392256 25.419432 25.438852 25.467859 25.487724 25.518419 25.538462 25.570658 25.590574 25.624041 25.643507 25.677971 25.696630 25.731781 25.749273 25.784761 25.800714 25.836166 25.850214 25.885237 25.897024 25.931206 25.940407 25.973337 25.979656 26.010925 26.014107 26.043329 26.043171 26.069981 26.066336 26.090405 26.083189 26.104229 26.093424 26.111206 26.096857 26.111206 26.093424 26.104229 26.083189 26.090405 26.066336 26.069981 26.043171 26.043329 26.014107 26.010925 25.979656 25.973337 25.940407 25.931206 25.897024 25.885237 25.850214 25.836166 25.800714 25.784761 25.749273 25.731781 25.696630 25.677971 25.643507 25.624041 25.590574 25.570658 25.538462 25.518419 25.487724 25.467859 25.438852 25.419432 25.392256 25.373508 25.348265 25.330383 25.307125 25.290266 25.269012 25.253286 25.234022 25.219509 25.202187 25.188925 25.173473 25.161474 25.147802 25.137053 25.125044 25.115505 25.105043 25.096659 25.087610 25.080309 25.072544 25.066246 25.059631 25.054251 25.048660 25.044102 25.039413 25.035585 25.031689 25.028500 25.025286 25.022654 25.020025 25.017868 25.015734 25.013985 25.012266 25.010857 25.009485 25.008360 25.007275 25.006382 25.005529 25.004829 25.004164 25.003618 25.003103 25.002682 25.002285 25.001961 25.001659 25.001410 25.001179 25.000988 25.000811 25.000660 25.000523 25.000402 25.000292 25.000189 25.000093 25.000000 
