25.000000 25.000000 25.000000 25.000000 25.000000 25.000000 25.000000 25.000000 25.000000 25.000000 25.000000 25.000000 25.000000 25.000000 25.000000 25.000000 25.000000 25.000000 25.000000 25.000000 25.000000 25.000000 25.000000 25.000000 25.000000 25.000000 25.000000 25.000000 25.000000 25.000000 25.000000 25.000000 25.000000 25.000000 25.000000 25.000000 25.000000 25.000000 25.000000 25.000000 25.000000 25.000000 25.000000 25.000000 25.000000 25.000000 25.000000 25.000000 25.000000 25.000000 25.000000 25.000000 25.000000 25.000000 25.000000 25.000000 25.000000 25.000000 25.000000 25.000000 25.000000 25.000000 25.000000 25.000000 25.000000 25.000000 25.000000 25.000000 25.000000 25.000000 25.000000 25.000000 25.000000 25.000000 25.000000 25.000000 25.000000 25.000000 25.000000 25.000000 25.000000 25.000000 25.000000 25.000000 25.000000 25.000000 25.000000 25.000000 25.000000 25.000000 25.000000 25.000000 25.000000 25.000000 25.000000 25.000000 25.000000 25.000000 25.000000 25.000000 25.000000 25.000000 25.000000 25.000000 25.000000 25.000000 25.000000 25.000000 25.000000 25.000000 25.000000 25.000000 25.000000 25.000000 25.000000 25.000000 25.000000 25.000000 25.000000 25.000000 25.000000 25.000000 25.000000 25.000000 25.000000 25.000000 25.000000 25.000000 25.000000 25.000000 25.000000 25.000000 25.000000 25.000000 25.000000 25.000000 25.000000 25.000000 25.000000 25.000000 25.000000 25.000000 25.000000 25.000000 25.000000 25.000000 25.000000 25.000000 25.000000 25.000000 25.000000 25.000000 25.000000 25.000000 25.000000 25.000000 25.000000 25.000000 25.000000 25.000000 25.000000 25.000000 25.000000 25.000000 25.000000 25.000000 25.000000 25.000000 25.000000 25.000000 25.000000 25.000000 25.000000 25.000000 25.000000 25.000000 25.000000 25.000000 25.000000 25.000000 25.000000 25.000000 25.000000 25.000000 25.000000 25.000000 25.000000 25.000000 25.000000 25.000000 25.000000 25.000000 25.000000 25.000000 25.000000 25.000000 25.000000 25.000000 25.000000 25.000000 
25.000000 24.952953 24.905718 24.858501 24.810810 24.763319 24.715317 24.668003 24.620533 24.574650 24.529406 24.487022 24.446360 24.409927 24.376179 24.347620 24.322048 24.301760 24.283804 24.270309 24.257778 24.248430 24.238573 24.230808 24.221558 24.213953 24.204666 24.197315 24.188766 24.182901 24.176546 24.173536 24.170378 24.170635 24.170368 24.172880 24.173922 24.176762 24.177128 24.178522 24.176893 24.176121 24.172489 24.170212 24.165838 24.163719 24.160419 24.160145 24.159195 24.161417 24.162720 24.166618 24.168755 24.172560 24.173677 24.175732 24.174614 24.174290 24.171001 24.169027 24.164885 24.162966 24.159822 24.159681 24.158834 24.161144 24.162516 24.166471 24.168653 24.172495 24.173645 24.175720 24.174625 24.174314 24.171041 24.169077 24.164946 24.163034 24.159901 24.159763 24.158928 24.161242 24.162622 24.166580 24.168772 24.172613 24.173769 24.175844 24.174753 24.174437 24.171165 24.169195 24.165064 24.163145 24.160009 24.159864 24.159027 24.161331 24.162710 24.166660 24.168848 24.172680 24.173832 24.175896 24.174799 24.174473 24.171194 24.169212 24.165071 24.163141 24.159994 24.159838 24.158987 24.161282 24.162647 24.166590 24.168764 24.172592 24.173731 24.175795 24.174688 24.174364 24.171078 24.169098 24.164951 24.163025 24.159874 24.159723 24.158869 24.161169 24.162531 24.166477 24.168648 24.172482 24.173620 24.175690 24.174583 24.174267 24.170984 24.169014 24.164871 24.162956 24.159811 24.159670 24.158823 24.161137 24.162508 24.166470 24.168657 24.172510 24.173674 24.175774 24.174706 24.174435 24.171213 24.169315 24.165270 24.163467 24.160473 24.160505 24.159889 24.162466 24.164186 24.168545 24.171253 24.175699 24.177635 24.180613 24.180681 24.181704 24.180140 24.180124 24.178467 24.179365 24.179758 24.183601 24.187700 24.195549 24.203714 24.215248 24.226646 24.240755 24.254313 24.270226 24.285765 24.304031 24.322954 24.345758 24.370949 24.401583 24.436459 24.478043 24.525064 24.579054 24.638479 24.703854 24.773472 24.847008 24.922827 25.000000 
25.000000 24.905718 24.811415 24.716368 24.621422 24.525331 24.429943 24.333679 24.239475 24.145563 24.055952 23.968649 23.888491 23.812952 23.747164 23.687506 23.638809 23.595922 23.563147 23.533913 23.512375 23.491203 23.475056 23.456593 23.441471 23.422815 23.407396 23.388874 23.374849 23.359196 23.349745 23.339987 23.337341 23.334417 23.337959 23.339706 23.346045 23.348347 23.353230 23.352325 23.352932 23.347328 23.343620 23.334764 23.329420 23.320885 23.317816 23.313240 23.315220 23.316008 23.322842 23.327200 23.335840 23.339949 23.346418 23.346745 23.348434 23.343664 23.340685 23.332392 23.327538 23.319378 23.316635 23.312313 23.314508 23.315464 23.322441 23.326912 23.335644 23.339825 23.346355 23.346733 23.348459 23.343723 23.340769 23.332500 23.327662 23.319525 23.316792 23.312490 23.314693 23.315672 23.322655 23.327145 23.335876 23.340078 23.346603 23.346994 23.348713 23.343985 23.341017 23.332752 23.327898 23.319759 23.317011 23.312706 23.314892 23.315865 23.322828 23.327312 23.336029 23.340221 23.346729 23.347109 23.348806 23.344063 23.341074 23.332788 23.327913 23.319752 23.316978 23.312647 23.314812 23.315758 23.322704 23.327160 23.335863 23.340031 23.346533 23.346888 23.348587 23.343826 23.340841 23.332544 23.327675 23.319506 23.316742 23.312405 23.314577 23.315516 23.322472 23.326921 23.335634 23.339796 23.346310 23.346666 23.348377 23.343620 23.340654 23.332365 23.327517 23.319357 23.316614 23.312290 23.314487 23.315443 23.322426 23.326902 23.335649 23.339851 23.346413 23.346830 23.348616 23.343956 23.341105 23.332968 23.328299 23.320381 23.317917 23.313965 23.316587 23.318110 23.325735 23.331060 23.340771 23.346233 23.354227 23.356508 23.360411 23.358480 23.358728 23.354553 23.354376 23.352125 23.356062 23.360081 23.371649 23.384165 23.404057 23.424292 23.450583 23.476040 23.506268 23.535202 23.568798 23.602278 23.642025 23.684601 23.736450 23.795078 23.866205 23.947535 24.043161 24.150328 24.271011 24.401896 24.543024 24.690948 24.844296 25.000000 
25.000000 24.858501 24.716368 24.574133 24.430248 24.286644 24.141151 23.997293 23.852562 23.712175 23.573442 23.443132 23.318151 23.206223 23.103100 23.016428 22.939810 22.879974 22.827993 22.789822 22.754742 22.728949 22.701218 22.679031 22.651686 22.628443 22.599562 22.575935 22.548578 22.529287 22.509008 22.499327 22.490070 22.491734 22.492535 22.501944 22.507099 22.517349 22.519794 22.524614 22.519735 22.516640 22.504440 22.495804 22.480789 22.472586 22.461361 22.459782 22.457069 22.464552 22.469992 22.483500 22.491882 22.504972 22.509632 22.516396 22.513018 22.511242 22.500055 22.492310 22.477976 22.470367 22.459602 22.458420 22.456013 22.463758 22.469400 22.483082 22.491600 22.504801 22.509552 22.516384 22.513073 22.511339 22.500198 22.492479 22.478182 22.470592 22.459860 22.458691 22.456318 22.464071 22.469749 22.483435 22.491983 22.505184 22.509960 22.516785 22.513489 22.511738 22.500605 22.492863 22.478567 22.470951 22.460213 22.459017 22.456636 22.464363 22.470032 22.483692 22.492231 22.505404 22.510164 22.516958 22.513641 22.511860 22.500698 22.492922 22.478592 22.470940 22.460161 22.458929 22.456507 22.464203 22.469826 22.483461 22.491957 22.505116 22.509838 22.516626 22.513279 22.511499 22.500317 22.492550 22.478205 22.470566 22.459778 22.458559 22.456127 22.463835 22.469448 22.483097 22.491585 22.504757 22.509476 22.516283 22.512939 22.511185 22.500010 22.492273 22.477942 22.470337 22.459566 22.458385 22.455975 22.463722 22.469368 22.483063 22.491596 22.504829 22.509621 22.516518 22.513288 22.511671 22.500679 22.493155 22.479111 22.471838 22.461515 22.460846 22.459120 22.467648 22.474323 22.489187 22.499260 22.514236 22.521301 22.530781 22.530893 22.533075 22.526958 22.524981 22.517982 22.518694 22.518387 22.529007 22.541248 22.565405 22.591171 22.627279 22.663044 22.706556 22.747906 22.795517 22.841225 22.894258 22.948631 23.014170 23.086817 23.176073 23.278814 23.402727 23.544292 23.708082 23.889465 24.089695 24.303453 24.529463 24.762634 25.000000 
25.000000 24.810810 24.621422 24.430248 24.238791 24.044453 23.850727 23.654428 23.461304 23.267969 23.082510 22.901436 22.734760 22.578241 22.442585 22.321289 22.224028 22.140636 22.079033 22.025661 21.987820 21.950378 21.921837 21.887350 21.857798 21.819675 21.786469 21.746172 21.714243 21.679413 21.657677 21.636909 21.631882 21.628149 21.638498 21.646208 21.663057 21.671515 21.683985 21.683687 21.684757 21.672056 21.661694 21.640282 21.625349 21.604475 21.595263 21.584675 21.588726 21.592276 21.609070 21.621880 21.643217 21.655184 21.670738 21.672832 21.676001 21.664917 21.655977 21.635658 21.621683 21.601543 21.592976 21.582882 21.587360 21.591240 21.608315 21.621346 21.642864 21.654982 21.670652 21.672848 21.676090 21.665079 21.656185 21.635920 21.621973 21.601881 21.593332 21.583284 21.587778 21.591705 21.608793 21.621870 21.643394 21.655552 21.671217 21.673443 21.676666 21.665672 21.656748 21.636486 21.622503 21.602407 21.593817 21.583761 21.588217 21.592133 21.609182 21.622246 21.643734 21.655874 21.671497 21.673700 21.676878 21.665850 21.656878 21.636572 21.622540 21.602388 21.593748 21.583633 21.588039 21.591892 21.608900 21.621902 21.643360 21.655441 21.671051 21.673203 21.676380 21.665316 21.656353 21.636023 21.622007 21.601841 21.593222 21.583090 21.587517 21.591354 21.608381 21.621367 21.642843 21.654913 21.670547 21.672697 21.675905 21.664848 21.655926 21.635612 21.621641 21.601500 21.592928 21.582827 21.587305 21.591179 21.608261 21.621300 21.642845 21.654993 21.670723 21.672993 21.676348 21.665482 21.656784 21.636772 21.623154 21.603483 21.595459 21.586088 21.591400 21.596382 21.614723 21.629419 21.652843 21.667446 21.685959 21.691843 21.699303 21.693727 21.691051 21.678740 21.673876 21.665276 21.669786 21.676050 21.698935 21.725517 21.767944 21.811880 21.867758 21.921423 21.983284 22.041080 22.106327 22.169708 22.244068 22.323215 22.420576 22.532198 22.670254 22.831083 23.023201 23.241341 23.489069 23.759365 24.051634 24.358515 24.676775 25.000000 
25.000000 24.763319 24.525331 24.286644 24.044453 23.801645 23.554438 23.308390 23.059347 22.815889 22.574011 22.345341 22.125900 21.929399 21.750341 21.602114 21.474968 21.379511 21.300438 21.245974 21.197254 21.162910 21.123608 21.090734 21.046515 21.005991 20.953699 20.908037 20.855499 20.816446 20.777605 20.758751 20.744106 20.750484 20.758184 20.781334 20.797853 20.821663 20.830891 20.841394 20.833252 20.825130 20.799719 20.778282 20.745745 20.724703 20.700596 20.694931 20.690933 20.706755 20.721966 20.751728 20.773439 20.801805 20.814577 20.828192 20.822453 20.816446 20.792660 20.772657 20.741219 20.721144 20.697779 20.692762 20.689264 20.705517 20.721064 20.751106 20.773045 20.801592 20.814516 20.828247 20.822615 20.816679 20.792973 20.773010 20.741636 20.721588 20.698284 20.693291 20.689856 20.706125 20.721737 20.751795 20.773794 20.802343 20.815317 20.829031 20.823431 20.817461 20.793768 20.773758 20.742382 20.722277 20.698963 20.693911 20.690464 20.706682 20.722281 20.752289 20.774269 20.802767 20.815714 20.829369 20.823730 20.817698 20.793951 20.773874 20.742432 20.722260 20.698866 20.693748 20.690214 20.706371 20.721880 20.751839 20.773735 20.802200 20.815073 20.828716 20.823021 20.816996 20.793209 20.773155 20.741686 20.721542 20.698130 20.693041 20.689486 20.705667 20.721153 20.751135 20.773010 20.801502 20.814363 20.828045 20.822351 20.816376 20.792606 20.772610 20.741169 20.721090 20.697714 20.692690 20.689180 20.705429 20.720970 20.751026 20.772980 20.801573 20.814554 20.828381 20.822874 20.817120 20.793646 20.773996 20.743023 20.723484 20.700834 20.696644 20.694244 20.711758 20.728970 20.760920 20.785351 20.816746 20.833372 20.851330 20.851166 20.851482 20.835812 20.825050 20.805401 20.798748 20.792318 20.806471 20.826805 20.869783 20.918070 20.984537 21.050604 21.128096 21.199959 21.279192 21.352232 21.434177 21.515802 21.614050 21.723701 21.861891 22.025372 22.228148 22.465523 22.745012 23.058565 23.407064 23.780689 24.176184 24.584446 25.000000 
25.000000 24.715317 24.429943 24.141151 23.850727 23.554438 23.256990 22.953388 22.651804 22.347382 22.052301 21.762522 21.494097 21.243095 21.027264 20.839336 20.694218 20.576954 20.497232 20.433054 20.392313 20.350763 20.318947 20.274122 20.231537 20.171547 20.114298 20.043510 19.983269 19.919485 19.877544 19.842051 19.835310 19.836428 19.862419 19.887154 19.925358 19.949673 19.976519 19.980522 19.981726 19.958158 19.933769 19.890249 19.854647 19.811171 19.787489 19.766848 19.773321 19.785011 19.820311 19.852377 19.897007 19.926331 19.957569 19.964973 19.969170 19.947910 19.925558 19.883606 19.849388 19.806974 19.784229 19.764309 19.771412 19.783587 19.819300 19.851696 19.896595 19.926144 19.957554 19.965111 19.969416 19.948267 19.925978 19.884109 19.849932 19.807590 19.784876 19.765032 19.772161 19.784422 19.820160 19.852642 19.897556 19.927179 19.958582 19.966196 19.970467 19.949347 19.927000 19.885136 19.850882 19.808531 19.785734 19.765873 19.772930 19.785173 19.820848 19.853312 19.898161 19.927757 19.959089 19.966661 19.970852 19.949671 19.927238 19.885296 19.850954 19.808506 19.785620 19.765650 19.772617 19.784744 19.820341 19.852690 19.897480 19.926971 19.958271 19.965757 19.969944 19.948700 19.926292 19.884310 19.850004 19.807531 19.784687 19.764690 19.771696 19.783791 19.819414 19.851730 19.896549 19.926016 19.957355 19.964834 19.969078 19.947847 19.925510 19.883560 19.849337 19.806910 19.784149 19.764206 19.771294 19.783449 19.819160 19.851551 19.896475 19.926052 19.957537 19.965189 19.969646 19.948692 19.926682 19.885168 19.851456 19.809715 19.787750 19.768869 19.777174 19.790939 19.828478 19.863266 19.910894 19.943995 19.979454 19.992256 20.002546 19.989113 19.975660 19.945120 19.923931 19.898106 19.894266 19.898094 19.932028 19.977322 20.050011 20.127348 20.222027 20.311522 20.409266 20.496424 20.589233 20.674250 20.770916 20.871683 20.998287 21.147863 21.341194 21.575819 21.865726 22.203547 22.593115 23.022284 23.487877 23.977415 24.484825 25.000000 
25.000000 24.668003 24.333679 23.997293 23.654428 23.308390 22.953388 22.596367 22.231260 21.869532 21.506264 21.158350 20.822887 20.521620 20.251408 20.033749 19.857765 19.736853 19.647619 19.596699 19.554480 19.528881 19.491236 19.455269 19.396210 19.334362 19.249649 19.168440 19.075211 19.000677 18.931177 18.896595 18.878061 18.897497 18.926270 18.979504 19.023975 19.075150 19.101336 19.122446 19.110937 19.092007 19.043064 18.994299 18.928007 18.877842 18.828342 18.811647 18.807520 18.839655 18.878462 18.940464 18.991781 19.048941 19.079771 19.104961 19.096605 19.080463 19.033672 18.986816 18.921995 18.873133 18.824638 18.808825 18.805382 18.838104 18.877375 18.939764 18.991396 19.048805 19.079853 19.105202 19.097000 19.080952 19.034275 18.987471 18.922741 18.873913 18.825506 18.809727 18.806387 18.839148 18.878534 18.940956 18.992701 19.050117 19.081255 19.106579 19.098431 19.082321 19.035660 18.988764 18.924021 18.875084 18.826654 18.810770 18.807405 18.840080 18.879448 18.941792 18.993509 19.050844 19.081938 19.107166 19.098953 19.082735 19.035984 18.988974 18.924120 18.875065 18.826500 18.810499 18.806986 18.839550 18.878759 18.941011 18.992582 19.049854 19.080822 19.106026 19.097715 19.081514 19.034702 18.987738 18.922846 18.873852 18.825260 18.809311 18.805761 18.838360 18.877523 18.939802 18.991329 19.048641 19.079584 19.104847 19.096540 19.080423 19.033642 18.986778 18.921944 18.873056 18.824533 18.808691 18.805212 18.837914 18.877155 18.939543 18.991175 19.048626 19.079727 19.105190 19.097134 19.081318 19.034931 18.988537 18.924324 18.876167 18.828621 18.813910 18.811934 18.846348 18.887842 18.952772 19.007713 19.068886 19.104805 19.135696 19.134644 19.126760 19.090582 19.055834 19.006538 18.975473 18.949604 18.959614 18.988430 19.057463 19.141151 19.252819 19.363834 19.486694 19.596104 19.708000 19.803368 19.902672 19.994400 20.103476 20.226166 20.390083 20.596207 20.868204 21.202896 21.610334 22.077326 22.601074 23.164701 23.760773 24.375307 25.000000 
25.000000 24.620533 24.239475 23.852562 23.461304 23.059347 22.651804 22.231260 21.807335 21.373295 20.944868 20.518415 20.117483 19.742584 19.422997 19.156691 18.966244 18.831772 18.759695 18.714819 18.700024 18.679089 18.661844 18.617167 18.563667 18.476221 18.381493 18.260841 18.148453 18.031929 17.949890 17.889627 17.882839 17.902679 17.965660 18.032585 18.115889 18.176205 18.231230 18.246758 18.247566 18.205555 18.152180 18.066118 17.985239 17.894861 17.836391 17.795305 17.805458 17.838737 17.913416 17.989468 18.080711 18.147186 18.207609 18.227320 18.231827 18.192678 18.141851 18.057764 17.978642 17.889624 17.832359 17.792208 17.803173 17.837091 17.912308 17.988798 18.080393 18.147169 18.207819 18.227741 18.232386 18.193392 18.142641 18.058666 17.979586 17.890667 17.833435 17.793398 17.804411 17.838474 17.913748 17.990393 18.082024 18.148937 18.209581 18.229597 18.234186 18.195232 18.144377 18.060396 17.981174 17.892220 17.834841 17.794764 17.805655 17.839693 17.914869 17.991493 18.083027 18.149902 18.210434 18.230383 18.234840 18.195789 18.144791 18.060680 17.981308 17.892197 17.834665 17.794407 17.805145 17.838984 17.914021 17.990442 18.081873 18.148565 18.209040 18.228844 18.233297 18.194147 18.143194 18.059029 17.979738 17.890596 17.833147 17.792852 17.803646 17.837423 17.912491 17.988840 18.080303 18.146942 18.207476 18.227262 18.231808 18.192680 18.141850 18.057745 17.978594 17.889538 17.832232 17.792027 17.802950 17.836813 17.912001 17.988449 18.080051 18.146832 18.207552 18.227560 18.232380 18.193602 18.143190 18.059635 17.981134 17.892946 17.836657 17.797813 17.810303 17.846237 17.923769 18.003275 18.098301 18.169510 18.235184 18.261574 18.273567 18.244017 18.204073 18.133980 18.070917 18.002529 17.969061 17.959131 18.004614 18.081295 18.204309 18.338596 18.493795 18.636524 18.780451 18.899538 19.013563 19.105246 19.200537 19.292278 19.412813 19.565435 19.785345 20.078276 20.467321 20.942995 21.504776 22.130346 22.809080 23.520864 24.255627 25.000000 
25.000000 24.574650 24.145563 23.712175 23.267969 22.815889 22.347382 21.869532 21.373295 20.871441 20.357435 19.852957 19.358536 18.908237 18.510372 18.203775 17.984018 17.864294 17.805691 17.802855 17.808823 17.825607 17.813738 17.787888 17.716764 17.625359 17.489922 17.344978 17.176250 17.028692 16.897081 16.829187 16.810390 16.864723 16.948803 17.069286 17.176512 17.282549 17.344851 17.385786 17.370697 17.330463 17.238129 17.132753 16.997240 16.879969 16.773357 16.727722 16.726696 16.796423 16.892477 17.023281 17.138487 17.251480 17.319176 17.364880 17.353498 17.316570 17.226814 17.123743 16.990028 16.874357 16.768997 16.724461 16.724297 16.794758 16.891405 17.022696 17.138311 17.251619 17.319607 17.365509 17.354334 17.317520 17.227909 17.124893 16.991291 16.875648 16.770405 16.725910 16.725910 16.796452 16.893301 17.024670 17.140484 17.253824 17.321964 17.367830 17.356741 17.319818 17.230223 17.127035 16.993387 16.877544 16.772232 16.727558 16.727512 16.797924 16.894758 17.026014 17.141802 17.255018 17.323095 17.368809 17.357615 17.320518 17.230776 17.127401 16.993574 16.877535 16.772009 16.727137 16.726845 16.797060 16.893627 17.024721 17.140255 17.253361 17.321224 17.366896 17.355547 17.318481 17.228649 17.125368 16.991503 16.875587 16.770039 16.725264 16.724909 16.795164 16.891630 17.022741 17.138180 17.251331 17.319139 17.364904 17.353558 17.316629 17.226856 17.123751 16.989990 16.874266 16.768837 16.724236 16.723989 16.794388 16.890953 17.022203 17.137770 17.251097 17.319099 17.365114 17.354071 17.317516 17.228218 17.125679 16.992668 16.877829 16.773590 16.730381 16.731997 16.804527 16.903881 17.038260 17.157856 17.275667 17.349426 17.401846 17.399010 17.371664 17.294186 17.205097 17.089426 16.994661 16.916315 16.903238 16.942953 17.058796 17.210899 17.403461 17.592171 17.785152 17.947424 18.096136 18.206778 18.304213 18.374975 18.452284 18.537203 18.673500 18.876945 19.192230 19.626347 20.189547 20.855202 21.606455 22.412519 23.257975 24.123713 25.000000 
25.000000 24.529406 24.055952 23.573442 23.082510 22.574011 22.052301 21.506264 20.944868 20.357435 19.760471 19.149416 18.555468 17.990019 17.506477 17.128838 16.901762 16.795958 16.795921 16.837440 16.906807 16.951782 16.979610 16.951771 16.890144 16.764801 16.607857 16.398895 16.182877 15.955871 15.780557 15.665846 15.664808 15.741609 15.895539 16.061249 16.238325 16.372225 16.479839 16.519093 16.518970 16.445787 16.337116 16.169142 15.991001 15.795842 15.649348 15.558017 15.577184 15.669611 15.836788 16.012642 16.198471 16.339140 16.452734 16.496651 16.500710 16.430801 16.325081 16.159422 15.983362 15.789841 15.644802 15.554618 15.574774 15.667990 15.835824 16.012224 16.198488 16.339544 16.453419 16.497618 16.501844 16.432135 16.326496 16.160975 15.984938 15.791526 15.646503 15.556475 15.576715 15.670180 15.838145 16.014826 16.201180 16.342474 16.456354 16.500708 16.504843 16.435192 16.329363 16.163803 15.987506 15.793988 15.648696 15.558572 15.578619 15.672061 15.839898 16.016573 16.202797 16.344046 16.457754 16.502007 16.505930 16.436121 16.330059 16.164293 15.987754 15.793992 15.648451 15.558037 15.577825 15.670930 15.838523 16.014854 16.200891 16.341835 16.455441 16.499454 16.503372 16.433409 16.327438 16.161610 15.985233 15.791469 15.646096 15.555651 15.575516 15.668495 15.836089 16.012268 16.198318 16.339149 16.452833 16.496807 16.500872 16.430950 16.325186 16.159472 15.983344 15.789741 15.644617 15.554326 15.574383 15.667475 15.835218 16.011507 16.197725 16.338722 16.452637 16.496874 16.501270 16.431757 16.326487 16.161404 15.986028 15.793427 15.649494 15.560816 15.582772 15.678376 15.848966 16.028919 16.219198 16.365379 16.485006 16.536520 16.548964 16.489702 16.395905 16.245539 16.087025 15.916355 15.798298 15.743410 15.805161 15.950583 16.177031 16.423634 16.686275 16.917166 17.127954 17.285814 17.413198 17.488659 17.542864 17.568687 17.610210 17.684618 17.856709 18.164062 18.656286 19.316557 20.120026 21.016485 21.976564 22.969185 23.981245 25.000000 
25.000000 24.487022 23.968649 23.443132 22.901436 22.345341 21.762522 21.158350 20.518415 19.852957 19.149416 18.428770 17.692339 16.989889 16.361790 15.903332 15.658910 15.621849 15.699600 15.844177 15.978554 16.095104 16.146118 16.149441 16.069632 15.935847 15.719543 15.459866 15.143031 14.831358 14.546965 14.388830 14.384152 14.541363 14.770254 15.041845 15.279516 15.488183 15.616843 15.691772 15.673182 15.596599 15.429388 15.215696 14.938249 14.663049 14.409147 14.277814 14.293809 14.468048 14.709681 14.992025 15.237941 15.453871 15.588219 15.668280 15.653740 15.580837 15.416540 15.205491 14.930141 14.656831 14.404431 14.274415 14.291454 14.466570 14.708920 14.991846 15.238273 15.454588 15.589311 15.669617 15.655351 15.582580 15.418467 15.207452 14.932216 14.658880 14.406590 14.276607 14.293905 14.469202 14.711932 14.995041 15.241824 15.458220 15.593204 15.673457 15.659328 15.586370 15.422258 15.210936 14.935570 14.661849 14.409372 14.279061 14.296286 14.471421 14.714175 14.997160 15.243937 15.460154 15.595051 15.675062 15.660765 15.587523 15.423179 15.211554 14.935909 14.661884 14.409081 14.278451 14.295271 14.470066 14.712369 14.995059 15.241410 15.457432 15.591975 15.671914 15.657366 15.584182 15.419711 15.208270 14.932624 14.658861 14.406102 14.275661 14.292377 14.467166 14.709237 14.991885 15.238034 15.454092 15.588527 15.668603 15.654056 15.581100 15.416737 15.205598 14.930151 14.656733 14.404209 14.274065 14.290939 14.465907 14.708077 14.990883 15.237164 15.453433 15.588092 15.668470 15.654275 15.581755 15.417925 15.207423 14.932795 14.660354 14.409153 14.280617 14.299694 14.477238 14.722742 15.009254 15.260235 15.481644 15.622797 15.710261 15.705006 15.642278 15.490830 15.294127 15.037235 14.785436 14.561738 14.466942 14.531010 14.761344 15.071060 15.427768 15.760550 16.069281 16.311253 16.505968 16.624531 16.694361 16.697109 16.669394 16.614843 16.598053 16.673054 16.951023 17.497097 18.300371 19.277090 20.362892 21.499231 22.660957 23.829132 25.000000 
25.000000 24.446360 23.888491 23.318151 22.734760 22.125900 21.494097 20.822887 20.117483 19.358536 18.555468 17.692339 16.795227 15.881101 15.047460 14.426036 14.208696 14.289248 14.536453 14.810375 15.068128 15.247149 15.360319 15.369442 15.303090 15.127072 14.874603 14.516469 14.098023 13.620345 13.187114 12.900427 12.941607 13.208826 13.602268 13.990839 14.349711 14.614380 14.807578 14.886037 14.885389 14.766438 14.568142 14.257104 13.883246 13.444157 13.046377 12.788305 12.852191 13.135518 13.541861 13.940076 14.307395 14.578712 14.777987 14.861300 14.865128 14.749752 14.554740 14.246330 13.874870 13.437712 13.041660 12.784975 12.850028 13.134289 13.541393 13.940269 14.308104 14.579913 14.779532 14.863216 14.867249 14.752138 14.557204 14.248947 13.877442 13.440339 13.044196 12.787653 12.852878 13.137620 13.545046 13.944447 14.312487 14.584708 14.784356 14.868297 14.872178 14.757151 14.561890 14.253526 13.881533 13.444147 13.047453 12.790651 12.855601 13.140388 13.547721 13.947189 14.315072 14.587249 14.786633 14.870410 14.873952 14.758665 14.563028 14.254341 13.881972 13.444222 13.047157 12.789917 12.854429 13.138642 13.545536 13.944424 14.311977 14.583648 14.782854 14.866240 14.869768 14.754242 14.558767 14.250025 13.877988 13.440358 13.043690 12.786515 12.851097 13.135003 13.541758 13.940299 14.307801 14.579251 14.778555 14.861871 14.865630 14.750177 14.555047 14.246516 13.874919 13.437615 13.041417 12.784547 12.849400 13.133404 13.540298 13.938927 14.306614 14.578243 14.777827 14.861447 14.865605 14.750611 14.556036 14.248178 13.877373 13.441095 13.046145 12.791040 12.858148 13.145183 13.555511 13.958454 14.330841 14.608346 14.814275 14.905828 14.918520 14.814151 14.631011 14.337420 13.982355 13.566489 13.196275 12.976492 13.090591 13.438869 13.918098 14.401286 14.858879 15.233662 15.541804 15.749823 15.884598 15.919039 15.881822 15.755328 15.581716 15.386151 15.286430 15.444650 16.080709 17.092552 18.325069 19.646683 20.996510 22.340189 23.674324 25.000000 
25.000000 24.409927 23.812952 23.206223 22.578241 21.929399 21.243095 20.521620 19.742584 18.908237 17.990019 16.989889 15.881101 14.691828 13.485147 12.544657 12.420196 12.789993 13.297719 13.792743 14.179344 14.465042 14.615551 14.664917 14.580204 14.394748 14.069431 13.633383 13.049382 12.364885 11.622178 11.084156 11.214382 11.750064 12.374247 12.969529 13.442574 13.812045 14.037286 14.159408 14.139026 14.015624 13.744887 13.361330 12.823803 12.183954 11.480485 10.976839 11.129061 11.679971 12.314668 12.919021 13.399299 13.775591 14.006409 14.133802 14.117700 13.998295 13.730784 13.350207 12.815102 12.177467 11.475820 10.973771 11.127219 11.679116 12.314647 12.919665 13.400575 13.777332 14.008644 14.136343 14.120616 14.001368 13.734102 13.353515 12.818480 12.180645 11.478914 10.976708 11.130637 11.683044 12.319353 12.924795 13.406337 13.783262 14.015002 14.142626 14.127114 14.007564 13.740276 13.359154 12.823818 12.185211 11.482926 10.979987 11.133863 11.686242 12.322762 12.928131 13.409723 13.786392 14.017997 14.145229 14.129438 14.009423 13.741760 13.360159 12.824398 12.185348 11.482615 10.979226 11.132428 11.684178 12.319915 12.924763 13.405647 13.781982 14.013010 14.140112 14.123914 14.003985 13.736135 13.354863 12.819202 12.180739 11.478370 10.975515 11.128463 11.679924 12.315077 12.919696 13.400174 13.776517 14.007357 14.134666 14.118474 13.998912 13.731247 13.350485 12.815199 12.177385 11.475551 10.973304 11.126435 11.678010 12.313167 12.917912 13.398504 13.775099 14.006198 14.133885 14.118100 13.999050 13.731967 13.351882 12.817403 12.180511 11.479892 10.979250 11.135016 11.689833 12.329055 12.938211 13.424222 13.806622 14.044909 14.180253 14.173909 14.064793 13.809776 13.442187 12.922761 12.301892 11.622680 11.152158 11.362161 11.985441 12.705609 13.400397 13.982493 14.464683 14.815297 15.066918 15.190996 15.215376 15.107764 14.888383 14.530870 14.078407 13.612008 13.460437 14.267238 15.664060 17.268881 18.902256 20.490683 22.028965 23.524836 25.000000 
25.000000 24.376179 23.747164 23.103100 22.442585 21.750341 21.027264 20.251408 19.422997 18.510372 17.506477 16.361790 15.047460 13.485147 11.656641 9.812118 10.137436 11.108584 12.071687 12.828150 13.391465 13.754215 13.971925 14.025515 13.958059 13.731970 13.374990 12.830507 12.101237 11.106447 9.852557 8.545347 9.081699 10.142022 11.175124 11.999497 12.639008 13.075757 13.370112 13.493809 13.495681 13.331359 13.034451 12.543516 11.866679 10.920200 9.714768 8.451333 9.007240 10.077002 11.117820 11.948777 12.595186 13.037930 13.338253 13.466931 13.473569 13.313146 13.019884 12.531926 11.857844 10.913664 9.710356 8.448727 9.005922 10.076694 11.118339 11.950077 12.597094 13.040476 13.341230 13.470423 13.477328 13.317286 13.024112 12.536347 11.862092 10.917768 9.713872 8.451763 9.009617 10.081598 11.124076 11.956800 12.604218 13.048273 13.349080 13.478676 13.485345 13.325433 13.031737 12.543774 11.868660 10.923659 9.718446 8.455208 9.013024 10.085527 11.128184 11.961167 12.608398 13.052392 13.352771 13.482084 13.488194 13.327849 13.033544 12.545060 11.869368 10.923852 9.718184 8.454475 9.011457 10.082899 11.124743 11.956747 12.603421 13.046596 13.346673 13.475355 13.481422 13.320683 13.026621 12.538071 11.862988 10.917917 9.713384 8.450613 9.007223 10.077635 11.118856 11.950120 12.596621 13.039419 13.339643 13.468220 13.474653 13.314034 13.020520 12.532324 11.857992 10.913586 9.710090 8.448268 9.005026 10.075253 11.116445 11.947697 12.594393 13.037393 13.337980 13.466928 13.473861 13.313776 13.020900 12.533407 11.859843 10.916286 9.713662 8.453058 9.012834 10.087105 11.132664 11.969069 12.621213 13.070852 13.378482 13.516078 13.532072 13.382926 13.101112 12.626366 11.964609 11.033233 9.840392 8.595483 9.220453 10.381560 11.518498 12.453576 13.206014 13.766444 14.187783 14.452147 14.597092 14.589139 14.445475 14.113012 13.574974 12.748850 11.622757 10.493832 11.863743 14.010258 16.184135 18.190617 20.034996 21.753790 23.396051 25.000000 
25.000000 24.347620 23.687506 23.016428 22.321289 21.602114 20.839336 20.033749 19.156691 18.203775 17.128838 15.903332 14.426036 12.544657 9.812118 4.909735 7.173852 9.435221 11.001421 12.056705 12.741045 13.188430 13.421598 13.507158 13.420254 13.200081 12.794696 12.212420 11.351515 10.107107 8.082561 4.162974 6.374663 8.561202 10.117896 11.214329 11.959514 12.481864 12.788610 12.950034 12.932036 12.779679 12.434755 11.911604 11.104645 9.915400 7.948633 4.106484 6.318319 8.502974 10.061497 11.163080 11.913936 12.442691 12.755077 12.922097 12.908760 12.760824 12.419528 11.899753 11.095597 9.908966 7.944531 4.104829 6.317773 8.503335 10.062760 11.165102 11.916757 12.446096 12.759161 12.926591 12.913803 12.766093 12.425183 11.905391 11.101316 9.914180 7.948897 4.106613 6.321780 8.509209 10.070294 11.173455 11.926130 12.455723 12.769439 12.936741 12.924292 12.776122 12.435204 11.914593 11.110026 9.921497 7.954616 4.108812 6.325380 8.513844 10.075701 11.178890 11.931662 12.460816 12.774277 12.940921 12.927991 12.779059 12.437513 11.916126 11.110878 9.921700 7.954339 4.108575 6.323600 8.510712 10.071187 11.173494 11.925134 12.453751 12.766295 12.932712 12.919115 12.770275 12.428385 11.907469 11.102382 9.914319 7.948366 4.106214 6.319072 8.504439 10.063464 11.165221 11.916184 12.444829 12.757105 12.923865 12.910286 12.762014 12.420403 11.900272 11.095787 9.908861 7.944232 4.104646 6.316743 8.501531 10.060224 11.162036 11.913108 12.442099 12.754711 12.921981 12.908915 12.761292 12.420362 11.901001 11.097320 9.911129 7.946938 4.106489 6.323290 8.513089 10.077055 11.184190 11.941512 12.477089 12.797750 12.973503 12.970758 12.833727 12.505201 11.997551 11.205722 10.026037 8.056631 4.168927 6.496669 8.801847 10.476593 11.689395 12.558587 13.207298 13.653207 13.956794 14.095240 14.098612 13.918088 13.543217 12.863873 11.719260 9.607592 5.028390 8.665998 12.329093 15.252440 17.641075 19.695366 21.555147 23.302254 25.000000 
25.000000 24.322048 23.638809 22.939810 22.224028 21.474968 20.694218 19.857765 18.966244 17.984018 16.901762 15.658910 14.208696 12.420196 10.137436 7.173852 4.213016 8.415298 10.442071 11.595966 12.327578 12.765520 13.018880 13.083894 13.015716 12.774618 12.391292 11.798035 10.985293 9.825102 8.207605 5.961685 3.692777 7.553832 9.520930 10.703658 11.502852 12.016448 12.352426 12.494308 12.502752 12.330042 12.013288 11.479364 10.724897 9.618974 8.057880 5.869919 3.656580 7.496243 9.462111 10.648989 11.454782 11.974715 12.317263 12.464727 12.478539 12.310255 11.997636 11.467121 10.715801 9.612552 8.053947 5.868257 3.656961 7.497411 9.464160 10.652015 11.458574 11.979380 12.322507 12.470717 12.484921 12.317239 12.004798 11.474683 10.723232 9.619973 8.060615 5.873989 3.661335 7.505371 9.473735 10.663105 11.470196 11.991964 12.335120 12.483927 12.497766 12.330318 12.017137 11.486827 10.734197 9.630113 8.068871 5.880297 3.665159 7.511725 9.480676 10.670416 11.477093 11.998665 12.341061 12.489358 12.502267 12.334088 12.019906 11.488721 10.735122 9.630139 8.068126 5.878861 3.663190 7.507538 9.475105 10.663317 11.469143 11.989450 12.331369 12.478665 12.491461 12.322599 12.008686 11.477237 10.724380 9.619802 8.059332 5.871732 3.658314 7.499011 9.465222 10.652297 11.457967 11.977784 12.320004 12.467176 12.480556 12.311871 11.998769 11.467795 10.716000 9.612301 8.053319 5.867317 3.655766 7.494966 9.460878 10.647907 11.453901 11.974024 12.316782 12.464458 12.478522 12.310524 11.998251 11.468149 10.717301 9.614577 8.056472 5.871238 3.660749 7.506742 9.478276 10.671332 11.483554 12.011190 12.361923 12.519388 12.543731 12.388143 12.088413 11.572650 10.834690 9.744009 8.191169 6.003778 3.795448 7.803532 9.896629 11.205765 12.131641 12.783300 13.260952 13.559983 13.728459 13.730777 13.585049 13.226056 12.618041 11.618946 10.059958 7.739608 5.442763 11.373021 14.855459 17.413429 19.550247 21.462328 23.257818 25.000000 
25.000000 24.301760 23.595922 22.879974 22.140636 21.379511 20.576954 19.736853 18.831772 17.864294 16.795958 15.621849 14.289248 12.789993 11.108584 9.435221 8.415298 9.570888 10.700357 11.557510 12.137272 12.527192 12.725210 12.793820 12.700816 12.491385 12.115378 11.603133 10.890951 10.000400 8.902317 7.783382 7.187369 8.440416 9.636056 10.576522 11.243872 11.728651 12.015147 12.172018 12.157675 12.024448 11.715428 11.267670 10.612685 9.777719 8.730061 7.658731 7.098696 8.363308 9.566828 10.515979 11.191241 11.684121 11.977503 12.141000 12.132121 12.004003 11.699170 11.255267 10.603492 9.771453 8.726322 7.657247 7.099145 8.365093 9.569886 10.520056 11.196430 11.690103 11.984457 12.148537 12.140494 12.012752 11.708606 11.264848 10.613553 9.781363 8.736419 7.666955 7.109320 8.376502 9.583051 10.533981 11.211654 11.705542 12.000800 12.164642 12.157116 12.028715 11.724664 11.279835 10.628153 9.794462 8.748585 7.677327 7.118855 8.385925 9.592834 10.543267 11.220787 11.713786 12.008517 12.171247 12.162904 12.033261 11.728164 11.282051 10.629167 9.794247 8.747106 7.674727 7.114811 8.380333 9.585358 10.534581 11.210430 11.702637 11.995964 12.158316 12.148895 12.019295 11.713509 11.267866 10.614765 9.780779 8.733983 7.662862 7.103114 8.367916 9.571653 10.520630 11.195762 11.688223 11.981256 12.144199 12.134829 12.006083 11.700665 11.256104 10.603685 9.771002 8.725216 7.655527 7.096665 8.361682 9.565436 10.514808 11.190247 11.683311 11.976856 12.140547 12.131877 12.004027 11.699522 11.256038 10.604787 9.773406 8.729130 7.661240 7.105155 8.374853 9.584132 10.539309 11.221702 11.722196 12.024904 12.198394 12.201804 12.086699 11.797619 11.369943 10.737209 9.924140 8.901590 7.859570 7.351600 8.720204 10.039563 11.105393 11.908594 12.533310 12.975618 13.293727 13.459725 13.510985 13.404881 13.157917 12.714703 12.078523 11.242073 10.427320 10.388873 12.864769 15.367857 17.606937 19.619215 21.486095 23.262941 25.000000 
25.000000 24.283804 23.563147 22.827993 22.079033 21.300438 20.497232 19.647619 18.759695 17.805691 16.795921 15.699600 14.536453 13.297719 12.071687 11.001421 10.442071 10.700357 11.230959 11.727464 12.136806 12.400652 12.560948 12.578832 12.502342 12.286210 11.975704 11.522411 10.974979 10.305788 9.617880 9.017624 8.832900 9.313005 10.006353 10.634149 11.167460 11.541061 11.807493 11.918679 11.931480 11.792994 11.556306 11.167069 10.680454 10.064222 9.425912 8.867128 8.716166 9.216842 9.925910 10.565712 11.110081 11.492718 11.767621 11.885719 11.904927 11.771657 11.539751 11.154448 10.671404 10.058191 9.422579 8.866158 8.717183 9.219609 9.930067 10.571299 11.116737 11.500622 11.776340 11.895535 11.915330 11.783019 11.551483 11.167006 10.684125 10.071616 9.436020 8.880351 8.731659 9.235599 9.946801 10.589592 11.135420 11.520552 11.796194 11.916238 11.935478 11.803567 11.571018 11.186468 10.702168 10.089137 9.451848 8.895432 8.745296 9.249072 9.959373 10.601943 11.146669 11.531246 11.805559 11.924716 11.942457 11.809355 11.575201 11.189201 10.703271 10.088594 9.449720 8.891491 8.739770 9.241419 9.950163 10.590625 11.134171 11.516869 11.790462 11.908074 11.925580 11.791335 11.557417 11.170712 10.685434 10.070475 9.432531 8.874193 8.723096 9.223881 9.932622 10.572240 11.116055 11.498269 11.772470 11.889974 11.908388 11.774396 11.541641 11.155519 10.671598 10.057492 9.420996 8.863598 8.713677 9.214927 9.924371 10.564404 11.108964 11.491735 11.766783 11.885013 11.904406 11.771356 11.539766 11.154873 10.672400 10.059951 9.425402 8.870506 8.723776 9.229523 9.944089 10.590391 11.141749 11.532937 11.817103 11.946712 11.978395 11.860615 11.645421 11.280756 10.820063 10.234859 9.631481 9.119649 9.031177 9.623425 10.436027 11.194695 11.864031 12.389416 12.814486 13.105105 13.305728 13.380137 13.365575 13.227469 13.004330 12.693348 12.402491 12.310036 12.820642 14.309473 16.144260 18.012123 19.833578 21.591818 23.307848 25.000000 
25.000000 24.270309 23.533913 22.789822 22.025661 21.245974 20.433054 19.596699 18.714819 17.802855 16.837440 15.844177 14.810375 13.792743 12.828150 12.056705 11.595966 11.557510 11.727464 11.984580 12.201612 12.377661 12.450533 12.458215 12.350547 12.175407 11.885475 11.535830 11.091080 10.629893 10.162766 9.836332 9.733521 9.972353 10.351654 10.786257 11.150127 11.460641 11.648520 11.763725 11.748325 11.659740 11.443955 11.163846 10.778581 10.372804 9.952400 9.667705 9.597338 9.861981 10.260200 10.710874 11.087276 11.409044 11.605921 11.729316 11.720513 11.637925 11.427022 11.151328 10.769744 10.367263 9.949719 9.667518 9.599417 9.865920 10.265975 10.718075 11.096064 11.418942 11.617221 11.741453 11.733898 11.651902 11.442121 11.166814 10.786279 10.384055 9.967600 9.685697 9.618985 9.886081 10.287863 10.740479 11.120073 11.443069 11.642592 11.766419 11.759624 11.676679 11.467129 11.190386 10.809591 10.405592 9.988543 9.704804 9.637512 9.903092 10.304450 10.755620 11.134595 11.455991 11.654566 11.776608 11.768503 11.683617 11.472407 11.193630 10.810869 10.404819 9.985547 9.699798 9.630054 9.893693 10.292475 10.742002 11.118545 11.438779 11.635248 11.756691 11.746917 11.661995 11.449594 11.171273 10.787757 10.382496 9.962743 9.677812 9.607472 9.871549 10.269479 10.719394 11.095269 11.416141 11.612303 11.734704 11.725034 11.641382 11.429480 11.152670 10.769971 10.366337 9.947566 9.664172 9.594707 9.859967 10.258549 10.709468 11.086003 11.407880 11.604820 11.728313 11.719615 11.637218 11.426569 11.151282 10.770253 10.368592 9.952184 9.671607 9.605782 9.875373 10.279423 10.736418 11.120524 11.450699 11.658058 11.792958 11.798615 11.731946 11.541073 11.287598 10.934161 10.563753 10.188050 9.956367 9.956540 10.306294 10.808904 11.373328 11.882451 12.345835 12.707417 13.006479 13.202128 13.338262 13.382220 13.382057 13.325698 13.288048 13.322316 13.589691 14.245141 15.408220 16.866526 18.463715 20.097942 21.739746 23.372116 25.000000 
