25.000000 25.000000 25.000000 25.000000 25.000000 25.000000 25.000000 25.000000 25.000000 25.000000 25.000000 25.000000 25.000000 25.000000 25.000000 25.000000 25.000000 25.000000 25.000000 25.000000 25.000000 25.000000 25.000000 25.000000 25.000000 25.000000 25.000000 25.000000 25.000000 25.000000 25.000000 25.000000 25.000000 25.000000 25.000000 25.000000 25.000000 25.000000 25.000000 25.000000 25.000000 25.000000 25.000000 25.000000 25.000000 25.000000 25.000000 25.000000 25.000000 25.000000 25.000000 25.000000 25.000000 25.000000 25.000000 25.000000 25.000000 25.000000 25.000000 25.000000 25.000000 25.000000 25.000000 25.000000 25.000000 25.000000 25.000000 25.000000 25.000000 25.000000 25.000000 25.000000 25.000000 25.000000 25.000000 25.000000 25.000000 25.000000 25.000000 25.000000 25.000000 25.000000 25.000000 25.000000 25.000000 25.000000 25.000000 25.000000 25.000000 25.000000 25.000000 25.000000 25.000000 25.000000 25.000000 25.000000 25.000000 25.000000 25.000000 25.000000 25.000000 25.000000 25.000000 25.000000 25.000000 25.000000 25.000000 25.000000 25.000000 25.000000 25.000000 25.000000 25.000000 25.000000 25.000000 25.000000 25.000000 25.000000 25.000000 25.000000 25.000000 25.000000 25.000000 25.000000 25.000000 25.000000 25.000000 25.000000 25.000000 25.000000 25.000000 25.000000 25.000000 25.000000 25.000000 25.000000 25.000000 25.000000 25.000000 25.000000 25.000000 25.000000 25.000000 25.000000 25.000000 25.000000 25.000000 25.000000 25.000000 25.000000 25.000000 25.000000 25.000000 25.000000 25.000000 25.000000 25.000000 25.000000 25.000000 25.000000 25.000000 25.000000 25.000000 25.000000 25.000000 25.000000 25.000000 25.000000 25.000000 25.000000 25.000000 25.000000 25.000000 25.000000 25.000000 25.000000 25.000000 25.000000 25.000000 25.000000 25.000000 25.000000 25.000000 25.000000 25.000000 25.000000 25.000000 25.000000 25.000000 25.000000 25.000000 25.000000 25.000000 25.000000 25.000000 25.000000 25.000000 25.000000 25.000000 25.000000 
25.000000 24.942661 24.885269 24.827894 24.770433 24.713144 24.655943 24.599329 24.543299 24.488623 24.435385 24.384594 24.336332 24.291687 24.250546 24.213840 24.181032 24.152721 24.127857 24.106745 24.087978 24.071806 24.056749 24.043257 24.030016 24.017830 24.005646 23.994612 23.983868 23.974756 23.966421 23.960163 23.954908 23.951738 23.949265 23.948355 23.947403 23.947235 23.946243 23.945414 23.943312 23.941206 23.937908 23.934948 23.931324 23.928682 23.926027 23.924908 23.924131 23.924986 23.925991 23.928188 23.929907 23.932119 23.933170 23.934164 23.933634 23.932930 23.930853 23.928982 23.926311 23.924520 23.922619 23.922163 23.921980 23.923349 23.924820 23.927412 23.929495 23.932001 23.933334 23.934540 23.934225 23.933674 23.931763 23.929996 23.927458 23.925735 23.923941 23.923534 23.923445 23.924847 23.926397 23.929003 23.931149 23.933651 23.935024 23.936199 23.935902 23.935293 23.933371 23.931524 23.928953 23.927137 23.925297 23.924789 23.924643 23.925941 23.927429 23.929934 23.932011 23.934406 23.935703 23.936771 23.936384 23.935665 23.933640 23.931679 23.928993 23.927061 23.925097 23.924471 23.924196 23.925385 23.926744 23.929148 23.931103 23.933418 23.934603 23.935608 23.935125 23.934364 23.932259 23.930273 23.927517 23.925573 23.923544 23.922915 23.922579 23.923769 23.925074 23.927488 23.929401 23.931744 23.932907 23.933964 23.933483 23.932798 23.930729 23.928844 23.926153 23.924332 23.922394 23.921909 23.921692 23.923048 23.924505 23.927120 23.929228 23.931820 23.933245 23.934618 23.934488 23.934219 23.932617 23.931278 23.929214 23.928110 23.927000 23.927450 23.928314 23.930878 23.933727 23.937887 23.941784 23.946352 23.950064 23.953979 23.956802 23.959826 23.962061 23.965021 23.967962 23.972467 23.977858 23.985563 23.994762 24.006563 24.019928 24.035675 24.052670 24.071640 24.091608 24.113443 24.136528 24.162006 24.189692 24.220963 24.255957 24.296055 24.341425 24.393103 24.450937 24.515316 24.585588 24.661444 24.741808 24.825846 24.912287 25.000000 
25.000000 24.885269 24.770519 24.655565 24.540697 24.425699 24.311298 24.197390 24.085239 23.974943 23.868324 23.765627 23.669044 23.578672 23.496651 23.422424 23.357567 23.300470 23.251959 23.209454 23.173361 23.140661 23.111931 23.084301 23.058977 23.033596 23.010141 22.986784 22.966103 22.946514 22.930765 22.917030 22.907730 22.900414 22.896963 22.894306 22.894016 22.892782 22.892319 22.889528 22.886625 22.881001 22.875479 22.867947 22.861664 22.854757 22.850513 22.846848 22.846624 22.847179 22.850777 22.854187 22.859304 22.862711 22.866383 22.867146 22.867416 22.864536 22.861471 22.856081 22.851715 22.846495 22.843750 22.841415 22.842360 22.843966 22.848463 22.852695 22.858494 22.862539 22.866713 22.867968 22.868597 22.866095 22.863277 22.858179 22.853983 22.848997 22.846367 22.844233 22.845257 22.847036 22.851582 22.855961 22.861771 22.865925 22.870060 22.871374 22.871916 22.869417 22.866459 22.861317 22.856941 22.851871 22.849043 22.846802 22.847620 22.849281 22.853619 22.857868 22.863470 22.867477 22.871403 22.872551 22.872871 22.870182 22.866995 22.861635 22.857025 22.851715 22.848650 22.846151 22.846739 22.848137 22.852262 22.856255 22.861673 22.865442 22.869225 22.870161 22.870380 22.867512 22.864262 22.858751 22.854107 22.848665 22.845585 22.842962 22.843544 22.844828 22.848961 22.852852 22.858305 22.862007 22.865864 22.866781 22.867125 22.864298 22.861227 22.855818 22.851400 22.846115 22.843304 22.840891 22.841785 22.843332 22.847830 22.852062 22.857958 22.862108 22.866522 22.868040 22.869106 22.867083 22.864960 22.860630 22.857460 22.853611 22.852432 22.851910 22.854921 22.858919 22.866138 22.873518 22.882891 22.891062 22.899923 22.906601 22.913403 22.918056 22.923395 22.927769 22.934359 22.941866 22.953402 22.967564 22.986919 23.009607 23.037476 23.068258 23.103363 23.140566 23.181351 23.224058 23.270664 23.320383 23.375795 23.436966 23.506805 23.585796 23.676542 23.779211 23.895327 24.024113 24.165596 24.317963 24.479940 24.649078 24.823303 25.000000 
25.000000 24.827894 24.655565 24.483152 24.310286 24.137659 23.964977 23.793692 23.623781 23.457588 23.295458 23.140543 22.993328 22.857307 22.732418 22.621637 22.523462 22.439631 22.366850 22.305750 22.251841 22.205547 22.162228 22.123035 22.083979 22.047432 22.010345 21.976276 21.942898 21.914434 21.888605 21.869461 21.853935 21.845219 21.839079 21.837883 21.836636 21.837551 21.835659 21.833752 21.827511 21.820694 21.809862 21.799692 21.787424 21.778162 21.769213 21.765333 21.763102 21.766314 21.770468 21.778452 21.785078 21.793003 21.797123 21.800581 21.798962 21.796284 21.789049 21.782103 21.772659 21.765924 21.759207 21.757305 21.756842 21.761589 21.767134 21.776289 21.784002 21.792801 21.797760 21.801851 21.800875 21.798639 21.791895 21.785250 21.776192 21.769661 21.763262 21.761501 21.761320 21.766163 21.771955 21.781158 21.789072 21.797855 21.802944 21.806940 21.806011 21.803598 21.796820 21.789925 21.780764 21.773939 21.767393 21.765320 21.764963 21.769493 21.775097 21.783989 21.791695 21.800165 21.805021 21.808693 21.807495 21.804743 21.797653 21.790407 21.780897 21.773714 21.766787 21.764357 21.763601 21.767792 21.772995 21.781586 21.788910 21.797131 21.801643 21.805128 21.803637 21.800764 21.793430 21.786116 21.776398 21.769180 21.762064 21.759617 21.758680 21.762867 21.767902 21.776512 21.783705 21.791998 21.796442 21.800074 21.798595 21.795952 21.788729 21.781723 21.772202 21.765364 21.758524 21.756516 21.755930 21.760620 21.766100 21.775309 21.783077 21.792107 21.797316 21.801889 21.801443 21.800028 21.794189 21.788805 21.781139 21.776430 21.772049 21.772820 21.775448 21.783726 21.793348 21.807140 21.820202 21.835073 21.847038 21.859093 21.867332 21.875597 21.881041 21.888298 21.895384 21.907234 21.922089 21.944366 21.971743 22.007471 22.048336 22.096521 22.148417 22.205908 22.265884 22.330776 22.398695 22.473068 22.553490 22.644297 22.746225 22.863783 22.997862 23.151875 23.325594 23.520210 23.733688 23.964867 24.210297 24.467222 24.731644 25.000000 
25.000000 24.770433 24.540697 24.310286 24.079634 23.848186 23.617262 23.386578 23.158607 22.933615 22.715372 22.504707 22.306414 22.121275 21.954077 21.804218 21.675013 21.563223 21.470058 21.389853 21.322702 21.262016 21.208393 21.155817 21.106470 21.055689 21.007530 20.958719 20.914780 20.873152 20.839762 20.811495 20.793327 20.780439 20.776247 20.774273 20.777084 20.777676 20.779005 20.774696 20.768965 20.756693 20.743582 20.725800 20.710163 20.693521 20.682821 20.674412 20.674114 20.676693 20.686300 20.696173 20.709515 20.719120 20.728477 20.731068 20.731508 20.724581 20.716267 20.702679 20.690804 20.677481 20.669737 20.663961 20.665974 20.670637 20.682026 20.693531 20.708218 20.719091 20.729437 20.732998 20.734138 20.727949 20.720110 20.707088 20.695532 20.682663 20.675138 20.669756 20.671928 20.676947 20.688442 20.700258 20.714975 20.726082 20.736357 20.740044 20.740995 20.734810 20.726673 20.713547 20.701611 20.688559 20.680613 20.675005 20.676748 20.681520 20.692596 20.704149 20.718452 20.729267 20.739117 20.742466 20.742975 20.736399 20.727797 20.714224 20.701805 20.688257 20.679823 20.673681 20.674948 20.679173 20.689804 20.700821 20.714743 20.725060 20.734613 20.737532 20.737835 20.730902 20.722179 20.708309 20.695833 20.682026 20.673563 20.667173 20.668421 20.672403 20.683033 20.693832 20.707802 20.717972 20.727659 20.730536 20.731087 20.724237 20.715881 20.702225 20.690216 20.676735 20.668825 20.662857 20.664732 20.669237 20.680590 20.692051 20.706888 20.717928 20.728708 20.732748 20.734715 20.729435 20.722940 20.711397 20.701841 20.691183 20.686495 20.684252 20.690311 20.699654 20.716375 20.734026 20.755690 20.774597 20.794056 20.808134 20.821234 20.828897 20.836868 20.842215 20.851645 20.863142 20.883350 20.909958 20.948214 20.994421 21.051874 21.115633 21.187872 21.263678 21.345503 21.429783 21.520271 21.615490 21.720800 21.836830 21.970015 22.122156 22.299244 22.502365 22.734961 22.995607 23.284077 23.596300 23.929159 24.277262 24.636047 25.000000 
25.000000 24.713144 24.425699 24.137659 23.848186 23.558187 23.266973 22.976749 22.687422 22.402887 22.124014 21.856503 21.602011 21.367298 21.153423 20.966146 20.803524 20.668190 20.554033 20.460901 20.380198 20.311420 20.246063 20.185369 20.122503 20.061321 19.997131 19.936289 19.875837 19.823629 19.777023 19.743429 19.718376 19.706966 19.701813 19.705873 19.710058 19.717052 19.718029 19.717052 19.706835 19.693520 19.671780 19.649748 19.623718 19.602917 19.583956 19.575352 19.572016 19.580011 19.591526 19.610380 19.627209 19.645428 19.656025 19.663633 19.660830 19.654171 19.638235 19.621426 19.599997 19.583317 19.568020 19.562658 19.562233 19.572750 19.586563 19.607342 19.625963 19.645615 19.657589 19.666227 19.664469 19.658514 19.643368 19.627024 19.606205 19.589836 19.575050 19.569914 19.569960 19.580650 19.594896 19.615782 19.634762 19.654404 19.666615 19.675093 19.673414 19.667143 19.651918 19.635124 19.614100 19.597198 19.582134 19.576447 19.576181 19.586336 19.600262 19.620625 19.639263 19.658381 19.670202 19.678133 19.675999 19.669149 19.653395 19.635996 19.614370 19.596848 19.581121 19.574808 19.573847 19.583401 19.596624 19.616449 19.634418 19.653095 19.664322 19.671932 19.669300 19.662256 19.646097 19.628601 19.606642 19.589077 19.573042 19.566702 19.565424 19.574949 19.587862 19.607691 19.625404 19.644175 19.655262 19.663105 19.660492 19.653837 19.637875 19.620916 19.599310 19.582403 19.566849 19.561255 19.560564 19.570923 19.584557 19.605352 19.623991 19.643951 19.656267 19.665634 19.664679 19.660019 19.646294 19.631969 19.613373 19.599941 19.588398 19.587360 19.591936 19.608181 19.628597 19.656885 19.684132 19.713556 19.736765 19.758146 19.771091 19.781885 19.786167 19.792049 19.797102 19.810341 19.829939 19.863901 19.908915 19.970127 20.041725 20.126266 20.216822 20.315426 20.416212 20.522583 20.631226 20.747822 20.872169 21.012205 21.170378 21.355585 21.570929 21.823380 22.113443 22.443178 22.808704 23.207094 23.631582 24.076618 24.534885 25.000000 
25.000000 24.655943 24.311298 23.964977 23.617262 23.266973 22.915693 22.562702 22.211445 21.862347 21.521292 21.190340 20.877831 20.586779 20.326168 20.096926 19.904745 19.744663 19.616985 19.511391 19.425766 19.348537 19.279070 19.207603 19.136852 19.059994 18.983385 18.903149 18.828650 18.757887 18.701269 18.655884 18.629782 18.615910 18.618160 18.625599 18.640217 18.650307 18.659000 18.656233 18.647793 18.626225 18.600256 18.565138 18.532026 18.497955 18.474709 18.458504 18.458551 18.467180 18.489368 18.513805 18.543453 18.566372 18.586479 18.593536 18.593906 18.580004 18.560951 18.531914 18.504280 18.475075 18.456169 18.443853 18.447309 18.459026 18.483843 18.510702 18.542330 18.567123 18.588675 18.597157 18.598530 18.585693 18.567299 18.539059 18.511847 18.483276 18.464664 18.452923 18.456619 18.468895 18.493904 18.521275 18.552990 18.578173 18.599636 18.608320 18.609398 18.596548 18.577662 18.549217 18.521372 18.492468 18.473164 18.461039 18.464060 18.475948 18.500322 18.527302 18.558393 18.583143 18.603966 18.612141 18.612535 18.599087 18.579475 18.550341 18.521738 18.492058 18.471977 18.459009 18.461262 18.472275 18.495930 18.522049 18.552525 18.576485 18.596830 18.604336 18.604420 18.590433 18.570663 18.541103 18.512444 18.482397 18.462294 18.448952 18.451160 18.461769 18.485374 18.511108 18.541603 18.565289 18.585808 18.593220 18.593679 18.579824 18.560635 18.531424 18.503515 18.473997 18.454760 18.442070 18.445229 18.456606 18.481264 18.507944 18.539690 18.564613 18.586708 18.595789 18.598293 18.586699 18.570202 18.544046 18.519707 18.494295 18.479774 18.472548 18.481871 18.500366 18.532925 18.568672 18.610376 18.646702 18.681293 18.704741 18.723095 18.729868 18.733868 18.731678 18.734375 18.740719 18.762159 18.796923 18.853415 18.926121 19.018629 19.122080 19.237719 19.356724 19.481335 19.605478 19.734226 19.865520 20.007853 20.163446 20.343708 20.553862 20.805504 21.102787 21.452257 21.851994 22.300467 22.789831 23.313457 23.861765 24.426874 25.000000 
25.000000 24.599329 24.197390 23.793692 23.386578 22.976749 22.562702 22.146923 21.728888 21.313763 20.903111 20.505735 20.125946 19.775820 19.460394 19.190641 18.965765 18.788734 18.648758 18.541912 18.452887 18.377892 18.303192 18.229120 18.145781 18.058414 17.961285 17.864267 17.765409 17.677999 17.601639 17.549055 17.515902 17.508724 17.515755 17.538139 17.560804 17.584946 17.596897 17.601076 17.587099 17.563313 17.523054 17.478500 17.426540 17.382143 17.343735 17.325365 17.321768 17.340746 17.370018 17.411953 17.451216 17.490040 17.514576 17.530014 17.525808 17.510849 17.478350 17.440821 17.395098 17.356314 17.322929 17.309011 17.309429 17.331877 17.364319 17.408899 17.450632 17.491413 17.517839 17.534660 17.531868 17.517824 17.486359 17.449394 17.404446 17.366018 17.333294 17.319664 17.320747 17.343473 17.376589 17.421383 17.463697 17.504515 17.531321 17.547922 17.545240 17.530704 17.499077 17.461395 17.416071 17.376801 17.343599 17.329123 17.329729 17.351681 17.384348 17.428417 17.470264 17.510353 17.536615 17.552441 17.549107 17.533733 17.501339 17.462767 17.416567 17.376369 17.342194 17.326775 17.326336 17.347368 17.378967 17.422209 17.463045 17.502459 17.527834 17.543186 17.539139 17.523504 17.490564 17.451906 17.405279 17.365076 17.330494 17.315044 17.314131 17.335070 17.366150 17.409311 17.449694 17.489172 17.514288 17.529943 17.525908 17.510849 17.478212 17.440376 17.394306 17.355101 17.321243 17.306877 17.306793 17.328876 17.360914 17.405365 17.446959 17.488018 17.514753 17.532444 17.530609 17.518219 17.488569 17.454264 17.412230 17.377720 17.349302 17.341160 17.348289 17.378464 17.419798 17.474485 17.527756 17.581562 17.622833 17.656418 17.672840 17.680622 17.674417 17.666420 17.655333 17.656002 17.669117 17.708218 17.770451 17.862309 17.973942 18.105707 18.245184 18.392418 18.537510 18.683769 18.826073 18.972179 19.122637 19.290022 19.480631 19.710649 19.989136 20.330006 20.736727 21.212074 21.748461 22.338303 22.968941 23.630112 24.310276 25.000000 
25.000000 24.543299 24.085239 23.623781 23.158607 22.687422 22.211445 21.728888 21.243416 20.755104 20.271650 19.796940 19.344400 18.922571 18.548944 18.230841 17.978941 17.785975 17.647402 17.543659 17.465975 17.394926 17.326683 17.247019 17.158735 17.053104 16.939072 16.813341 16.690722 16.572884 16.478231 16.408241 16.376045 16.372217 16.397991 16.434608 16.479906 16.515350 16.542557 16.547230 16.536198 16.499876 16.450130 16.382366 16.313465 16.243614 16.192688 16.160795 16.162363 16.187180 16.237936 16.295586 16.359324 16.410460 16.451649 16.468416 16.468319 16.441601 16.400595 16.340595 16.278746 16.215208 16.169941 16.143143 16.149174 16.178041 16.232235 16.293062 16.359377 16.412966 16.456011 16.474627 16.475780 16.450401 16.410160 16.351110 16.289690 16.226887 16.181911 16.155836 16.162197 16.191881 16.246426 16.308060 16.374590 16.428801 16.471775 16.490696 16.491425 16.465990 16.424990 16.365561 16.303146 16.239758 16.193726 16.167036 16.172432 16.201582 16.255285 16.316423 16.382147 16.435799 16.477917 16.496155 16.495947 16.469685 16.427670 16.367277 16.303791 16.239313 16.192169 16.164276 16.168547 16.196417 16.249050 16.308924 16.373726 16.426231 16.467659 16.484949 16.484320 16.457344 16.415171 16.354269 16.290796 16.225904 16.178791 16.150412 16.154589 16.181824 16.234270 16.293482 16.358185 16.410202 16.451788 16.468897 16.468773 16.441988 16.400663 16.340309 16.277958 16.213873 16.168016 16.140562 16.146015 16.174236 16.228012 16.288383 16.354643 16.408180 16.451746 16.470936 16.473394 16.449446 16.411524 16.355013 16.297184 16.238316 16.198519 16.178127 16.191633 16.229168 16.293291 16.365459 16.444584 16.512688 16.572046 16.609179 16.631212 16.629751 16.616755 16.589371 16.564529 16.544836 16.550091 16.583239 16.657860 16.766304 16.909121 17.069826 17.244888 17.419098 17.592520 17.755651 17.914112 18.065136 18.220495 18.385246 18.578146 18.812218 19.110382 19.486048 19.952572 20.507189 21.143002 21.843399 22.593889 23.378180 24.184120 25.000000 
25.000000 24.488623 23.974943 23.457588 22.933615 22.402887 21.862347 21.313763 20.755104 20.191589 19.624638 19.065971 18.524288 18.021120 17.573032 17.204838 16.923016 16.728817 16.599684 16.519350 16.459547 16.409151 16.347578 16.273537 16.174200 16.056194 15.913230 15.759306 15.595659 15.444576 15.314309 15.229630 15.191459 15.206104 15.252235 15.322392 15.390846 15.453979 15.492063 15.509071 15.491567 15.449844 15.376244 15.287342 15.182643 15.086129 15.004179 14.962712 14.961250 15.007608 15.080104 15.173037 15.260644 15.340702 15.393358 15.423532 15.417594 15.386447 15.322266 15.241986 15.145034 15.055546 14.979930 14.944087 14.947707 14.998440 15.074941 15.171190 15.261915 15.344408 15.399440 15.431300 15.427098 15.396998 15.334013 15.254278 15.158141 15.068916 14.994005 14.958450 14.962951 15.014149 15.091687 15.188386 15.280041 15.362700 15.418323 15.449918 15.445855 15.415030 15.351727 15.270884 15.174070 15.083536 15.007814 14.971018 14.974828 15.025017 15.102016 15.197835 15.288943 15.370692 15.425632 15.456209 15.451283 15.419330 15.354991 15.272936 15.174934 15.083129 15.006070 14.967952 14.970284 15.019144 15.094609 15.189209 15.278866 15.359636 15.413332 15.443254 15.437373 15.405118 15.340131 15.258079 15.159653 15.067986 14.990509 14.952394 14.954059 15.002657 15.077247 15.171538 15.260401 15.341102 15.394333 15.424595 15.418705 15.387248 15.322731 15.241884 15.144332 15.054129 14.977733 14.941110 14.943852 14.993861 15.069559 15.165362 15.255611 15.338191 15.393331 15.426049 15.422789 15.394558 15.333611 15.257015 15.164305 15.079795 15.010048 14.981163 14.992977 15.053255 15.140736 15.249454 15.354266 15.452544 15.525323 15.577028 15.595252 15.590408 15.556372 15.509778 15.452484 15.408723 15.388160 15.416781 15.497358 15.635926 15.813001 16.019587 16.232643 16.446566 16.645739 16.832201 16.998491 17.153753 17.299124 17.452322 17.626158 17.849691 18.147427 18.551229 19.075235 19.721106 20.469389 21.298405 22.182920 23.104599 24.047319 25.000000 
25.000000 24.435385 23.868324 23.295458 22.715372 22.124014 21.521292 20.903111 20.271650 19.624638 18.969339 18.310026 17.665657 17.055529 16.517227 16.082193 15.779465 15.594836 15.503167 15.461129 15.443711 15.419692 15.380944 15.309370 15.208332 15.067591 14.898349 14.698063 14.488032 14.278424 14.104795 13.987185 13.954049 13.990396 14.082447 14.192663 14.307098 14.397426 14.462630 14.484567 14.471137 14.410712 14.317636 14.187467 14.043603 13.893963 13.775141 13.704791 13.712250 13.781757 13.901741 14.034949 14.169387 14.276787 14.357390 14.392863 14.391880 14.342586 14.259792 14.138905 14.003563 13.861646 13.749785 13.685728 13.698674 13.773157 13.897328 14.034426 14.171986 14.282390 14.365218 14.402927 14.403383 14.355636 14.273595 14.153672 14.018577 13.877289 13.765538 13.702251 13.715646 13.791341 13.916222 14.054626 14.192698 14.304089 14.386931 14.425093 14.424968 14.377073 14.293890 14.173269 14.036619 13.894287 13.780899 13.716622 13.728718 13.803768 13.927686 14.065580 14.202724 14.313480 14.395260 14.432558 14.431208 14.382225 14.297693 14.175797 14.037724 13.893949 13.779067 13.713158 13.723675 13.796919 13.919283 14.055375 14.191182 14.300328 14.381130 14.417146 14.415256 14.365390 14.280765 14.158375 14.020541 13.876478 13.761843 13.695413 13.705729 13.777945 13.899762 14.034690 14.170094 14.278376 14.359237 14.394920 14.393669 14.344086 14.260671 14.139149 14.002979 13.860191 13.747381 13.682265 13.694192 13.767525 13.890814 14.026958 14.164090 14.274055 14.357200 14.395268 14.397039 14.350720 14.271254 14.154125 14.023155 13.886372 13.780665 13.724001 13.745817 13.830721 13.966911 14.117625 14.270458 14.397900 14.499654 14.558451 14.582350 14.560951 14.508540 14.422652 14.326900 14.232514 14.177039 14.182706 14.278863 14.452211 14.687370 14.948604 15.219530 15.475091 15.711671 15.916097 16.093895 16.240662 16.369926 16.488733 16.624466 16.804743 17.078405 17.489845 18.076036 18.827974 19.715046 20.694872 21.734789 22.808468 23.900558 25.000000 
25.000000 24.384594 23.765627 23.140543 22.504707 21.856503 21.190340 20.505735 19.796940 19.065971 18.310026 17.539137 16.763712 16.018110 15.348003 14.827240 14.506210 14.367896 14.343554 14.378288 14.419137 14.444961 14.430279 14.374668 14.264332 14.107487 13.896277 13.646565 13.361793 13.076292 12.821144 12.660262 12.628511 12.718976 12.874575 13.058708 13.226101 13.365984 13.454043 13.495411 13.474849 13.404207 13.273514 13.101255 12.888486 12.670934 12.476554 12.368999 12.380187 12.505339 12.688313 12.895506 13.082242 13.239504 13.342874 13.398440 13.390668 13.331971 13.212139 13.049976 12.846428 12.637328 12.450646 12.349919 12.367243 12.497610 12.685357 12.896468 13.086928 13.247063 13.353274 13.410790 13.405042 13.347441 13.228858 13.067029 12.864085 12.654838 12.468579 12.367953 12.386426 12.517704 12.707184 12.919279 13.111268 13.271851 13.378976 13.436201 13.430620 13.371974 13.252804 13.089267 12.885095 12.673742 12.486017 12.383524 12.401051 12.531205 12.720224 12.931437 13.122911 13.282452 13.388774 13.444711 13.438021 13.377895 13.257371 13.092249 12.886540 12.673545 12.484092 12.379836 12.395335 12.523584 12.710417 12.919858 13.109282 13.267425 13.372038 13.427083 13.419154 13.358710 13.237492 13.072613 12.866699 12.654277 12.464691 12.360635 12.375194 12.502724 12.687972 12.896546 13.084562 13.242325 13.346135 13.401514 13.393535 13.334175 13.213685 13.050578 12.846083 12.635892 12.448041 12.346079 12.361962 12.490996 12.677275 12.887363 13.076760 13.236567 13.342463 13.400638 13.395611 13.339913 13.223382 13.064982 12.865753 12.661798 12.481323 12.388303 12.415117 12.556860 12.757716 12.983645 13.190568 13.368916 13.495178 13.574753 13.593311 13.562495 13.473756 13.345383 13.181057 13.017387 12.887559 12.858135 12.967155 13.206685 13.520196 13.867925 14.206698 14.522593 14.795302 15.026618 15.206950 15.345075 15.439367 15.508213 15.568355 15.666404 15.863847 16.253708 16.905329 17.799709 18.863941 20.031248 21.250507 22.493927 23.745647 25.000000 
25.000000 24.336332 23.669044 22.993328 22.306414 21.602011 20.877831 20.125946 19.344400 18.524288 17.665657 16.763712 15.831940 14.895234 14.029435 13.361445 13.050239 13.013933 13.124864 13.273971 13.409589 13.493338 13.520542 13.475877 13.366838 13.182259 12.932709 12.610689 12.236279 11.824871 11.443225 11.185409 11.180754 11.362426 11.638161 11.919570 12.172604 12.362770 12.492133 12.543660 12.528616 12.433190 12.270928 12.031804 11.738109 11.402313 11.091086 10.892938 10.934079 11.148919 11.450543 11.752796 12.024402 12.231042 12.375944 12.441673 12.440113 12.357082 12.206502 11.978142 11.694476 11.367928 11.065114 10.874579 10.922213 11.142847 11.449288 11.756062 12.031274 12.241453 12.388929 12.457288 12.457316 12.375998 12.226030 11.998451 11.714499 11.387983 11.084519 10.894370 10.942736 11.165467 11.473528 11.782571 12.058893 12.270644 12.418303 12.487318 12.486567 12.404952 12.253294 12.024484 11.738058 11.409567 11.103341 10.911397 10.958158 11.180415 11.487723 11.796497 12.071921 12.283030 12.429410 12.497348 12.495008 12.411974 12.258553 12.028099 11.739857 11.409575 11.101487 10.907461 10.952028 11.171713 11.476736 11.782940 12.056434 12.265305 12.410317 12.476533 12.473497 12.389392 12.236023 12.005247 11.717789 11.387809 11.080733 10.886563 10.930627 11.148369 11.451900 11.755945 12.028395 12.235790 12.380647 12.446301 12.444055 12.360357 12.208698 11.979301 11.694383 11.366591 11.062431 10.870358 10.916289 11.134937 11.439681 11.744676 12.018807 12.227896 12.375264 12.443537 12.444695 12.364585 12.217253 11.992493 11.712981 11.391274 11.094454 10.911607 10.969437 11.202524 11.523405 11.846251 12.139217 12.368745 12.537366 12.628672 12.653628 12.599312 12.478592 12.282997 12.034549 11.749485 11.497665 11.378092 11.524929 11.870920 12.318799 12.780057 13.216740 13.597406 13.920327 14.173041 14.362212 14.479647 14.534253 14.524696 14.474333 14.419333 14.456866 14.748853 15.491863 16.596619 17.909763 19.312389 20.742062 22.169436 23.588102 25.000000 
25.000000 24.291687 23.578672 22.857307 22.121275 21.367298 20.586779 19.775820 18.922571 18.021120 17.055529 16.018110 14.895234 13.701449 12.502563 11.538866 11.307325 11.512735 11.853205 12.183140 12.434422 12.598259 12.663168 12.641459 12.524248 12.322000 12.020802 11.627202 11.127699 10.543685 9.922553 9.457390 9.527384 9.911808 10.374369 10.808798 11.157760 11.420346 11.582185 11.658461 11.636333 11.528982 11.319367 11.016884 10.605659 10.109073 9.570468 9.177515 9.292579 9.705602 10.188447 10.640568 11.005632 11.284096 11.460946 11.551916 11.543556 11.449411 11.252095 10.961231 10.560840 10.074358 9.545149 9.160557 9.282723 9.701571 10.189761 10.646274 11.015631 11.297384 11.477576 11.570768 11.564755 11.471723 11.275650 10.984695 10.584298 10.096513 9.566335 9.180636 9.304652 9.725907 10.217450 10.676113 11.047997 11.330665 11.512212 11.605083 11.599264 11.504766 11.307718 11.014192 10.611609 10.120237 9.586960 9.197863 9.320898 9.741621 10.233383 10.691541 11.063132 11.344665 11.525263 11.616487 11.609215 11.512767 11.313947 11.018371 10.613873 10.120516 9.585251 9.194047 9.314265 9.732118 10.220682 10.676234 11.044948 11.324501 11.502768 11.592767 11.583871 11.487063 11.287514 10.992594 10.588475 10.096846 9.562830 9.173023 9.291559 9.707140 10.192447 10.645905 11.012166 11.290814 11.467798 11.558096 11.549087 11.453718 11.255248 10.962902 10.561127 10.073164 9.542493 9.156275 9.276095 9.692493 10.178067 10.632591 10.999963 11.280715 11.459908 11.553349 11.547600 11.456312 11.262067 10.974624 10.577963 10.095771 9.571673 9.194167 9.327391 9.760345 10.264537 10.738692 11.127052 11.429445 11.631790 11.748913 11.768410 11.702511 11.534877 11.273450 10.903623 10.448330 9.957378 9.631631 9.867044 10.433263 11.087355 11.716759 12.265835 12.729961 13.098930 13.383006 13.573699 13.677044 13.679646 13.581984 13.373785 13.079723 12.787115 12.792974 13.710777 15.185135 16.861977 18.566481 20.233393 21.853647 23.436472 25.000000 
25.000000 24.250546 23.496651 22.732418 21.954077 21.153423 20.326168 19.460394 18.548944 17.573032 16.517227 15.348003 14.029435 12.502563 10.740501 8.973693 9.127462 9.863097 10.592079 11.153982 11.546701 11.782306 11.892410 11.880970 11.766696 11.538474 11.201299 10.728003 10.103627 9.279881 8.245910 7.176443 7.559577 8.362759 9.138701 9.759453 10.229279 10.551923 10.757778 10.843585 10.829248 10.699031 10.460639 10.084241 9.558518 8.834394 7.904136 6.933704 7.353027 8.170054 8.956920 9.589499 10.073243 10.410442 10.631539 10.732163 10.732432 10.616011 10.390828 10.026833 9.512839 8.799836 7.880082 6.919502 7.345930 8.169024 8.960993 9.598592 10.086386 10.427711 10.651776 10.755519 10.757583 10.643122 10.418409 10.054937 9.539742 8.825230 7.902022 6.938272 7.367483 8.195777 8.991771 9.633411 10.123260 10.466916 10.691343 10.795967 10.796987 10.682054 10.454976 10.089578 9.570562 8.852293 7.923483 6.954529 7.383082 8.212659 9.009150 9.651258 10.140375 10.483374 10.706189 10.809392 10.808291 10.691455 10.462037 10.094501 9.573205 8.852868 7.922147 6.951262 7.376425 8.201983 8.994950 9.633368 10.119738 10.459674 10.680592 10.781472 10.779411 10.661181 10.431924 10.064268 9.544648 8.826126 7.899218 6.931747 7.354278 8.174700 8.963678 9.598096 10.082397 10.420044 10.640547 10.740592 10.739501 10.621804 10.394846 10.029214 9.513406 8.798819 7.877643 6.915679 7.338995 8.158401 8.947202 9.581726 10.067456 10.406749 10.630054 10.733019 10.735831 10.622115 10.399906 10.039019 9.528346 8.818615 7.902212 6.945949 7.385552 8.225375 9.035655 9.692472 10.200808 10.563882 10.811399 10.940002 10.968555 10.881575 10.684931 10.348708 9.858147 9.162843 8.251878 7.307824 7.878349 8.891431 9.880594 10.716282 11.399876 11.939777 12.362425 12.669096 12.872531 12.959509 12.925302 12.736564 12.359096 11.728585 10.818894 9.918450 11.373136 13.566384 15.786524 17.854818 19.771378 21.573545 23.304136 25.000000 
25.000000 24.213840 23.422424 22.621637 21.804218 20.966146 20.096926 19.190641 18.230841 17.204838 16.082193 14.827240 13.361445 11.538866 8.973693 4.487943 6.355161 8.220110 9.482415 10.294007 10.796515 11.091849 11.221014 11.223314 11.099596 10.863903 10.494486 9.979880 9.257277 8.226298 6.587247 3.442892 5.154945 6.840942 8.035558 8.861023 9.421006 9.800271 10.024059 10.128824 10.107972 9.977217 9.710811 9.300872 8.683629 7.765786 6.257440 3.300077 4.996969 6.664539 7.855062 8.687055 9.258659 9.652599 9.891782 10.012398 10.006829 9.890931 9.638547 9.241938 8.637334 7.731559 6.235256 3.290976 4.993988 6.666779 7.862760 8.699506 9.276041 9.673774 9.916947 10.040173 10.037449 9.922823 9.671886 9.274896 8.669708 7.760778 6.259082 3.301459 5.014161 6.695649 7.898630 8.739345 9.319591 9.718640 9.963575 10.086349 10.083835 9.967263 9.715000 9.314523 8.706091 7.791402 6.282478 3.311203 5.028286 6.713423 7.918729 8.759672 9.339838 9.737456 9.981097 10.101623 10.097104 9.977881 9.723212 9.320004 8.709102 7.792068 6.281444 3.310146 5.021760 6.701752 7.902193 8.739379 9.315611 9.710526 9.951034 10.069855 10.063118 9.943318 9.687633 9.285321 8.675307 7.761821 6.256861 3.299301 5.001222 6.672489 7.865912 8.699081 9.271601 9.665113 9.903867 10.023022 10.016088 9.898101 9.643776 9.244843 8.638165 7.730438 6.232960 3.289457 4.986957 6.654586 7.845973 8.679321 9.252631 9.648458 9.889704 10.012569 10.009413 9.896184 9.646604 9.253025 8.651315 7.748007 6.252131 3.301795 5.025232 6.719891 7.936807 8.794679 9.392898 9.813828 10.081497 10.231100 10.255997 10.170270 9.948103 9.578283 8.994504 8.092999 6.562360 3.469428 5.432879 7.373512 8.810157 9.867893 10.658850 11.266844 11.723068 12.058419 12.270145 12.363155 12.309987 12.079870 11.585109 10.656626 8.833307 4.688798 8.292006 11.920739 14.858941 17.294884 19.421124 21.365017 23.205612 25.000000 
25.000000 24.181032 23.357567 22.523462 21.675013 20.803524 19.904745 18.965765 17.978941 16.923016 15.779465 14.506210 13.050239 11.307325 9.127462 6.355161 3.585129 7.166924 8.823463 9.724385 10.253498 10.545180 10.676477 10.667176 10.544467 10.297860 9.932860 9.415544 8.719302 7.760272 6.433888 4.617520 2.776366 5.791344 7.301554 8.201705 8.793436 9.173919 9.409337 9.507822 9.496562 9.359308 9.104465 8.695162 8.109274 7.263227 6.059699 4.379148 2.670148 5.615073 7.111540 8.016706 8.621454 9.017650 9.270215 9.385633 9.391089 9.269679 9.029946 8.634881 8.062409 7.229203 6.037915 4.369516 2.671703 5.620986 7.122609 8.033482 8.642924 9.044066 9.300165 9.419415 9.427066 9.308172 9.069116 8.674920 8.101150 7.266273 6.070340 4.395642 2.690404 5.655496 7.164642 8.081145 8.693120 9.097059 9.353428 9.473684 9.479925 9.360444 9.118427 8.721935 8.143463 7.303987 6.100693 4.417573 2.702918 5.676721 7.188296 8.105688 8.716565 9.119425 9.373455 9.491652 9.494942 9.372804 9.127570 8.728120 8.146504 7.304167 6.098333 4.413136 2.696603 5.662971 7.169339 8.081770 8.689011 9.087848 9.339330 9.454396 9.456256 9.332069 9.086720 8.686696 8.106779 7.266319 6.065424 4.386722 2.677815 5.628211 7.126946 8.033688 8.638274 9.034272 9.285322 9.399346 9.402421 9.278795 9.036201 8.638474 8.063101 7.227314 6.033776 4.363748 2.664505 5.606022 7.102404 8.008667 8.614911 9.012878 9.267391 9.384938 9.392773 9.273917 9.037066 8.644983 8.075704 7.245368 6.056408 4.389024 2.693636 5.672009 7.196936 8.129816 8.762216 9.187386 9.469608 9.616529 9.654016 9.566061 9.358896 8.995325 8.448564 7.631265 6.435122 4.733535 3.010222 6.344502 8.118620 9.267227 10.100780 10.725531 11.204581 11.551788 11.786469 11.895186 11.871617 11.672886 11.244842 10.468698 9.168908 7.165089 5.185349 10.961517 14.433611 17.041182 19.253208 21.257881 23.153292 25.000000 
25.000000 24.152721 23.300470 22.439631 21.563223 20.668190 19.744663 18.788734 17.785975 16.728817 15.594836 14.367896 13.013933 11.512735 9.863097 8.220110 7.166924 8.038993 8.902905 9.526572 9.925749 10.158892 10.247393 10.224442 10.086569 9.850208 9.496872 9.030130 8.419374 7.661596 6.750997 5.816931 5.303867 6.246504 7.152711 7.850791 8.346593 8.692609 8.898271 8.996528 8.977044 8.858941 8.619486 8.265967 7.765249 7.118067 6.316133 5.486587 5.054190 6.013902 6.932376 7.646497 8.160355 8.525951 8.750944 8.868346 8.866976 8.766162 8.542897 8.204556 7.718129 7.084218 6.294937 5.476873 5.054859 6.021839 6.947334 7.667297 8.187212 8.557400 8.787310 8.907920 8.910180 8.811103 8.590032 8.251817 7.765886 7.130243 6.339520 5.518435 5.096263 6.068441 7.000010 7.723296 8.246934 8.618111 8.849858 8.969642 8.972091 8.870584 8.648080 8.305894 7.816798 7.175590 6.379886 5.552241 5.125914 6.098098 7.030362 7.752507 8.275171 8.643867 8.873507 8.990039 8.989619 8.884435 8.658559 8.312544 7.819828 7.174922 6.375607 5.544477 5.113995 6.080873 7.007474 7.725094 8.242837 8.608079 8.833635 8.947824 8.944307 8.838001 8.610237 8.264508 7.771459 7.128550 6.330766 5.502803 5.072494 6.034087 6.954505 7.668646 8.182569 8.546617 8.770246 8.885009 8.881215 8.777049 8.550636 8.208590 7.718651 7.081076 6.288291 5.466786 5.040714 6.002182 6.922056 7.637570 8.153036 8.520326 8.747182 8.866648 8.867537 8.769339 8.548914 8.213894 7.730996 7.101175 6.316324 5.504166 5.091585 6.077497 7.023453 7.765356 8.308301 8.703821 8.960809 9.111333 9.145466 9.081017 8.896026 8.595523 8.147038 7.548351 6.794243 6.019357 5.687995 6.875646 8.033833 8.981605 9.730269 10.329910 10.796590 11.157676 11.408723 11.559496 11.590826 11.495209 11.238639 10.804411 10.199459 9.617299 9.777264 12.306366 14.868543 17.183020 19.289658 21.259998 23.148626 25.000000 
25.000000 24.127857 23.251959 22.366850 21.470058 20.554033 19.616985 18.648758 17.647402 16.599684 15.503167 14.343554 13.124864 11.853205 10.592079 9.482415 8.823463 8.902905 9.222588 9.531527 9.764031 9.891800 9.929754 9.868890 9.727156 9.490858 9.174285 8.760626 8.266459 7.690002 7.091567 6.573482 6.375659 6.713478 7.211980 7.671429 8.049513 8.317288 8.494575 8.566910 8.556097 8.443860 8.248501 7.949681 7.567594 7.097190 6.600063 6.171919 6.045964 6.426951 6.957301 7.443589 7.847138 8.138630 8.338771 8.432366 8.441689 8.348125 8.170189 7.887605 7.520486 7.064176 6.579815 6.163685 6.047963 6.438149 6.975990 7.469743 7.879148 8.176785 8.381265 8.479665 8.491803 8.401651 8.225011 7.944419 7.577127 7.121490 6.635917 6.220201 6.104598 6.498713 7.039276 7.537060 7.947896 8.248100 8.452309 8.551673 8.561901 8.471104 8.291018 8.008197 7.636086 7.176792 6.685503 6.265650 6.145451 6.538051 7.076302 7.572721 7.980672 8.278622 8.479223 8.575521 8.581620 8.487112 8.302591 8.015594 7.638951 7.175189 6.679402 6.254761 6.129775 6.516606 7.049716 7.540431 7.944023 8.236931 8.434232 8.526383 8.530367 8.432785 8.247412 7.958553 7.582335 7.117914 6.623449 6.198339 6.073199 6.455963 6.986176 7.472700 7.874613 8.164803 8.362066 8.453103 8.458634 8.361542 8.179214 7.892428 7.520631 7.059730 6.570637 6.149576 6.028781 6.413029 6.945485 7.433631 7.838804 8.131991 8.333895 8.429427 8.440992 8.349927 8.175035 7.895854 7.532959 7.081467 6.603367 6.195144 6.090925 6.496929 7.053916 7.568624 8.001721 8.324986 8.558393 8.688138 8.735435 8.683219 8.548617 8.313151 7.995680 7.594875 7.174118 6.841719 6.846743 7.416573 8.159445 8.872683 9.508773 10.044207 10.494183 10.851424 11.131242 11.323109 11.436975 11.461406 11.410089 11.297807 11.207213 11.319114 12.000036 13.612461 15.551167 17.528408 19.462395 21.341545 23.181210 25.000000 
25.000000 24.106745 23.209454 22.305750 21.389853 20.460901 19.511391 18.541912 17.543659 16.519350 15.461129 14.378288 13.273971 12.183140 11.153982 10.294007 9.724385 9.526572 9.531527 9.612910 9.681545 9.714520 9.682513 9.594202 9.432167 9.211781 8.918175 8.571623 8.166039 7.740381 7.323754 7.009763 6.884285 7.019755 7.278800 7.573407 7.827431 8.032425 8.158165 8.220392 8.198071 8.111834 7.943132 7.716565 7.422544 7.102903 6.782506 6.554884 6.500022 6.690381 6.992089 7.323050 7.608442 7.842166 7.993770 8.080028 8.079625 8.013680 7.863667 7.654257 7.376235 7.071094 6.764378 6.548806 6.505321 6.705148 7.016047 7.354389 7.647348 7.886711 8.044402 8.134636 8.138863 8.075295 7.928513 7.720042 7.444049 7.138791 6.833498 6.617762 6.576588 6.777774 7.092319 7.432072 7.728081 7.967615 8.127005 8.215836 8.220180 8.153620 8.005356 7.792472 7.513579 7.202901 6.893847 6.672636 6.628159 6.825228 7.137468 7.473516 7.766921 8.002353 8.158444 8.242678 8.243018 8.171464 8.018583 7.800457 7.516462 7.200435 6.885877 6.659231 6.608747 6.800189 7.106079 7.436907 7.724329 7.955467 8.106351 8.187450 8.183583 8.110143 7.954156 7.735337 7.449260 7.133422 6.817296 6.590747 6.537753 6.727640 7.029653 7.358779 7.642925 7.873526 8.022490 8.104559 8.100347 8.029405 7.874655 7.659713 7.376277 7.065321 6.752701 6.531141 6.481244 6.674893 6.979173 7.311983 7.599088 7.834353 7.987595 8.075670 8.077324 8.013926 7.866839 7.661191 7.387532 7.088106 6.788250 6.581929 6.550049 6.765229 7.093932 7.453379 7.769614 8.035905 8.223143 8.347310 8.388791 8.367741 8.267779 8.112737 7.896586 7.661314 7.438826 7.326631 7.417123 7.784437 8.290447 8.840893 9.363105 9.843948 10.260251 10.622587 10.919131 11.164713 11.352646 11.503343 11.626109 11.769510 12.000221 12.451902 13.282921 14.592269 16.189220 17.917044 19.686197 21.462578 23.233379 25.000000 
