25.000000 25.000000 25.000000 25.000000 25.000000 25.000000 25.000000 25.000000 25.000000 25.000000 25.000000 25.000000 25.000000 25.000000 25.000000 25.000000 25.000000 25.000000 25.000000 25.000000 25.000000 25.000000 25.000000 25.000000 25.000000 25.000000 25.000000 25.000000 25.000000 25.000000 25.000000 25.000000 25.000000 25.000000 25.000000 25.000000 25.000000 25.000000 25.000000 25.000000 25.000000 25.000000 25.000000 25.000000 25.000000 25.000000 25.000000 25.000000 25.000000 25.000000 25.000000 25.000000 25.000000 25.000000 25.000000 25.000000 25.000000 25.000000 25.000000 25.000000 25.000000 25.000000 25.000000 25.000000 25.000000 25.000000 25.000000 25.000000 25.000000 25.000000 25.000000 25.000000 25.000000 25.000000 25.000000 25.000000 25.000000 25.000000 25.000000 25.000000 25.000000 25.000000 25.000000 25.000000 25.000000 25.000000 25.000000 25.000000 25.000000 25.000000 25.000000 25.000000 25.000000 25.000000 25.000000 25.000000 25.000000 25.000000 25.000000 25.000000 25.000000 25.000000 25.000000 25.000000 25.000000 25.000000 25.000000 25.000000 25.000000 25.000000 25.000000 25.000000 25.000000 25.000000 25.000000 25.000000 25.000000 25.000000 25.000000 25.000000 25.000000 25.000000 25.000000 25.000000 25.000000 25.000000 25.000000 25.000000 25.000000 25.000000 25.000000 25.000000 25.000000 25.000000 25.000000 25.000000 25.000000 25.000000 25.000000 25.000000 25.000000 25.000000 25.000000 25.000000 25.000000 25.000000 25.000000 25.000000 25.000000 25.000000 25.000000 25.000000 25.000000 25.000000 25.000000 25.000000 25.000000 25.000000 25.000000 25.000000 25.000000 25.000000 25.000000 25.000000 25.000000 25.000000 25.000000 25.000000 25.000000 25.000000 25.000000 25.000000 25.000000 25.000000 25.000000 25.000000 25.000000 25.000000 25.000000 25.000000 25.000000 25.000000 25.000000 25.000000 25.000000 25.000000 25.000000 25.000000 25.000000 25.000000 25.000000 25.000000 25.000000 25.000000 25.000000 25.000000 25.000000 25.000000 25.000000 25.000000 
25.000000 25.000002 25.000006 25.000010 25.000013 25.000019 25.000025 25.000032 25.000040 25.000050 25.000061 25.000072 25.000088 25.000103 25.000122 25.000143 25.000168 25.000195 25.000229 25.000263 25.000305 25.000351 25.000406 25.000463 25.000534 25.000607 25.000696 25.000788 25.000898 25.001013 25.001152 25.001291 25.001463 25.001635 25.001846 25.002052 25.002310 25.002556 25.002867 25.003160 25.003532 25.003880 25.004320 25.004728 25.005245 25.005718 25.006321 25.006865 25.007561 25.008179 25.008982 25.009676 25.010595 25.011366 25.012407 25.013258 25.014429 25.015354 25.016661 25.017660 25.019106 25.020172 25.021759 25.022882 25.024611 25.025780 25.027643 25.028845 25.030840 25.032057 25.034172 25.035387 25.037609 25.038799 25.041115 25.042257 25.044645 25.045717 25.048157 25.049131 25.051601 25.052452 25.054924 25.055630 25.058073 25.058613 25.061001 25.061350 25.063654 25.063797 25.065989 25.065908 25.067961 25.067646 25.069532 25.068981 25.070681 25.069883 25.071377 25.070339 25.071609 25.070339 25.071377 25.069883 25.070681 25.068981 25.069532 25.067646 25.067961 25.065908 25.065989 25.063797 25.063654 25.061350 25.061001 25.058613 25.058073 25.055630 25.054924 25.052452 25.051601 25.049131 25.048157 25.045717 25.044645 25.042257 25.041115 25.038799 25.037609 25.035387 25.034172 25.032057 25.030840 25.028845 25.027643 25.025780 25.024611 25.022882 25.021759 25.020172 25.019106 25.017660 25.016661 25.015354 25.014429 25.013258 25.012407 25.011366 25.010595 25.009676 25.008982 25.008179 25.007561 25.006865 25.006321 25.005718 25.005245 25.004728 25.004320 25.003880 25.003532 25.003160 25.002867 25.002556 25.002310 25.002052 25.001846 25.001635 25.001463 25.001291 25.001152 25.001013 25.000898 25.000788 25.000696 25.000607 25.000534 25.000463 25.000406 25.000351 25.000305 25.000263 25.000229 25.000195 25.000168 25.000143 25.000122 25.000103 25.000086 25.000072 25.000061 25.000050 25.000040 25.000031 25.000025 25.000017 25.000011 25.000008 25.000004 25.000000 
25.000000 25.000006 25.000011 25.000019 25.000029 25.000040 25.000051 25.000067 25.000082 25.000101 25.000122 25.000149 25.000177 25.000212 25.000246 25.000292 25.000340 25.000399 25.000460 25.000536 25.000618 25.000717 25.000820 25.000946 25.001078 25.001238 25.001402 25.001604 25.001810 25.002064 25.002317 25.002632 25.002945 25.003332 25.003710 25.004183 25.004641 25.005213 25.005758 25.006447 25.007093 25.007912 25.008675 25.009640 25.010530 25.011660 25.012686 25.013998 25.015171 25.016687 25.018011 25.019751 25.021231 25.023211 25.024851 25.027084 25.028881 25.031384 25.033331 25.036114 25.038202 25.041267 25.043482 25.046833 25.049152 25.052782 25.055183 25.059084 25.061533 25.065689 25.068150 25.072538 25.074972 25.079563 25.081924 25.086683 25.088926 25.093809 25.095882 25.100847 25.102701 25.107697 25.109280 25.114248 25.115515 25.120399 25.121304 25.126049 25.126553 25.131098 25.131168 25.135458 25.135065 25.139046 25.138176 25.141800 25.140442 25.143667 25.141817 25.144608 25.142279 25.144608 25.141817 25.143667 25.140442 25.141800 25.138176 25.139046 25.135065 25.135458 25.131168 25.131098 25.126553 25.126049 25.121304 25.120399 25.115515 25.114248 25.109280 25.107697 25.102701 25.100847 25.095882 25.093809 25.088926 25.086683 25.081924 25.079563 25.074972 25.072538 25.068150 25.065689 25.061533 25.059084 25.055183 25.052782 25.049152 25.046833 25.043482 25.041267 25.038202 25.036114 25.033331 25.031384 25.028881 25.027084 25.024851 25.023211 25.021231 25.019751 25.018011 25.016687 25.015171 25.013998 25.012686 25.011660 25.010530 25.009640 25.008675 25.007912 25.007093 25.006447 25.005758 25.005213 25.004641 25.004183 25.003710 25.003332 25.002945 25.002632 25.002317 25.002064 25.001810 25.001604 25.001402 25.001238 25.001078 25.000946 25.000820 25.000717 25.000618 25.000536 25.000460 25.000399 25.000340 25.000292 25.000246 25.000210 25.000175 25.000149 25.000122 25.000101 25.000080 25.000065 25.000050 25.000036 25.000025 25.000015 25.000008 25.000000 
25.000000 25.000010 25.000019 25.000032 25.000046 25.000063 25.000082 25.000103 25.000128 25.000156 25.000191 25.000229 25.000275 25.000322 25.000383 25.000446 25.000525 25.000608 25.000711 25.000818 25.000952 25.001093 25.001265 25.001442 25.001659 25.001884 25.002161 25.002441 25.002789 25.003139 25.003572 25.004002 25.004538 25.005062 25.005718 25.006355 25.007151 25.007915 25.008875 25.009785 25.010933 25.012007 25.013367 25.014626 25.016224 25.017685 25.019547 25.021225 25.023384 25.025288 25.027771 25.029911 25.032749 25.035130 25.038347 25.040970 25.044586 25.047443 25.051477 25.054562 25.059023 25.062311 25.067209 25.070675 25.076002 25.079611 25.085360 25.089067 25.095217 25.098972 25.105494 25.109241 25.116093 25.119764 25.126900 25.130426 25.137785 25.141092 25.148609 25.151619 25.159220 25.161856 25.169458 25.171648 25.179167 25.180840 25.188187 25.189276 25.196362 25.196814 25.203552 25.203320 25.209627 25.208677 25.214476 25.212786 25.218006 25.215569 25.220152 25.216974 25.220871 25.216974 25.220152 25.215569 25.218006 25.212786 25.214476 25.208677 25.209627 25.203320 25.203552 25.196814 25.196362 25.189276 25.188187 25.180840 25.179167 25.171648 25.169458 25.161856 25.159220 25.151619 25.148609 25.141092 25.137785 25.130426 25.126900 25.119764 25.116093 25.109241 25.105494 25.098972 25.095217 25.089067 25.085360 25.079611 25.076002 25.070675 25.067209 25.062311 25.059023 25.054562 25.051477 25.047443 25.044586 25.040970 25.038347 25.035130 25.032749 25.029911 25.027771 25.025288 25.023384 25.021225 25.019547 25.017685 25.016224 25.014626 25.013367 25.012007 25.010933 25.009785 25.008875 25.007915 25.007151 25.006355 25.005718 25.005062 25.004538 25.004002 25.003572 25.003139 25.002789 25.002441 25.002161 25.001884 25.001659 25.001442 25.001265 25.001093 25.000952 25.000818 25.000711 25.000608 25.000525 25.000444 25.000381 25.000320 25.000273 25.000227 25.000189 25.000154 25.000126 25.000099 25.000078 25.000057 25.000040 25.000025 25.000011 25.000000 
25.000000 25.000013 25.000029 25.000046 25.000067 25.000088 25.000114 25.000145 25.000177 25.000219 25.000263 25.000319 25.000376 25.000448 25.000523 25.000618 25.000717 25.000841 25.000971 25.001133 25.001301 25.001509 25.001726 25.001991 25.002264 25.002602 25.002947 25.003370 25.003801 25.004333 25.004866 25.005526 25.006176 25.006987 25.007780 25.008770 25.009726 25.010923 25.012066 25.013502 25.014856 25.016567 25.018160 25.020178 25.022036 25.024397 25.026541 25.029285 25.031731 25.034903 25.037663 25.041298 25.044384 25.048521 25.051939 25.056606 25.060352 25.065575 25.069637 25.075439 25.079796 25.086187 25.090807 25.097790 25.102629 25.110193 25.115200 25.123323 25.128435 25.137085 25.142223 25.151354 25.156435 25.165985 25.170918 25.180811 25.185497 25.195650 25.199986 25.210302 25.214182 25.224554 25.227875 25.238192 25.240852 25.250994 25.252905 25.262749 25.263826 25.273254 25.273430 25.282324 25.281540 25.289791 25.288013 25.295519 25.292725 25.299400 25.295589 25.301359 25.296549 25.301359 25.295589 25.299400 25.292725 25.295519 25.288013 25.289791 25.281540 25.282324 25.273430 25.273254 25.263826 25.262749 25.252905 25.250994 25.240852 25.238192 25.227875 25.224554 25.214182 25.210302 25.199986 25.195650 25.185497 25.180811 25.170918 25.165985 25.156435 25.151354 25.142223 25.137085 25.128435 25.123323 25.115200 25.110193 25.102629 25.097790 25.090807 25.086187 25.079796 25.075439 25.069637 25.065575 25.060352 25.056606 25.051939 25.048521 25.044384 25.041298 25.037663 25.034903 25.031731 25.029285 25.026541 25.024397 25.022036 25.020178 25.018160 25.016567 25.014856 25.013502 25.012066 25.010923 25.009726 25.008770 25.007780 25.006987 25.006176 25.005526 25.004866 25.004333 25.003801 25.003370 25.002947 25.002602 25.002264 25.001991 25.001726 25.001509 25.001301 25.001133 25.000971 25.000841 25.000717 25.000616 25.000523 25.000446 25.000374 25.000315 25.000259 25.000216 25.000174 25.000139 25.000109 25.000082 25.000057 25.000036 25.000017 25.000000 
25.000000 25.000019 25.000040 25.000063 25.000088 25.000118 25.000153 25.000189 25.000237 25.000286 25.000347 25.000412 25.000494 25.000580 25.000685 25.000799 25.000938 25.001087 25.001270 25.001461 25.001699 25.001947 25.002251 25.002565 25.002953 25.003351 25.003841 25.004339 25.004955 25.005573 25.006340 25.007103 25.008049 25.008978 25.010138 25.011265 25.012671 25.014023 25.015718 25.017328 25.019354 25.021254 25.023653 25.025877 25.028696 25.031275 25.034565 25.037521 25.041334 25.044687 25.049074 25.052843 25.057850 25.062046 25.067717 25.072338 25.078709 25.083748 25.090849 25.096283 25.104137 25.109932 25.118546 25.124655 25.134022 25.140381 25.150484 25.157022 25.167822 25.174448 25.185894 25.192503 25.204527 25.211006 25.223520 25.229746 25.242649 25.248491 25.261663 25.266989 25.280300 25.284975 25.298283 25.302174 25.315331 25.318316 25.331165 25.333130 25.345520 25.346367 25.358143 25.357790 25.368805 25.367195 25.377312 25.374407 25.383507 25.379292 25.387272 25.381758 25.388536 25.381758 25.387272 25.379292 25.383507 25.374407 25.377312 25.367195 25.368805 25.357790 25.358143 25.346367 25.345520 25.333130 25.331165 25.318316 25.315331 25.302174 25.298283 25.284975 25.280300 25.266989 25.261663 25.248491 25.242649 25.229746 25.223520 25.211006 25.204527 25.192503 25.185894 25.174448 25.167822 25.157022 25.150484 25.140381 25.134022 25.124655 25.118546 25.109932 25.104137 25.096283 25.090849 25.083748 25.078709 25.072338 25.067717 25.062046 25.057850 25.052843 25.049074 25.044687 25.041334 25.037521 25.034565 25.031275 25.028696 25.025877 25.023653 25.021254 25.019354 25.017328 25.015718 25.014023 25.012671 25.011265 25.010138 25.008978 25.008049 25.007103 25.006340 25.005573 25.004955 25.004339 25.003841 25.003351 25.002953 25.002565 25.002251 25.001947 25.001699 25.001461 25.001268 25.001087 25.000937 25.000797 25.000683 25.000576 25.000490 25.000408 25.000343 25.000280 25.000229 25.000183 25.000143 25.000109 25.000078 25.000050 25.000025 25.000000 
25.000000 25.000025 25.000051 25.000082 25.000114 25.000153 25.000193 25.000242 25.000298 25.000364 25.000437 25.000525 25.000618 25.000734 25.000858 25.001011 25.001173 25.001373 25.001585 25.001846 25.002119 25.002455 25.002806 25.003233 25.003677 25.004223 25.004780 25.005468 25.006163 25.007021 25.007881 25.008945 25.009998 25.011305 25.012587 25.014181 25.015724 25.017653 25.019497 25.021811 25.023994 25.026749 25.029316 25.032562 25.035553 25.039352 25.042799 25.047218 25.051147 25.056250 25.060686 25.066530 25.071493 25.078136 25.083630 25.091122 25.097141 25.105524 25.112051 25.121355 25.128357 25.138596 25.146023 25.157202 25.164984 25.177088 25.185139 25.198132 25.206350 25.220179 25.228445 25.243031 25.251209 25.266457 25.274401 25.290190 25.297741 25.313938 25.320932 25.337378 25.343649 25.360176 25.365557 25.381985 25.386316 25.402454 25.405590 25.421249 25.423058 25.438044 25.438410 25.452538 25.451378 25.464472 25.461723 25.473625 25.469255 25.479824 25.473831 25.482954 25.475367 25.482954 25.473831 25.479824 25.469255 25.473625 25.461723 25.464472 25.451378 25.452538 25.438410 25.438044 25.423058 25.421249 25.405590 25.402454 25.386316 25.381985 25.365557 25.360176 25.343649 25.337378 25.320932 25.313938 25.297741 25.290190 25.274401 25.266457 25.251209 25.243031 25.228445 25.220179 25.206350 25.198132 25.185139 25.177088 25.164984 25.157202 25.146023 25.138596 25.128357 25.121355 25.112051 25.105524 25.097141 25.091122 25.083630 25.078136 25.071493 25.066530 25.060686 25.056250 25.051147 25.047218 25.042799 25.039352 25.035553 25.032562 25.029316 25.026749 25.023994 25.021811 25.019497 25.017653 25.015724 25.014181 25.012587 25.011305 25.009998 25.008945 25.007881 25.007021 25.006163 25.005466 25.004780 25.004223 25.003677 25.003233 25.002804 25.002455 25.002119 25.001844 25.001585 25.001371 25.001173 25.001009 25.000856 25.000732 25.000614 25.000521 25.000431 25.000359 25.000290 25.000235 25.000183 25.000139 25.000099 25.000065 25.000031 25.000000 
25.000000 25.000032 25.000067 25.000103 25.000145 25.000189 25.000242 25.000301 25.000372 25.000450 25.000542 25.000643 25.000767 25.000900 25.001062 25.001238 25.001451 25.001680 25.001959 25.002254 25.002617 25.002995 25.003460 25.003942 25.004534 25.005142 25.005892 25.006655 25.007595 25.008541 25.009708 25.010874 25.012316 25.013737 25.015501 25.017220 25.019361 25.021423 25.024004 25.026457 25.029539 25.032433 25.036081 25.039467 25.043753 25.047672 25.052673 25.057163 25.062956 25.068052 25.074711 25.080437 25.088034 25.094404 25.103003 25.110018 25.119673 25.127321 25.138075 25.146324 25.158205 25.167006 25.180025 25.189302 25.203453 25.213116 25.228365 25.238298 25.254591 25.264658 25.281918 25.291965 25.310083 25.319939 25.338783 25.348261 25.367678 25.376583 25.396393 25.404524 25.424530 25.431683 25.451672 25.457649 25.477398 25.482014 25.501289 25.504374 25.522943 25.524345 25.541979 25.541580 25.558060 25.555765 25.570889 25.566645 25.580229 25.574013 25.585905 25.577732 25.587811 25.577732 25.585905 25.574013 25.580229 25.566645 25.570889 25.555765 25.558060 25.541580 25.541979 25.524345 25.522943 25.504374 25.501289 25.482014 25.477398 25.457649 25.451672 25.431683 25.424530 25.404524 25.396393 25.376583 25.367678 25.348261 25.338783 25.319939 25.310083 25.291965 25.281918 25.264658 25.254591 25.238298 25.228365 25.213116 25.203453 25.189302 25.180025 25.167006 25.158205 25.146324 25.138075 25.127321 25.119673 25.110018 25.103003 25.094404 25.088034 25.080437 25.074711 25.068052 25.062956 25.057163 25.052673 25.047672 25.043753 25.039467 25.036081 25.032433 25.029539 25.026457 25.024004 25.021423 25.019361 25.017220 25.015501 25.013737 25.012316 25.010874 25.009708 25.008541 25.007593 25.006655 25.005892 25.005142 25.004534 25.003941 25.003460 25.002995 25.002615 25.002254 25.001957 25.001678 25.001450 25.001236 25.001060 25.000896 25.000763 25.000639 25.000538 25.000441 25.000364 25.000290 25.000231 25.000174 25.000126 25.000080 25.000040 25.000000 
25.000000 25.000040 25.000082 25.000128 25.000177 25.000237 25.000298 25.000372 25.000454 25.000549 25.000658 25.000786 25.000927 25.001099 25.001284 25.001509 25.001749 25.002045 25.002359 25.002743 25.003145 25.003641 25.004158 25.004789 25.005444 25.006247 25.007069 25.008080 25.009104 25.010366 25.011631 25.013193 25.014744 25.016665 25.018547 25.020887 25.023155 25.025984 25.028692 25.032082 25.035290 25.039322 25.043087 25.047842 25.052221 25.057787 25.062828 25.069296 25.075047 25.082506 25.088999 25.097536 25.104795 25.114492 25.122528 25.133457 25.142260 25.154478 25.164024 25.177572 25.187811 25.202713 25.213573 25.229830 25.241211 25.258797 25.270576 25.289442 25.301470 25.321531 25.333633 25.354780 25.366760 25.388849 25.400496 25.423355 25.434437 25.457869 25.468149 25.491926 25.501162 25.525038 25.532991 25.556705 25.563145 25.586426 25.591135 25.613705 25.616495 25.638075 25.638783 25.659105 25.657604 25.676420 25.672617 25.689697 25.683546 25.698690 25.690187 25.703230 25.692417 25.703230 25.690187 25.698690 25.683546 25.689697 25.672617 25.676420 25.657604 25.659105 25.638783 25.638075 25.616495 25.613705 25.591135 25.586426 25.563145 25.556705 25.532991 25.525038 25.501162 25.491926 25.468149 25.457869 25.434437 25.423355 25.400496 25.388849 25.366760 25.354780 25.333633 25.321531 25.301470 25.289442 25.270576 25.258797 25.241211 25.229830 25.213573 25.202713 25.187811 25.177572 25.164024 25.154478 25.142260 25.133457 25.122528 25.114492 25.104795 25.097536 25.088999 25.082506 25.075047 25.069296 25.062828 25.057787 25.052221 25.047842 25.043087 25.039322 25.035290 25.032082 25.028692 25.025984 25.023155 25.020887 25.018547 25.016665 25.014744 25.013193 25.011631 25.010366 25.009104 25.008080 25.007069 25.006247 25.005444 25.004789 25.004156 25.003639 25.003145 25.002741 25.002357 25.002043 25.001749 25.001507 25.001280 25.001095 25.000923 25.000782 25.000650 25.000544 25.000443 25.000359 25.000282 25.000216 25.000154 25.000101 25.000050 25.000000 
25.000000 25.000050 25.000101 25.000156 25.000219 25.000286 25.000364 25.000450 25.000549 25.000662 25.000795 25.000944 25.001120 25.001314 25.001549 25.001801 25.002110 25.002438 25.002840 25.003265 25.003786 25.004332 25.004999 25.005693 25.006542 25.007418 25.008492 25.009588 25.010935 25.012291 25.013966 25.015635 25.017698 25.019735 25.022261 25.024723 25.027784 25.030737 25.034420 25.037931 25.042328 25.046467 25.051672 25.056505 25.062620 25.068211 25.075340 25.081743 25.089994 25.097261 25.106737 25.114899 25.125702 25.134781 25.146996 25.156994 25.170698 25.181595 25.196846 25.208599 25.225437 25.237974 25.256409 25.269627 25.289646 25.303415 25.324972 25.339132 25.362144 25.376503 25.400858 25.415195 25.440742 25.454817 25.481369 25.494917 25.522255 25.535002 25.562872 25.574532 25.602657 25.612947 25.641026 25.649664 25.677382 25.684107 25.711136 25.715706 25.741720 25.743929 25.768606 25.768276 25.791313 25.788317 25.809427 25.803680 25.822615 25.814087 25.830627 25.819340 25.833315 25.819340 25.830627 25.814087 25.822615 25.803680 25.809427 25.788317 25.791313 25.768276 25.768606 25.743929 25.741720 25.715706 25.711136 25.684107 25.677382 25.649664 25.641026 25.612947 25.602657 25.574532 25.562872 25.535002 25.522255 25.494917 25.481369 25.454817 25.440742 25.415195 25.400858 25.376503 25.362144 25.339132 25.324972 25.303415 25.289646 25.269627 25.256409 25.237974 25.225437 25.208599 25.196846 25.181595 25.170698 25.156994 25.146996 25.134781 25.125702 25.114899 25.106737 25.097261 25.089994 25.081743 25.075340 25.068211 25.062620 25.056505 25.051672 25.046467 25.042328 25.037931 25.034420 25.030737 25.027784 25.024723 25.022261 25.019735 25.017698 25.015635 25.013966 25.012291 25.010933 25.009588 25.008492 25.007418 25.006542 25.005692 25.004997 25.004330 25.003784 25.003265 25.002838 25.002436 25.002106 25.001799 25.001545 25.001308 25.001116 25.000937 25.000788 25.000650 25.000538 25.000433 25.000343 25.000261 25.000191 25.000122 25.000061 25.000000 
25.000000 25.000061 25.000122 25.000191 25.000263 25.000347 25.000437 25.000542 25.000658 25.000795 25.000948 25.001131 25.001331 25.001574 25.001835 25.002155 25.002497 25.002914 25.003357 25.003899 25.004471 25.005169 25.005898 25.006790 25.007713 25.008844 25.010002 25.011425 25.012869 25.014645 25.016426 25.018621 25.020803 25.023500 25.026150 25.029432 25.032619 25.036585 25.040390 25.045137 25.049641 25.055285 25.060568 25.067217 25.073355 25.081137 25.088200 25.097237 25.105284 25.115702 25.124784 25.136698 25.146851 25.160368 25.171604 25.186825 25.199135 25.216133 25.229479 25.248314 25.262629 25.283325 25.298508 25.321066 25.336979 25.361361 25.377836 25.403967 25.420795 25.448559 25.465500 25.494740 25.511522 25.542042 25.558369 25.589928 25.605484 25.637804 25.652258 25.685030 25.698051 25.730930 25.742188 25.774815 25.783985 25.815985 25.822777 25.853765 25.857912 25.887512 25.888786 25.916630 25.914854 25.940598 25.935646 25.958975 25.950779 25.971422 25.959974 25.977703 25.963060 25.977703 25.959974 25.971422 25.950779 25.958975 25.935646 25.940598 25.914854 25.916630 25.888786 25.887512 25.857912 25.853765 25.822777 25.815985 25.783985 25.774815 25.742188 25.730930 25.698051 25.685030 25.652258 25.637804 25.605484 25.589928 25.558369 25.542042 25.511522 25.494740 25.465500 25.448559 25.420795 25.403967 25.377836 25.361361 25.336979 25.321066 25.298508 25.283325 25.262629 25.248314 25.229479 25.216133 25.199135 25.186825 25.171604 25.160368 25.146851 25.136698 25.124784 25.115702 25.105284 25.097237 25.088200 25.081137 25.073355 25.067217 25.060568 25.055285 25.049641 25.045137 25.040390 25.036585 25.032619 25.029432 25.026150 25.023500 25.020803 25.018621 25.016426 25.014643 25.012869 25.011425 25.010002 25.008844 25.007711 25.006788 25.005896 25.005167 25.004469 25.003897 25.003355 25.002911 25.002493 25.002151 25.001831 25.001568 25.001324 25.001123 25.000937 25.000784 25.000641 25.000523 25.000412 25.000317 25.000229 25.000149 25.000072 25.000000 
25.000000 25.000072 25.000149 25.000229 25.000319 25.000412 25.000525 25.000643 25.000786 25.000944 25.001131 25.001337 25.001585 25.001856 25.002184 25.002537 25.002968 25.003426 25.003986 25.004580 25.005304 25.006063 25.006994 25.007959 25.009142 25.010359 25.011850 25.013372 25.015242 25.017128 25.019447 25.021767 25.024624 25.027451 25.030943 25.034357 25.038591 25.042683 25.047771 25.052633 25.058702 25.064430 25.071608 25.078291 25.086720 25.094442 25.104263 25.113106 25.124464 25.134489 25.147526 25.158783 25.173628 25.186146 25.202915 25.216700 25.235497 25.250519 25.271418 25.287617 25.310665 25.327946 25.353159 25.371380 25.398731 25.417717 25.447142 25.466669 25.498056 25.517864 25.551052 25.570843 25.605623 25.625069 25.661186 25.679924 25.717077 25.734734 25.772577 25.788767 25.826921 25.841253 25.879311 25.891407 25.928936 25.938437 25.974997 25.981575 26.016724 26.020090 26.053394 26.053314 26.084360 26.080654 26.109058 26.101614 26.127037 26.115807 26.137960 26.122971 26.141624 26.122971 26.137960 26.115807 26.127037 26.101614 26.109058 26.080654 26.084360 26.053314 26.053394 26.020090 26.016724 25.981575 25.974997 25.938437 25.928936 25.891407 25.879311 25.841253 25.826921 25.788767 25.772577 25.734734 25.717077 25.679924 25.661186 25.625069 25.605623 25.570843 25.551052 25.517864 25.498056 25.466669 25.447142 25.417717 25.398731 25.371380 25.353159 25.327946 25.310665 25.287617 25.271418 25.250519 25.235497 25.216700 25.202915 25.186146 25.173628 25.158783 25.147526 25.134489 25.124464 25.113106 25.104263 25.094442 25.086720 25.078291 25.071608 25.064430 25.058702 25.052633 25.047771 25.042683 25.038591 25.034357 25.030943 25.027451 25.024624 25.021767 25.019447 25.017128 25.015240 25.013372 25.011850 25.010357 25.009140 25.007957 25.006992 25.006062 25.005302 25.004578 25.003984 25.003422 25.002962 25.002531 25.002178 25.001848 25.001577 25.001326 25.001120 25.000927 25.000769 25.000620 25.000494 25.000378 25.000275 25.000177 25.000088 25.000000 
25.000000 25.000088 25.000177 25.000275 25.000376 25.000494 25.000618 25.000767 25.000927 25.001120 25.001331 25.001585 25.001862 25.002197 25.002560 25.003002 25.003473 25.004049 25.004662 25.005407 25.006195 25.007156 25.008162 25.009390 25.010660 25.012215 25.013809 25.015762 25.017748 25.020182 25.022631 25.025640 25.028637 25.032328 25.035963 25.040453 25.044825 25.050243 25.055458 25.061943 25.068110 25.075808 25.083035 25.092104 25.100491 25.111095 25.120741 25.133047 25.144033 25.158205 25.170599 25.186792 25.200640 25.218996 25.234318 25.254963 25.271748 25.294783 25.312977 25.338472 25.357988 25.385977 25.406675 25.437151 25.458849 25.491758 25.514225 25.549461 25.572416 25.609819 25.632940 25.672297 25.695217 25.736256 25.758577 25.800974 25.822271 25.865650 25.885479 25.929420 25.947332 25.991379 26.006927 26.050594 26.063349 26.106129 26.115694 26.157078 26.163094 26.202574 26.204735 26.241821 26.239887 26.274122 26.267920 26.298883 26.288321 26.315653 26.300714 26.324118 26.304873 26.324118 26.300714 26.315653 26.288321 26.298883 26.267920 26.274122 26.239887 26.241821 26.204735 26.202574 26.163094 26.157078 26.115694 26.106129 26.063349 26.050594 26.006927 25.991379 25.947332 25.929420 25.885479 25.865650 25.822271 25.800974 25.758577 25.736256 25.695217 25.672297 25.632940 25.609819 25.572416 25.549461 25.514225 25.491758 25.458849 25.437151 25.406675 25.385977 25.357988 25.338472 25.312977 25.294783 25.271748 25.254963 25.234318 25.218996 25.200640 25.186792 25.170599 25.158205 25.144033 25.133047 25.120741 25.111095 25.100491 25.092104 25.083035 25.075808 25.068110 25.061943 25.055458 25.050243 25.044825 25.040453 25.035963 25.032328 25.028637 25.025640 25.022631 25.020182 25.017748 25.015762 25.013809 25.012215 25.010658 25.009388 25.008160 25.007156 25.006193 25.005407 25.004658 25.004045 25.003468 25.002995 25.002552 25.002190 25.001852 25.001574 25.001316 25.001102 25.000904 25.000738 25.000582 25.000450 25.000324 25.000212 25.000103 25.000000 
25.000000 25.000103 25.000212 25.000322 25.000448 25.000580 25.000734 25.000900 25.001099 25.001314 25.001574 25.001856 25.002197 25.002567 25.003017 25.003500 25.004091 25.004719 25.005486 25.006294 25.007286 25.008324 25.009592 25.010910 25.012524 25.014183 25.016216 25.018290 25.020834 25.023403 25.026558 25.029715 25.033594 25.037439 25.042177 25.046820 25.052557 25.058117 25.065008 25.071608 25.079819 25.087587 25.097292 25.106348 25.117735 25.128193 25.141453 25.153418 25.168737 25.182299 25.199862 25.215084 25.235064 25.251987 25.274536 25.293165 25.318411 25.338711 25.366751 25.388639 25.419533 25.442881 25.476641 25.501261 25.537848 25.563501 25.602825 25.629219 25.671122 25.697906 25.742170 25.768950 25.815290 25.841623 25.889700 25.915108 25.964514 25.988495 26.038773 26.060812 26.111450 26.131029 26.181488 26.198101 26.247807 26.260975 26.309343 26.318630 26.365072 26.370094 26.414040 26.414476 26.455378 26.450993 26.488346 26.478981 26.512341 26.497932 26.526918 26.507498 26.531809 26.507498 26.526918 26.497932 26.512341 26.478981 26.488346 26.450993 26.455378 26.414476 26.414040 26.370094 26.365072 26.318630 26.309343 26.260975 26.247807 26.198101 26.181488 26.131029 26.111450 26.060812 26.038773 25.988495 25.964514 25.915108 25.889700 25.841623 25.815290 25.768950 25.742170 25.697906 25.671122 25.629219 25.602825 25.563501 25.537848 25.501261 25.476641 25.442881 25.419533 25.388639 25.366751 25.338711 25.318411 25.293165 25.274536 25.251987 25.235064 25.215084 25.199862 25.182299 25.168737 25.153418 25.141453 25.128193 25.117735 25.106348 25.097292 25.087587 25.079819 25.071608 25.065008 25.058117 25.052557 25.046820 25.042177 25.037439 25.033594 25.029715 25.026558 25.023403 25.020832 25.018290 25.016216 25.014181 25.012522 25.010908 25.009590 25.008322 25.007284 25.006292 25.005482 25.004713 25.004086 25.003494 25.003010 25.002558 25.002186 25.001841 25.001554 25.001289 25.001070 25.000866 25.000692 25.000528 25.000385 25.000250 25.000124 25.000000 
25.000000 25.000122 25.000246 25.000383 25.000523 25.000685 25.000858 25.001062 25.001284 25.001549 25.001835 25.002184 25.002560 25.003017 25.003510 25.004110 25.004751 25.005535 25.006365 25.007380 25.008448 25.009752 25.011112 25.012777 25.014498 25.016603 25.018759 25.021402 25.024084 25.027374 25.030684 25.034744 25.038790 25.043764 25.048672 25.054716 25.060612 25.067900 25.074928 25.083641 25.091946 25.102283 25.112005 25.124172 25.135450 25.149666 25.162626 25.179106 25.193861 25.212818 25.229458 25.251095 25.269682 25.294182 25.314743 25.342270 25.364786 25.395468 25.419870 25.453794 25.479965 25.517168 25.544926 25.585392 25.614492 25.658144 25.688280 25.734972 25.765774 25.815287 25.846327 25.898371 25.929167 25.983381 26.013401 26.069355 26.098040 26.155231 26.181992 26.239866 26.264107 26.322060 26.343195 26.400585 26.418043 26.474207 26.487461 26.541723 26.550303 26.601999 26.605497 26.653986 26.652081 26.696760 26.689222 26.729549 26.716249 26.751753 26.732668 26.762959 26.738174 26.762959 26.732668 26.751753 26.716249 26.729549 26.689222 26.696760 26.652081 26.653986 26.605497 26.601999 26.550303 26.541723 26.487461 26.474207 26.418043 26.400585 26.343195 26.322060 26.264107 26.239866 26.181992 26.155231 26.098040 26.069355 26.013401 25.983381 25.929167 25.898371 25.846327 25.815287 25.765774 25.734972 25.688280 25.658144 25.614492 25.585392 25.544926 25.517168 25.479965 25.453794 25.419870 25.395468 25.364786 25.342270 25.314743 25.294182 25.269682 25.251095 25.229458 25.212818 25.193861 25.179106 25.162626 25.149666 25.135450 25.124172 25.112005 25.102283 25.091946 25.083641 25.074928 25.067900 25.060612 25.054716 25.048672 25.043764 25.038790 25.034744 25.030684 25.027374 25.024084 25.021400 25.018759 25.016602 25.014496 25.012775 25.011110 25.009750 25.008444 25.007378 25.006361 25.005529 25.004745 25.004103 25.003500 25.003006 25.002544 25.002165 25.001812 25.001520 25.001249 25.001022 25.000809 25.000626 25.000452 25.000296 25.000145 25.000000 
25.000000 25.000143 25.000292 25.000446 25.000618 25.000799 25.001011 25.001238 25.001509 25.001801 25.002155 25.002537 25.003002 25.003500 25.004110 25.004763 25.005560 25.006407 25.007442 25.008535 25.009871 25.011269 25.012980 25.014753 25.016924 25.019157 25.021891 25.024679 25.028093 25.031546 25.035776 25.040014 25.045214 25.050373 25.056715 25.062941 25.070610 25.078060 25.087265 25.096100 25.107059 25.117449 25.130392 25.142494 25.157663 25.171635 25.189280 25.205254 25.225622 25.243717 25.267044 25.287350 25.313854 25.336424 25.366302 25.391140 25.424557 25.451614 25.488693 25.517860 25.558668 25.589777 25.634323 25.667130 25.715357 25.749544 25.801323 25.836504 25.891621 25.927340 25.985500 26.021235 26.082064 26.117231 26.180271 26.214247 26.278965 26.311085 26.376875 26.406466 26.472660 26.499039 26.564924 26.587431 26.652260 26.670261 26.733267 26.746189 26.806608 26.813948 26.871031 26.872368 26.925407 26.920422 26.968767 26.957251 27.000320 26.982185 27.019489 26.994768 27.025919 26.994768 27.019489 26.982185 27.000320 26.957251 26.968767 26.920422 26.925407 26.872368 26.871031 26.813948 26.806608 26.746189 26.733267 26.670261 26.652260 26.587431 26.564924 26.499039 26.472660 26.406466 26.376875 26.311085 26.278965 26.214247 26.180271 26.117231 26.082064 26.021235 25.985500 25.927340 25.891621 25.836504 25.801323 25.749544 25.715357 25.667130 25.634323 25.589777 25.558668 25.517860 25.488693 25.451614 25.424557 25.391140 25.366302 25.336424 25.313854 25.287350 25.267044 25.243717 25.225622 25.205254 25.189280 25.171635 25.157663 25.142494 25.130392 25.117449 25.107059 25.096100 25.087265 25.078060 25.070610 25.062941 25.056715 25.050373 25.045214 25.040014 25.035776 25.031546 25.028091 25.024679 25.021889 25.019156 25.016922 25.014751 25.012976 25.011267 25.009869 25.008532 25.007439 25.006401 25.005552 25.004753 25.004099 25.003485 25.002983 25.002512 25.002127 25.001766 25.001469 25.001188 25.000952 25.000731 25.000532 25.000345 25.000172 25.000000 
25.000000 25.000168 25.000340 25.000525 25.000717 25.000938 25.001173 25.001451 25.001749 25.002110 25.002497 25.002968 25.003473 25.004091 25.004751 25.005560 25.006420 25.007475 25.008587 25.009951 25.011379 25.013130 25.014952 25.017179 25.019482 25.022299 25.025185 25.028713 25.032301 25.036688 25.041109 25.046522 25.051924 25.058548 25.065092 25.073132 25.080992 25.090675 25.100037 25.111605 25.122656 25.136366 25.149294 25.165417 25.180403 25.199221 25.216433 25.238224 25.257811 25.282852 25.304930 25.333481 25.358131 25.390427 25.417685 25.453928 25.483770 25.524124 25.556463 25.601030 25.635704 25.684528 25.721304 25.774351 25.812908 25.870070 25.910006 25.971083 26.011913 26.076612 26.117779 26.185715 26.226587 26.297279 26.337166 26.410048 26.448212 26.522629 26.558306 26.633532 26.665941 26.741186 26.769564 26.843990 26.867594 26.940340 26.958481 27.028673 27.040731 27.107508 27.112953 27.175486 27.173893 27.231407 27.222473 27.274267 27.257820 27.303286 27.279289 27.317930 27.286491 27.317930 27.279289 27.303286 27.257820 27.274267 27.222473 27.231407 27.173893 27.175486 27.112953 27.107508 27.040731 27.028673 26.958481 26.940340 26.867594 26.843990 26.769564 26.741186 26.665941 26.633532 26.558306 26.522629 26.448212 26.410048 26.337166 26.297279 26.226587 26.185715 26.117779 26.076612 26.011913 25.971083 25.910006 25.870070 25.812908 25.774351 25.721304 25.684528 25.635704 25.601030 25.556463 25.524124 25.483770 25.453928 25.417685 25.390427 25.358131 25.333481 25.304930 25.282852 25.257811 25.238224 25.216433 25.199221 25.180403 25.165417 25.149294 25.136366 25.122656 25.111605 25.100037 25.090675 25.080992 25.073132 25.065092 25.058548 25.051924 25.046522 25.041109 25.036688 25.032301 25.028711 25.025185 25.022297 25.019482 25.017178 25.014950 25.013126 25.011377 25.009947 25.008583 25.007467 25.006411 25.005548 25.004736 25.004072 25.003450 25.002939 25.002462 25.002069 25.001701 25.001394 25.001106 25.000854 25.000620 25.000406 25.000198 25.000000 
25.000000 25.000195 25.000399 25.000608 25.000841 25.001087 25.001373 25.001680 25.002045 25.002438 25.002914 25.003426 25.004049 25.004719 25.005535 25.006407 25.007475 25.008604 25.009991 25.011446 25.013229 25.015093 25.017372 25.019735 25.022627 25.025600 25.029234 25.032946 25.037479 25.042070 25.047684 25.053314 25.060207 25.067057 25.075453 25.083712 25.093859 25.103731 25.115896 25.127600 25.142065 25.155815 25.172884 25.188890 25.208878 25.227341 25.250566 25.271667 25.298445 25.322336 25.352970 25.379768 25.414539 25.444311 25.483463 25.516218 25.559959 25.595631 25.644108 25.682558 25.735851 25.776855 25.834967 25.878208 25.941051 25.986116 26.053514 26.099899 26.171566 26.218678 26.294220 26.341377 26.420303 26.466753 26.548458 26.593388 26.677176 26.719727 26.804808 26.844099 26.929609 26.964758 27.049772 27.079918 27.163465 27.187792 27.268888 27.286646 27.364302 27.374834 27.448090 27.450851 27.518797 27.513367 27.575165 27.561272 27.616180 27.593700 27.641096 27.610065 27.649452 27.610065 27.641096 27.593700 27.616180 27.561272 27.575165 27.513367 27.518797 27.450851 27.448090 27.374834 27.364302 27.286646 27.268888 27.187792 27.163465 27.079918 27.049772 26.964758 26.929609 26.844099 26.804808 26.719727 26.677176 26.593388 26.548458 26.466753 26.420303 26.341377 26.294220 26.218678 26.171566 26.099899 26.053514 25.986116 25.941051 25.878208 25.834967 25.776855 25.735851 25.682558 25.644108 25.595631 25.559959 25.516218 25.483463 25.444311 25.414539 25.379768 25.352970 25.322336 25.298445 25.271667 25.250566 25.227341 25.208878 25.188890 25.172884 25.155815 25.142065 25.127600 25.115896 25.103731 25.093859 25.083712 25.075453 25.067057 25.060207 25.053314 25.047684 25.042070 25.037479 25.032946 25.029232 25.025599 25.022625 25.019735 25.017370 25.015091 25.013226 25.011442 25.009983 25.008596 25.007463 25.006392 25.005518 25.004696 25.004023 25.003393 25.002874 25.002392 25.001989 25.001612 25.001293 25.000992 25.000725 25.000469 25.000233 25.000000 
25.000000 25.000229 25.000460 25.000711 25.000971 25.001270 25.001585 25.001959 25.002359 25.002840 25.003357 25.003986 25.004662 25.005486 25.006365 25.007442 25.008587 25.009991 25.011469 25.013281 25.015179 25.017502 25.019918 25.022873 25.025925 25.029654 25.033476 25.038147 25.042894 25.048693 25.054541 25.061686 25.068825 25.077559 25.086201 25.096794 25.107166 25.119909 25.132252 25.147459 25.162020 25.180023 25.197046 25.218199 25.237917 25.262577 25.285212 25.313740 25.339481 25.372225 25.401228 25.438519 25.470890 25.513025 25.548805 25.596039 25.635199 25.687727 25.730154 25.788101 25.833586 25.896996 25.945230 26.014051 26.064625 26.138699 26.191088 26.270147 26.323727 26.407383 26.461428 26.549173 26.602869 26.694075 26.746529 26.840454 26.890715 26.986513 27.033588 27.130318 27.173206 27.269848 27.307558 27.403034 27.434610 27.527811 27.552359 27.642166 27.658884 27.744192 27.752396 27.832146 27.831282 27.904484 27.894156 27.959917 27.939896 27.997446 27.967676 28.016382 27.976994 28.016382 27.967676 27.997446 27.939896 27.959917 27.894156 27.904484 27.831282 27.832146 27.752396 27.744192 27.658884 27.642166 27.552359 27.527811 27.434610 27.403034 27.307558 27.269848 27.173206 27.130318 27.033588 26.986513 26.890715 26.840454 26.746529 26.694075 26.602869 26.549173 26.461428 26.407383 26.323727 26.270147 26.191088 26.138699 26.064625 26.014051 25.945230 25.896996 25.833586 25.788101 25.730154 25.687727 25.635199 25.596039 25.548805 25.513025 25.470890 25.438519 25.401228 25.372225 25.339481 25.313740 25.285212 25.262577 25.237917 25.218199 25.197046 25.180023 25.162020 25.147459 25.132252 25.119909 25.107166 25.096794 25.086201 25.077559 25.068825 25.061684 25.054541 25.048693 25.042894 25.038145 25.033476 25.029652 25.025923 25.022869 25.019915 25.017496 25.015173 25.013273 25.011461 25.009979 25.008575 25.007425 25.006344 25.005459 25.004629 25.003948 25.003311 25.002785 25.002293 25.001881 25.001492 25.001156 25.000837 25.000549 25.000269 25.000000 
