25.000000 25.000000 25.000000 25.000000 25.000000 25.000000 25.000000 25.000000 25.000000 25.000000 25.000000 25.000000 25.000000 25.000000 25.000000 25.000000 25.000000 25.000000 25.000000 25.000000 25.000000 25.000000 25.000000 25.000000 25.000000 25.000000 25.000000 25.000000 25.000000 25.000000 25.000000 25.000000 25.000000 25.000000 25.000000 25.000000 25.000000 25.000000 25.000000 25.000000 25.000000 25.000000 25.000000 25.000000 25.000000 25.000000 25.000000 25.000000 25.000000 25.000000 25.000000 25.000000 25.000000 25.000000 25.000000 25.000000 25.000000 25.000000 25.000000 25.000000 25.000000 25.000000 25.000000 25.000000 25.000000 25.000000 25.000000 25.000000 25.000000 25.000000 25.000000 25.000000 25.000000 25.000000 25.000000 25.000000 25.000000 25.000000 25.000000 25.000000 25.000000 25.000000 25.000000 25.000000 25.000000 25.000000 25.000000 25.000000 25.000000 25.000000 25.000000 25.000000 25.000000 25.000000 25.000000 25.000000 25.000000 25.000000 25.000000 25.000000 25.000000 25.000000 25.000000 25.000000 25.000000 25.000000 25.000000 25.000000 25.000000 25.000000 25.000000 25.000000 25.000000 25.000000 25.000000 25.000000 25.000000 25.000000 25.000000 25.000000 25.000000 25.000000 25.000000 25.000000 25.000000 25.000000 25.000000 25.000000 25.000000 25.000000 25.000000 25.000000 25.000000 25.000000 25.000000 25.000000 25.000000 25.000000 25.000000 25.000000 25.000000 25.000000 25.000000 25.000000 25.000000 25.000000 25.000000 25.000000 25.000000 25.000000 25.000000 25.000000 25.000000 25.000000 25.000000 25.000000 25.000000 25.000000 25.000000 25.000000 25.000000 25.000000 25.000000 25.000000 25.000000 25.000000 25.000000 25.000000 25.000000 25.000000 25.000000 25.000000 25.000000 25.000000 25.000000 25.000000 25.000000 25.000000 25.000000 25.000000 25.000000 25.000000 25.000000 25.000000 25.000000 25.000000 25.000000 25.000000 25.000000 25.000000 25.000000 25.000000 25.000000 25.000000 25.000000 25.000000 25.000000 25.000000 25.000000 25.000000 
25.000000 25.000002 25.000006 25.000011 25.000017 25.000023 25.000029 25.000036 25.000046 25.000055 25.000067 25.000078 25.000092 25.000107 25.000126 25.000145 25.000168 25.000193 25.000221 25.000252 25.000288 25.000326 25.000374 25.000422 25.000479 25.000538 25.000610 25.000681 25.000769 25.000854 25.000961 25.001066 25.001196 25.001320 25.001474 25.001623 25.001806 25.001982 25.002197 25.002403 25.002655 25.002893 25.003185 25.003460 25.003798 25.004112 25.004498 25.004852 25.005291 25.005688 25.006186 25.006624 25.007183 25.007664 25.008289 25.008812 25.009504 25.010065 25.010828 25.011427 25.012260 25.012890 25.013794 25.014450 25.015423 25.016100 25.017138 25.017826 25.018925 25.019617 25.020769 25.021456 25.022655 25.023325 25.024565 25.025204 25.026470 25.027069 25.028351 25.028898 25.030184 25.030666 25.031942 25.032347 25.033602 25.033916 25.035133 25.035353 25.036518 25.036629 25.037731 25.037727 25.038752 25.038631 25.039566 25.039320 25.040157 25.039789 25.040516 25.040024 25.040638 25.040024 25.040516 25.039789 25.040157 25.039320 25.039566 25.038631 25.038752 25.037727 25.037731 25.036629 25.036518 25.035353 25.035133 25.033916 25.033602 25.032347 25.031942 25.030666 25.030184 25.028898 25.028351 25.027069 25.026470 25.025204 25.024565 25.023325 25.022655 25.021456 25.020769 25.019617 25.018925 25.017826 25.017138 25.016100 25.015423 25.014450 25.013794 25.012890 25.012260 25.011427 25.010828 25.010065 25.009504 25.008812 25.008289 25.007664 25.007183 25.006624 25.006186 25.005688 25.005291 25.004852 25.004498 25.004112 25.003798 25.003460 25.003185 25.002893 25.002655 25.002403 25.002197 25.001982 25.001806 25.001623 25.001474 25.001320 25.001196 25.001066 25.000961 25.000854 25.000769 25.000681 25.000610 25.000538 25.000479 25.000422 25.000374 25.000326 25.000288 25.000252 25.000221 25.000191 25.000168 25.000143 25.000124 25.000107 25.000092 25.000076 25.000065 25.000053 25.000044 25.000034 25.000027 25.000021 25.000013 25.000008 25.000004 25.000000 
25.000000 25.000006 25.000013 25.000025 25.000034 25.000048 25.000059 25.000076 25.000092 25.000113 25.000134 25.000160 25.000185 25.000219 25.000254 25.000294 25.000338 25.000389 25.000444 25.000511 25.000582 25.000666 25.000751 25.000856 25.000963 25.001093 25.001223 25.001385 25.001543 25.001740 25.001930 25.002169 25.002399 25.002684 25.002958 25.003298 25.003626 25.004026 25.004410 25.004881 25.005327 25.005877 25.006393 25.007029 25.007622 25.008350 25.009024 25.009855 25.010612 25.011557 25.012398 25.013464 25.014391 25.015587 25.016596 25.017927 25.019018 25.020489 25.021658 25.023270 25.024508 25.026260 25.027559 25.029453 25.030798 25.032827 25.034206 25.036362 25.037758 25.040030 25.041422 25.043797 25.045166 25.047628 25.048950 25.051479 25.052731 25.055304 25.056463 25.059055 25.060095 25.062683 25.063578 25.066133 25.066862 25.069357 25.069897 25.072302 25.072638 25.074926 25.075037 25.077183 25.077059 25.079037 25.078669 25.080456 25.079838 25.081417 25.080549 25.081902 25.080786 25.081902 25.080549 25.081417 25.079838 25.080456 25.078669 25.079037 25.077059 25.077183 25.075037 25.074926 25.072638 25.072302 25.069897 25.069357 25.066862 25.066133 25.063578 25.062683 25.060095 25.059055 25.056463 25.055304 25.052731 25.051479 25.048950 25.047628 25.045166 25.043797 25.041422 25.040030 25.037758 25.036362 25.034206 25.032827 25.030798 25.029453 25.027559 25.026260 25.024508 25.023270 25.021658 25.020489 25.019018 25.017927 25.016596 25.015587 25.014391 25.013464 25.012398 25.011557 25.010612 25.009855 25.009024 25.008350 25.007622 25.007029 25.006393 25.005877 25.005327 25.004881 25.004410 25.004026 25.003626 25.003298 25.002958 25.002684 25.002399 25.002169 25.001930 25.001740 25.001543 25.001385 25.001223 25.001093 25.000963 25.000856 25.000751 25.000666 25.000582 25.000511 25.000444 25.000389 25.000336 25.000294 25.000252 25.000217 25.000185 25.000156 25.000130 25.000109 25.000090 25.000072 25.000055 25.000042 25.000029 25.000017 25.000008 25.000000 
25.000000 25.000011 25.000025 25.000038 25.000055 25.000072 25.000093 25.000116 25.000143 25.000172 25.000206 25.000242 25.000286 25.000334 25.000389 25.000448 25.000519 25.000593 25.000683 25.000778 25.000893 25.001009 25.001154 25.001299 25.001478 25.001657 25.001879 25.002098 25.002369 25.002634 25.002964 25.003284 25.003681 25.004065 25.004539 25.004995 25.005558 25.006098 25.006760 25.007391 25.008165 25.008900 25.009798 25.010641 25.011679 25.012642 25.013828 25.014914 25.016268 25.017481 25.019012 25.020353 25.022078 25.023546 25.025473 25.027069 25.029202 25.030920 25.033266 25.035097 25.037659 25.039587 25.042366 25.044376 25.047363 25.049437 25.052622 25.054735 25.058104 25.060228 25.063765 25.065868 25.069550 25.071602 25.075399 25.077362 25.081244 25.083082 25.087013 25.088690 25.092632 25.094109 25.098022 25.099262 25.103104 25.104076 25.107803 25.108475 25.112045 25.112391 25.115763 25.115759 25.118895 25.118525 25.121387 25.120640 25.123199 25.122072 25.124300 25.122795 25.124668 25.122795 25.124300 25.122072 25.123199 25.120640 25.121387 25.118525 25.118895 25.115759 25.115763 25.112391 25.112045 25.108475 25.107803 25.104076 25.103104 25.099262 25.098022 25.094109 25.092632 25.088690 25.087013 25.083082 25.081244 25.077362 25.075399 25.071602 25.069550 25.065868 25.063765 25.060228 25.058104 25.054735 25.052622 25.049437 25.047363 25.044376 25.042366 25.039587 25.037659 25.035097 25.033266 25.030920 25.029202 25.027069 25.025473 25.023546 25.022078 25.020353 25.019012 25.017481 25.016268 25.014914 25.013828 25.012642 25.011679 25.010641 25.009798 25.008900 25.008165 25.007391 25.006760 25.006098 25.005558 25.004995 25.004539 25.004065 25.003681 25.003284 25.002964 25.002634 25.002369 25.002098 25.001879 25.001657 25.001478 25.001299 25.001154 25.001009 25.000893 25.000778 25.000683 25.000591 25.000517 25.000446 25.000387 25.000330 25.000284 25.000240 25.000202 25.000168 25.000139 25.000111 25.000088 25.000067 25.000048 25.000029 25.000013 25.000000 
25.000000 25.000017 25.000034 25.000055 25.000076 25.000101 25.000128 25.000162 25.000195 25.000238 25.000280 25.000336 25.000391 25.000460 25.000530 25.000616 25.000706 25.000816 25.000929 25.001070 25.001213 25.001389 25.001566 25.001785 25.002007 25.002277 25.002548 25.002880 25.003210 25.003616 25.004015 25.004509 25.004988 25.005577 25.006147 25.006853 25.007528 25.008360 25.009155 25.010132 25.011059 25.012196 25.013266 25.014584 25.015810 25.017323 25.018711 25.020441 25.021999 25.023964 25.025698 25.027914 25.029823 25.032305 25.034389 25.037149 25.039402 25.042450 25.044863 25.048201 25.050758 25.054390 25.057070 25.060991 25.063770 25.067966 25.070816 25.075274 25.078159 25.082853 25.085733 25.090641 25.093473 25.098557 25.101294 25.106514 25.109106 25.114416 25.116814 25.122166 25.124317 25.129656 25.131512 25.136782 25.138296 25.143436 25.144564 25.149523 25.150223 25.154940 25.155180 25.159599 25.159353 25.163427 25.162676 25.166357 25.165091 25.168339 25.166557 25.169338 25.167049 25.169338 25.166557 25.168339 25.165091 25.166357 25.162676 25.163427 25.159353 25.159599 25.155180 25.154940 25.150223 25.149523 25.144564 25.143436 25.138296 25.136782 25.131512 25.129656 25.124317 25.122166 25.116814 25.114416 25.109106 25.106514 25.101294 25.098557 25.093473 25.090641 25.085733 25.082853 25.078159 25.075274 25.070816 25.067966 25.063770 25.060991 25.057070 25.054390 25.050758 25.048201 25.044863 25.042450 25.039402 25.037149 25.034389 25.032305 25.029823 25.027914 25.025698 25.023964 25.021999 25.020441 25.018711 25.017323 25.015810 25.014584 25.013266 25.012196 25.011059 25.010132 25.009155 25.008360 25.007528 25.006853 25.006147 25.005577 25.004988 25.004509 25.004015 25.003616 25.003210 25.002880 25.002548 25.002277 25.002007 25.001785 25.001566 25.001389 25.001213 25.001070 25.000929 25.000814 25.000704 25.000614 25.000526 25.000458 25.000387 25.000332 25.000277 25.000233 25.000189 25.000154 25.000120 25.000093 25.000067 25.000042 25.000021 25.000000 
25.000000 25.000023 25.000048 25.000072 25.000101 25.000132 25.000170 25.000208 25.000257 25.000305 25.000368 25.000431 25.000509 25.000589 25.000689 25.000790 25.000917 25.001047 25.001207 25.001371 25.001574 25.001778 25.002031 25.002285 25.002600 25.002913 25.003300 25.003683 25.004156 25.004622 25.005198 25.005760 25.006453 25.007124 25.007954 25.008751 25.009735 25.010677 25.011835 25.012938 25.014292 25.015570 25.017143 25.018612 25.020426 25.022099 25.024178 25.026064 25.028435 25.030540 25.033222 25.035553 25.038567 25.041122 25.044485 25.047262 25.050987 25.053974 25.058069 25.061253 25.065722 25.069078 25.073919 25.077419 25.082623 25.086231 25.091778 25.095457 25.101320 25.105021 25.111172 25.114840 25.121239 25.124815 25.131414 25.134838 25.141581 25.144789 25.151615 25.154541 25.161385 25.163965 25.170755 25.172928 25.179590 25.181297 25.187759 25.188944 25.195133 25.195749 25.201593 25.201605 25.207037 25.206413 25.211369 25.210091 25.214518 25.212580 25.216429 25.213835 25.217068 25.213835 25.216429 25.212580 25.214518 25.210091 25.211369 25.206413 25.207037 25.201605 25.201593 25.195749 25.195133 25.188944 25.187759 25.181297 25.179590 25.172928 25.170755 25.163965 25.161385 25.154541 25.151615 25.144789 25.141581 25.134838 25.131414 25.124815 25.121239 25.114840 25.111172 25.105021 25.101320 25.095457 25.091778 25.086231 25.082623 25.077419 25.073919 25.069078 25.065722 25.061253 25.058069 25.053974 25.050987 25.047262 25.044485 25.041122 25.038567 25.035553 25.033222 25.030540 25.028435 25.026064 25.024178 25.022099 25.020426 25.018612 25.017143 25.015570 25.014292 25.012938 25.011835 25.010677 25.009735 25.008751 25.007954 25.007124 25.006453 25.005760 25.005198 25.004622 25.004156 25.003683 25.003300 25.002913 25.002600 25.002285 25.002031 25.001778 25.001574 25.001371 25.001207 25.001045 25.000916 25.000788 25.000687 25.000586 25.000505 25.000427 25.000362 25.000299 25.000250 25.000200 25.000160 25.000120 25.000088 25.000055 25.000027 25.000000 
25.000000 25.000029 25.000059 25.000093 25.000128 25.000170 25.000212 25.000265 25.000320 25.000387 25.000458 25.000544 25.000631 25.000740 25.000853 25.000992 25.001135 25.001312 25.001493 25.001719 25.001945 25.002226 25.002510 25.002859 25.003210 25.003641 25.004074 25.004602 25.005129 25.005775 25.006411 25.007195 25.007957 25.008898 25.009806 25.010925 25.011999 25.013325 25.014585 25.016140 25.017611 25.019421 25.021118 25.023212 25.025152 25.027559 25.029758 25.032511 25.034977 25.038101 25.040844 25.044365 25.047386 25.051329 25.054626 25.059010 25.062574 25.067408 25.071224 25.076519 25.080564 25.086319 25.090563 25.096771 25.101171 25.107815 25.112328 25.119377 25.123947 25.131372 25.135935 25.143688 25.148178 25.156204 25.160545 25.168783 25.172897 25.181276 25.185083 25.193523 25.196943 25.205359 25.208315 25.216616 25.219034 25.227131 25.228939 25.236742 25.237877 25.245296 25.245707 25.252657 25.252300 25.258701 25.257549 25.263327 25.261362 25.266455 25.263678 25.268034 25.264454 25.268034 25.263678 25.266455 25.261362 25.263327 25.257549 25.258701 25.252300 25.252657 25.245707 25.245296 25.237877 25.236742 25.228939 25.227131 25.219034 25.216616 25.208315 25.205359 25.196943 25.193523 25.185083 25.181276 25.172897 25.168783 25.160545 25.156204 25.148178 25.143688 25.135935 25.131372 25.123947 25.119377 25.112328 25.107815 25.101171 25.096771 25.090563 25.086319 25.080564 25.076519 25.071224 25.067408 25.062574 25.059010 25.054626 25.051329 25.047386 25.044365 25.040844 25.038101 25.034977 25.032511 25.029758 25.027559 25.025152 25.023212 25.021118 25.019421 25.017611 25.016140 25.014585 25.013325 25.011999 25.010925 25.009806 25.008898 25.007957 25.007195 25.006411 25.005775 25.005129 25.004602 25.004074 25.003641 25.003210 25.002859 25.002510 25.002226 25.001945 25.001717 25.001493 25.001312 25.001133 25.000990 25.000851 25.000736 25.000628 25.000538 25.000450 25.000380 25.000311 25.000256 25.000200 25.000154 25.000111 25.000072 25.000034 25.000000 
25.000000 25.000036 25.000076 25.000116 25.000162 25.000208 25.000265 25.000324 25.000397 25.000471 25.000565 25.000660 25.000776 25.000898 25.001047 25.001202 25.001392 25.001589 25.001831 25.002077 25.002380 25.002689 25.003069 25.003452 25.003923 25.004396 25.004976 25.005554 25.006264 25.006966 25.007828 25.008673 25.009710 25.010721 25.011963 25.013161 25.014637 25.016047 25.017784 25.019434 25.021465 25.023378 25.025736 25.027931 25.030651 25.033150 25.036266 25.039083 25.042633 25.045776 25.049791 25.053272 25.057781 25.061596 25.066626 25.070770 25.076336 25.080795 25.086912 25.091663 25.098335 25.103344 25.110565 25.115791 25.123547 25.128939 25.137201 25.142696 25.151428 25.156958 25.166111 25.171593 25.181108 25.186457 25.196264 25.201387 25.211405 25.216209 25.226345 25.230732 25.240889 25.244762 25.254833 25.258102 25.267981 25.270559 25.280134 25.281939 25.291103 25.292065 25.300713 25.300776 25.308807 25.307928 25.315250 25.313400 25.319931 25.317101 25.322773 25.318968 25.323727 25.318968 25.322773 25.317101 25.319931 25.313400 25.315250 25.307928 25.308807 25.300776 25.300713 25.292065 25.291103 25.281939 25.280134 25.270559 25.267981 25.258102 25.254833 25.244762 25.240889 25.230732 25.226345 25.216209 25.211405 25.201387 25.196264 25.186457 25.181108 25.171593 25.166111 25.156958 25.151428 25.142696 25.137201 25.128939 25.123547 25.115791 25.110565 25.103344 25.098335 25.091663 25.086912 25.080795 25.076336 25.070770 25.066626 25.061596 25.057781 25.053272 25.049791 25.045776 25.042633 25.039083 25.036266 25.033150 25.030651 25.027931 25.025736 25.023378 25.021465 25.019434 25.017784 25.016047 25.014637 25.013161 25.011963 25.010721 25.009710 25.008673 25.007828 25.006966 25.006264 25.005554 25.004976 25.004396 25.003923 25.003452 25.003069 25.002689 25.002380 25.002075 25.001829 25.001587 25.001390 25.001200 25.001043 25.000895 25.000772 25.000652 25.000557 25.000462 25.000385 25.000311 25.000250 25.000189 25.000139 25.000090 25.000044 25.000000 
25.000000 25.000046 25.000092 25.000143 25.000195 25.000257 25.000320 25.000397 25.000475 25.000574 25.000675 25.000799 25.000927 25.001085 25.001249 25.001451 25.001659 25.001917 25.002178 25.002502 25.002832 25.003239 25.003651 25.004154 25.004663 25.005287 25.005911 25.006678 25.007437 25.008371 25.009289 25.010418 25.011520 25.012875 25.014189 25.015800 25.017351 25.019260 25.021080 25.023317 25.025436 25.028042 25.030483 25.033501 25.036289 25.039759 25.042915 25.046877 25.050419 25.054914 25.058851 25.063917 25.068253 25.073919 25.078651 25.084946 25.090061 25.097002 25.102478 25.110073 25.115877 25.124128 25.130217 25.139109 25.145428 25.154934 25.161415 25.171501 25.178064 25.188677 25.195234 25.206310 25.212763 25.224224 25.230467 25.242222 25.248144 25.260092 25.265579 25.277605 25.282543 25.294527 25.298803 25.310621 25.314127 25.325647 25.328287 25.339380 25.341063 25.351604 25.352253 25.362118 25.361675 25.370752 25.369175 25.377359 25.374624 25.381826 25.377930 25.384083 25.379040 25.384083 25.377930 25.381826 25.374624 25.377359 25.369175 25.370752 25.361675 25.362118 25.352253 25.351604 25.341063 25.339380 25.328287 25.325647 25.314127 25.310621 25.298803 25.294527 25.282543 25.277605 25.265579 25.260092 25.248144 25.242222 25.230467 25.224224 25.212763 25.206310 25.195234 25.188677 25.178064 25.171501 25.161415 25.154934 25.145428 25.139109 25.130217 25.124128 25.115877 25.110073 25.102478 25.097002 25.090061 25.084946 25.078651 25.073919 25.068253 25.063917 25.058851 25.054914 25.050419 25.046877 25.042915 25.039759 25.036289 25.033501 25.030483 25.028042 25.025436 25.023317 25.021080 25.019260 25.017351 25.015800 25.014189 25.012875 25.011520 25.010418 25.009289 25.008371 25.007437 25.006678 25.005911 25.005287 25.004663 25.004154 25.003649 25.003237 25.002832 25.002501 25.002176 25.001913 25.001657 25.001448 25.001245 25.001081 25.000921 25.000792 25.000666 25.000563 25.000463 25.000380 25.000301 25.000233 25.000168 25.000111 25.000053 25.000000 
25.000000 25.000055 25.000113 25.000172 25.000238 25.000305 25.000387 25.000471 25.000574 25.000679 25.000809 25.000944 25.001110 25.001282 25.001493 25.001713 25.001982 25.002258 25.002598 25.002945 25.003374 25.003809 25.004343 25.004883 25.005545 25.006210 25.007027 25.007841 25.008839 25.009825 25.011034 25.012222 25.013680 25.015099 25.016840 25.018524 25.020592 25.022572 25.025005 25.027321 25.030165 25.032843 25.036144 25.039217 25.043026 25.046518 25.050882 25.054817 25.059786 25.064177 25.069794 25.074652 25.080957 25.086283 25.093307 25.099092 25.106865 25.113089 25.121620 25.128252 25.137550 25.144545 25.154600 25.161898 25.172689 25.180220 25.191710 25.199387 25.211523 25.219246 25.231960 25.239622 25.252829 25.260309 25.273911 25.281082 25.294966 25.301697 25.315733 25.321892 25.335947 25.341396 25.355326 25.359938 25.373590 25.377245 25.390471 25.393055 25.405703 25.407122 25.419046 25.419222 25.430283 25.429153 25.439226 25.436752 25.445726 25.441893 25.449671 25.444483 25.450994 25.444483 25.449671 25.441893 25.445726 25.436752 25.439226 25.429153 25.430283 25.419222 25.419046 25.407122 25.405703 25.393055 25.390471 25.377245 25.373590 25.359938 25.355326 25.341396 25.335947 25.321892 25.315733 25.301697 25.294966 25.281082 25.273911 25.260309 25.252829 25.239622 25.231960 25.219246 25.211523 25.199387 25.191710 25.180220 25.172689 25.161898 25.154600 25.144545 25.137550 25.128252 25.121620 25.113089 25.106865 25.099092 25.093307 25.086283 25.080957 25.074652 25.069794 25.064177 25.059786 25.054817 25.050882 25.046518 25.043026 25.039217 25.036144 25.032843 25.030165 25.027321 25.025005 25.022572 25.020592 25.018524 25.016840 25.015099 25.013680 25.012222 25.011034 25.009825 25.008839 25.007841 25.007027 25.006210 25.005545 25.004883 25.004341 25.003807 25.003372 25.002943 25.002596 25.002254 25.001976 25.001709 25.001488 25.001276 25.001102 25.000935 25.000797 25.000668 25.000557 25.000452 25.000362 25.000278 25.000204 25.000132 25.000065 25.000000 
25.000000 25.000067 25.000134 25.000206 25.000280 25.000368 25.000458 25.000565 25.000675 25.000809 25.000950 25.001122 25.001301 25.001520 25.001747 25.002026 25.002316 25.002670 25.003033 25.003479 25.003937 25.004496 25.005064 25.005760 25.006464 25.007322 25.008184 25.009239 25.010288 25.011572 25.012840 25.014393 25.015911 25.017773 25.019581 25.021797 25.023933 25.026552 25.029055 25.032127 25.035034 25.038614 25.041962 25.046103 25.049925 25.054686 25.059010 25.064444 25.069290 25.075455 25.080841 25.087782 25.093714 25.101471 25.107944 25.116554 25.123552 25.133038 25.140530 25.150902 25.158844 25.170099 25.178431 25.190552 25.199198 25.212151 25.221020 25.234751 25.243736 25.258173 25.267153 25.282209 25.291052 25.306618 25.315180 25.331135 25.339264 25.355465 25.363010 25.379307 25.386108 25.402338 25.408245 25.424236 25.429100 25.444679 25.448368 25.463356 25.465748 25.479977 25.480970 25.494272 25.493786 25.506008 25.503983 25.514988 25.511393 25.521063 25.515888 25.524126 25.517395 25.524126 25.515888 25.521063 25.511393 25.514988 25.503983 25.506008 25.493786 25.494272 25.480970 25.479977 25.465748 25.463356 25.448368 25.444679 25.429100 25.424236 25.408245 25.402338 25.386108 25.379307 25.363010 25.355465 25.339264 25.331135 25.315180 25.306618 25.291052 25.282209 25.267153 25.258173 25.243736 25.234751 25.221020 25.212151 25.199198 25.190552 25.178431 25.170099 25.158844 25.150902 25.140530 25.133038 25.123552 25.116554 25.107944 25.101471 25.093714 25.087782 25.080841 25.075455 25.069290 25.064444 25.059010 25.054686 25.049925 25.046103 25.041962 25.038614 25.035034 25.032127 25.029055 25.026552 25.023933 25.021797 25.019581 25.017773 25.015911 25.014393 25.012840 25.011572 25.010288 25.009239 25.008184 25.007322 25.006462 25.005758 25.005062 25.004494 25.003935 25.003477 25.003031 25.002665 25.002312 25.002022 25.001741 25.001513 25.001291 25.001110 25.000937 25.000792 25.000656 25.000540 25.000429 25.000334 25.000242 25.000158 25.000078 25.000000 
25.000000 25.000078 25.000160 25.000242 25.000336 25.000431 25.000544 25.000660 25.000799 25.000944 25.001122 25.001307 25.001534 25.001768 25.002056 25.002354 25.002720 25.003099 25.003561 25.004036 25.004618 25.005211 25.005938 25.006672 25.007572 25.008478 25.009584 25.010691 25.012043 25.013384 25.015022 25.016636 25.018610 25.020535 25.022894 25.025177 25.027973 25.030657 25.033949 25.037079 25.040926 25.044544 25.049009 25.053158 25.058306 25.063019 25.068914 25.074221 25.080929 25.086847 25.094425 25.100973 25.109472 25.116650 25.126112 25.133907 25.144365 25.152754 25.164223 25.173162 25.185652 25.195078 25.208574 25.218410 25.232885 25.243034 25.258432 25.268782 25.285034 25.295450 25.312462 25.322800 25.340458 25.350559 25.368729 25.378424 25.396954 25.406063 25.424786 25.433134 25.451866 25.459270 25.477819 25.484112 25.502279 25.507294 25.524874 25.528465 25.545261 25.547300 25.563118 25.563496 25.578154 25.576788 25.590117 25.586958 25.598812 25.593836 25.604090 25.597303 25.605858 25.597303 25.604090 25.593836 25.598812 25.586958 25.590117 25.576788 25.578154 25.563496 25.563118 25.547300 25.545261 25.528465 25.524874 25.507294 25.502279 25.484112 25.477819 25.459270 25.451866 25.433134 25.424786 25.406063 25.396954 25.378424 25.368729 25.350559 25.340458 25.322800 25.312462 25.295450 25.285034 25.268782 25.258432 25.243034 25.232885 25.218410 25.208574 25.195078 25.185652 25.173162 25.164223 25.152754 25.144365 25.133907 25.126112 25.116650 25.109472 25.100973 25.094425 25.086847 25.080929 25.074221 25.068914 25.063019 25.058306 25.053158 25.049009 25.044544 25.040926 25.037079 25.033949 25.030657 25.027973 25.025177 25.022894 25.020535 25.018610 25.016636 25.015022 25.013382 25.012043 25.010689 25.009584 25.008476 25.007570 25.006670 25.005934 25.005209 25.004614 25.004034 25.003557 25.003096 25.002714 25.002350 25.002048 25.001759 25.001520 25.001293 25.001104 25.000925 25.000774 25.000631 25.000507 25.000391 25.000286 25.000185 25.000092 25.000000 
25.000000 25.000092 25.000185 25.000286 25.000391 25.000509 25.000631 25.000776 25.000927 25.001110 25.001301 25.001534 25.001774 25.002069 25.002377 25.002752 25.003143 25.003618 25.004110 25.004711 25.005327 25.006079 25.006844 25.007778 25.008722 25.009876 25.011036 25.012449 25.013859 25.015579 25.017281 25.019360 25.021397 25.023890 25.026312 25.029278 25.032137 25.035639 25.038988 25.043093 25.046978 25.051760 25.056231 25.061760 25.066860 25.073215 25.078979 25.086231 25.092690 25.100906 25.108084 25.117327 25.125229 25.135555 25.144176 25.155624 25.164946 25.177544 25.187525 25.201288 25.211868 25.226793 25.237890 25.253950 25.265471 25.282616 25.294434 25.312595 25.324572 25.343653 25.355627 25.375509 25.387306 25.407846 25.419281 25.440313 25.451183 25.472527 25.482626 25.504076 25.513203 25.534546 25.542496 25.563507 25.570089 25.590538 25.595573 25.615229 25.618559 25.637196 25.638683 25.656086 25.655624 25.671595 25.669102 25.683460 25.678896 25.691484 25.684839 25.695530 25.686831 25.695530 25.684839 25.691484 25.678896 25.683460 25.669102 25.671595 25.655624 25.656086 25.638683 25.637196 25.618559 25.615229 25.595573 25.590538 25.570089 25.563507 25.542496 25.534546 25.513203 25.504076 25.482626 25.472527 25.451183 25.440313 25.419281 25.407846 25.387306 25.375509 25.355627 25.343653 25.324572 25.312595 25.294434 25.282616 25.265471 25.253950 25.237890 25.226793 25.211868 25.201288 25.187525 25.177544 25.164946 25.155624 25.144176 25.135555 25.125229 25.117327 25.108084 25.100906 25.092690 25.086231 25.078979 25.073215 25.066860 25.061760 25.056231 25.051760 25.046978 25.043093 25.038988 25.035639 25.032137 25.029278 25.026312 25.023890 25.021397 25.019360 25.017281 25.015579 25.013857 25.012449 25.011034 25.009876 25.008720 25.007776 25.006842 25.006075 25.005323 25.004707 25.004107 25.003614 25.003138 25.002745 25.002369 25.002058 25.001760 25.001514 25.001282 25.001085 25.000900 25.000742 25.000591 25.000460 25.000334 25.000219 25.000107 25.000000 
25.000000 25.000107 25.000219 25.000334 25.000460 25.000589 25.000740 25.000898 25.001085 25.001282 25.001520 25.001768 25.002069 25.002384 25.002769 25.003170 25.003656 25.004164 25.004780 25.005413 25.006189 25.006981 25.007946 25.008926 25.010124 25.011330 25.012800 25.014273 25.016069 25.017851 25.020029 25.022171 25.024790 25.027348 25.030476 25.033503 25.037207 25.040768 25.045124 25.049271 25.054361 25.059151 25.065056 25.070543 25.077349 25.083576 25.091368 25.098375 25.107233 25.115049 25.125046 25.133690 25.144892 25.154364 25.166824 25.177113 25.190870 25.201939 25.217018 25.228809 25.245214 25.257650 25.275362 25.288342 25.307318 25.320713 25.340883 25.354546 25.375814 25.389572 25.411818 25.425478 25.448547 25.461906 25.485624 25.498457 25.522627 25.534702 25.559101 25.570185 25.594574 25.604435 25.628563 25.636976 25.660585 25.667336 25.690161 25.695059 25.716841 25.719713 25.740204 25.740911 25.759871 25.758308 25.775520 25.771616 25.786892 25.780615 25.793793 25.785152 25.796106 25.785152 25.793793 25.780615 25.786892 25.771616 25.775520 25.758308 25.759871 25.740911 25.740204 25.719713 25.716841 25.695059 25.690161 25.667336 25.660585 25.636976 25.628563 25.604435 25.594574 25.570185 25.559101 25.534702 25.522627 25.498457 25.485624 25.461906 25.448547 25.425478 25.411818 25.389572 25.375814 25.354546 25.340883 25.320713 25.307318 25.288342 25.275362 25.257650 25.245214 25.228809 25.217018 25.201939 25.190870 25.177113 25.166824 25.154364 25.144892 25.133690 25.125046 25.115049 25.107233 25.098375 25.091368 25.083576 25.077349 25.070543 25.065056 25.059151 25.054361 25.049271 25.045124 25.040768 25.037207 25.033503 25.030476 25.027348 25.024790 25.022171 25.020029 25.017851 25.016068 25.014271 25.012800 25.011328 25.010122 25.008924 25.007942 25.006977 25.006184 25.005409 25.004774 25.004158 25.003649 25.003160 25.002758 25.002373 25.002054 25.001749 25.001495 25.001255 25.001051 25.000858 25.000692 25.000534 25.000391 25.000256 25.000126 25.000000 
25.000000 25.000126 25.000254 25.000389 25.000530 25.000689 25.000853 25.001047 25.001249 25.001493 25.001747 25.002056 25.002377 25.002769 25.003178 25.003675 25.004194 25.004824 25.005474 25.006269 25.007084 25.008078 25.009090 25.010324 25.011574 25.013098 25.014627 25.016493 25.018353 25.020620 25.022863 25.025600 25.028286 25.031567 25.034758 25.038656 25.042421 25.047022 25.051424 25.056816 25.061920 25.068195 25.074066 25.081320 25.088011 25.096342 25.103899 25.113400 25.121866 25.132622 25.142025 25.154114 25.164463 25.177956 25.189245 25.204191 25.216394 25.232828 25.245893 25.263830 25.277679 25.297110 25.311642 25.332531 25.347614 25.369894 25.385374 25.408953 25.424644 25.449396 25.465092 25.490858 25.506336 25.532930 25.547941 25.575151 25.589439 25.617027 25.630323 25.658026 25.670067 25.697605 25.708132 25.735212 25.743977 25.770306 25.777073 25.802353 25.806915 25.830858 25.833038 25.855368 25.855026 25.875484 25.872519 25.890875 25.885227 25.901281 25.892939 25.906528 25.895523 25.906528 25.892939 25.901281 25.885227 25.890875 25.872519 25.875484 25.855026 25.855368 25.833038 25.830858 25.806915 25.802353 25.777073 25.770306 25.743977 25.735212 25.708132 25.697605 25.670067 25.658026 25.630323 25.617027 25.589439 25.575151 25.547941 25.532930 25.506336 25.490858 25.465092 25.449396 25.424644 25.408953 25.385374 25.369894 25.347614 25.332531 25.311642 25.297110 25.277679 25.263830 25.245893 25.232828 25.216394 25.204191 25.189245 25.177956 25.164463 25.154114 25.142025 25.132622 25.121866 25.113400 25.103899 25.096342 25.088011 25.081320 25.074066 25.068195 25.061920 25.056816 25.051424 25.047022 25.042421 25.038656 25.034758 25.031567 25.028286 25.025600 25.022863 25.020620 25.018351 25.016491 25.014626 25.013096 25.011572 25.010323 25.009087 25.008074 25.007080 25.006264 25.005468 25.004816 25.004185 25.003664 25.003166 25.002754 25.002359 25.002031 25.001720 25.001459 25.001211 25.000999 25.000799 25.000622 25.000454 25.000298 25.000147 25.000000 
25.000000 25.000145 25.000294 25.000448 25.000616 25.000790 25.000992 25.001202 25.001451 25.001713 25.002026 25.002354 25.002752 25.003170 25.003675 25.004204 25.004847 25.005512 25.006323 25.007156 25.008175 25.009216 25.010485 25.011772 25.013342 25.014925 25.016855 25.018784 25.021137 25.023474 25.026323 25.029131 25.032555 25.035904 25.039988 25.043951 25.048786 25.053438 25.059124 25.064537 25.071177 25.077425 25.085123 25.092276 25.101143 25.109255 25.119398 25.128523 25.140041 25.150219 25.163208 25.174458 25.188997 25.201324 25.217484 25.230867 25.248693 25.263090 25.282610 25.297947 25.319164 25.335339 25.358225 25.375107 25.399603 25.417030 25.443043 25.460823 25.488226 25.506136 25.534771 25.552568 25.582237 25.599651 25.630129 25.646873 25.677902 25.693682 25.724976 25.739489 25.770742 25.783689 25.814577 25.825670 25.855862 25.864828 25.893986 25.900574 25.928366 25.932356 25.958466 25.959677 25.983799 25.982096 26.003956 25.999243 26.018600 26.010838 26.027487 26.016685 26.030466 26.016685 26.027487 26.010838 26.018600 25.999243 26.003956 25.982096 25.983799 25.959677 25.958466 25.932356 25.928366 25.900574 25.893986 25.864828 25.855862 25.825670 25.814577 25.783689 25.770742 25.739489 25.724976 25.693682 25.677902 25.646873 25.630129 25.599651 25.582237 25.552568 25.534771 25.506136 25.488226 25.460823 25.443043 25.417030 25.399603 25.375107 25.358225 25.335339 25.319164 25.297947 25.282610 25.263090 25.248693 25.230867 25.217484 25.201324 25.188997 25.174458 25.163208 25.150219 25.140041 25.128523 25.119398 25.109255 25.101143 25.092276 25.085123 25.077425 25.071177 25.064537 25.059124 25.053438 25.048786 25.043951 25.039988 25.035904 25.032555 25.029131 25.026323 25.023474 25.021137 25.018782 25.016853 25.014923 25.013340 25.011768 25.010481 25.009211 25.008169 25.007151 25.006313 25.005503 25.004835 25.004190 25.003660 25.003151 25.002729 25.002329 25.001993 25.001673 25.001404 25.001148 25.000927 25.000715 25.000525 25.000343 25.000170 25.000000 
25.000000 25.000168 25.000338 25.000519 25.000706 25.000917 25.001135 25.001392 25.001659 25.001982 25.002316 25.002720 25.003143 25.003656 25.004194 25.004847 25.005524 25.006348 25.007200 25.008238 25.009304 25.010603 25.011925 25.013536 25.015167 25.017155 25.019150 25.021582 25.024004 25.026958 25.029881 25.033442 25.036938 25.041201 25.045353 25.050415 25.055309 25.061279 25.066998 25.073990 25.080614 25.088749 25.096359 25.105759 25.114428 25.125212 25.135000 25.147287 25.158249 25.172146 25.184317 25.199923 25.213314 25.230713 25.245317 25.264574 25.280357 25.301512 25.318409 25.341475 25.359385 25.384348 25.403141 25.429951 25.449461 25.478031 25.498056 25.528261 25.548569 25.580246 25.600569 25.633516 25.653566 25.687542 25.707005 25.741735 25.760283 25.795460 25.812752 25.848040 25.863739 25.898783 25.912554 25.946983 25.958506 25.991943 26.000925 26.032991 26.039164 26.069494 26.072632 26.100876 26.100796 26.126627 26.123196 26.146324 26.139469 26.159643 26.149343 26.166359 26.152655 26.166359 26.149343 26.159643 26.139469 26.146324 26.123196 26.126627 26.100796 26.100876 26.072632 26.069494 26.039164 26.032991 26.000925 25.991943 25.958506 25.946983 25.912554 25.898783 25.863739 25.848040 25.812752 25.795460 25.760283 25.741735 25.707005 25.687542 25.653566 25.633516 25.600569 25.580246 25.548569 25.528261 25.498056 25.478031 25.449461 25.429951 25.403141 25.384348 25.359385 25.341475 25.318409 25.301512 25.280357 25.264574 25.245317 25.230713 25.213314 25.199923 25.184317 25.172146 25.158249 25.147287 25.135000 25.125212 25.114428 25.105759 25.096359 25.088749 25.080614 25.073990 25.066998 25.061279 25.055309 25.050415 25.045353 25.041199 25.036938 25.033440 25.029879 25.026957 25.024002 25.021580 25.019148 25.017153 25.015165 25.013535 25.011921 25.010597 25.009298 25.008232 25.007191 25.006338 25.005510 25.004829 25.004175 25.003633 25.003117 25.002687 25.002277 25.001934 25.001606 25.001328 25.001060 25.000828 25.000603 25.000397 25.000195 25.000000 
25.000000 25.000193 25.000389 25.000593 25.000816 25.001047 25.001312 25.001589 25.001917 25.002258 25.002670 25.003099 25.003618 25.004164 25.004824 25.005512 25.006348 25.007214 25.008270 25.009356 25.010681 25.012033 25.013683 25.015356 25.017395 25.019447 25.021952 25.024454 25.027504 25.030535 25.034224 25.037861 25.042290 25.046627 25.051905 25.057032 25.063276 25.069290 25.076630 25.083620 25.092186 25.100248 25.110174 25.119396 25.130819 25.141275 25.154329 25.166084 25.180897 25.194004 25.210688 25.225172 25.243832 25.259699 25.280416 25.297640 25.320473 25.338997 25.363976 25.383709 25.410830 25.431643 25.460867 25.482590 25.513840 25.536268 25.569422 25.592310 25.627205 25.650269 25.686697 25.709627 25.747335 25.769789 25.808487 25.830101 25.869459 25.889858 25.929516 25.948315 25.987881 26.004700 26.043764 26.058237 26.096378 26.108154 26.144947 26.153711 26.188738 26.194212 26.227066 26.229017 26.259323 26.257572 26.284983 26.279411 26.303623 26.294176 26.314932 26.301620 26.318724 26.301620 26.314932 26.294176 26.303623 26.279411 26.284983 26.257572 26.259323 26.229017 26.227066 26.194212 26.188738 26.153711 26.144947 26.108154 26.096378 26.058237 26.043764 26.004700 25.987881 25.948315 25.929516 25.889858 25.869459 25.830101 25.808487 25.769789 25.747335 25.709627 25.686697 25.650269 25.627205 25.592310 25.569422 25.536268 25.513840 25.482590 25.460867 25.431643 25.410830 25.383709 25.363976 25.338997 25.320473 25.297640 25.280416 25.259699 25.243832 25.225172 25.210688 25.194004 25.180897 25.166084 25.154329 25.141275 25.130819 25.119396 25.110174 25.100248 25.092186 25.083620 25.076630 25.069290 25.063276 25.057032 25.051905 25.046625 25.042290 25.037861 25.034222 25.030533 25.027502 25.024452 25.021950 25.019445 25.017391 25.015352 25.013678 25.012028 25.010674 25.009348 25.008261 25.007202 25.006332 25.005493 25.004801 25.004137 25.003588 25.003061 25.002623 25.002205 25.001854 25.001516 25.001225 25.000946 25.000696 25.000452 25.000225 25.000000 
25.000000 25.000221 25.000444 25.000683 25.000929 25.001207 25.001493 25.001831 25.002178 25.002598 25.003033 25.003561 25.004110 25.004780 25.005474 25.006323 25.007200 25.008270 25.009373 25.010719 25.012098 25.013779 25.015490 25.017574 25.019682 25.022247 25.024824 25.027962 25.031092 25.034899 25.038668 25.043255 25.047764 25.053249 25.058601 25.065109 25.071407 25.079081 25.086433 25.095415 25.103926 25.114368 25.124140 25.136194 25.147318 25.161137 25.173693 25.189423 25.203478 25.221251 25.236849 25.256788 25.273949 25.296156 25.314867 25.339420 25.359638 25.386583 25.408224 25.437576 25.460514 25.492249 25.516317 25.550365 25.575354 25.611603 25.637257 25.675543 25.701563 25.741676 25.767733 25.809414 25.835135 25.878075 25.903067 25.946917 25.970762 26.015133 26.037403 26.081869 26.102135 26.146250 26.164087 26.207380 26.222389 26.264385 26.276188 26.316416 26.324677 26.362673 26.367105 26.402430 26.402802 26.435049 26.431190 26.459999 26.451811 26.476866 26.464321 26.485369 26.468515 26.485369 26.464321 26.476866 26.451811 26.459999 26.431190 26.435049 26.402802 26.402430 26.367105 26.362673 26.324677 26.316416 26.276188 26.264385 26.222389 26.207380 26.164087 26.146250 26.102135 26.081869 26.037403 26.015133 25.970762 25.946917 25.903067 25.878075 25.835135 25.809414 25.767733 25.741676 25.701563 25.675543 25.637257 25.611603 25.575354 25.550365 25.516317 25.492249 25.460514 25.437576 25.408224 25.386583 25.359638 25.339420 25.314867 25.296156 25.273949 25.256788 25.236849 25.221251 25.203478 25.189423 25.173693 25.161137 25.147318 25.136194 25.124140 25.114368 25.103926 25.095415 25.086433 25.079081 25.071407 25.065109 25.058601 25.053249 25.047764 25.043255 25.038668 25.034897 25.031090 25.027960 25.024822 25.022245 25.019678 25.017570 25.015484 25.013773 25.012091 25.010710 25.009361 25.008255 25.007183 25.006300 25.005451 25.004749 25.004076 25.003515 25.002983 25.002535 25.002108 25.001743 25.001394 25.001089 25.000792 25.000523 25.000256 25.000000 
