25.000000 25.000000 25.000000 25.000000 25.000000 25.000000 25.000000 25.000000 25.000000 25.000000 25.000000 25.000000 25.000000 25.000000 25.000000 25.000000 25.000000 25.000000 25.000000 25.000000 25.000000 25.000000 25.000000 25.000000 25.000000 25.000000 25.000000 25.000000 25.000000 25.000000 25.000000 25.000000 25.000000 25.000000 25.000000 25.000000 25.000000 25.000000 25.000000 25.000000 25.000000 25.000000 25.000000 25.000000 25.000000 25.000000 25.000000 25.000000 25.000000 25.000000 25.000000 25.000000 25.000000 25.000000 25.000000 25.000000 25.000000 25.000000 25.000000 25.000000 25.000000 25.000000 25.000000 25.000000 25.000000 25.000000 25.000000 25.000000 25.000000 25.000000 25.000000 25.000000 25.000000 25.000000 25.000000 25.000000 25.000000 25.000000 25.000000 25.000000 25.000000 25.000000 25.000000 25.000000 25.000000 25.000000 25.000000 25.000000 25.000000 25.000000 25.000000 25.000000 25.000000 25.000000 25.000000 25.000000 25.000000 25.000000 25.000000 25.000000 25.000000 25.000000 25.000000 25.000000 25.000000 25.000000 25.000000 25.000000 25.000000 25.000000 25.000000 25.000000 25.000000 25.000000 25.000000 25.000000 25.000000 25.000000 25.000000 25.000000 25.000000 25.000000 25.000000 25.000000 25.000000 25.000000 25.000000 25.000000 25.000000 25.000000 25.000000 25.000000 25.000000 25.000000 25.000000 25.000000 25.000000 25.000000 25.000000 25.000000 25.000000 25.000000 25.000000 25.000000 25.000000 25.000000 25.000000 25.000000 25.000000 25.000000 25.000000 25.000000 25.000000 25.000000 25.000000 25.000000 25.000000 25.000000 25.000000 25.000000 25.000000 25.000000 25.000000 25.000000 25.000000 25.000000 25.000000 25.000000 25.000000 25.000000 25.000000 25.000000 25.000000 25.000000 25.000000 25.000000 25.000000 25.000000 25.000000 25.000000 25.000000 25.000000 25.000000 25.000000 25.000000 25.000000 25.000000 25.000000 25.000000 25.000000 25.000000 25.000000 25.000000 25.000000 25.000000 25.000000 25.000000 25.000000 25.000000 25.000000 
25.000000 24.996208 24.991848 24.987511 24.981504 24.975723 24.967316 24.959711 24.948851 24.939920 24.927637 24.918964 24.907370 24.901276 24.892853 24.891342 24.887606 24.891033 24.891428 24.898001 24.900045 24.906698 24.907356 24.911390 24.908674 24.909092 24.903032 24.900967 24.893545 24.891634 24.885712 24.886593 24.884211 24.888882 24.889940 24.897102 24.899445 24.906353 24.907133 24.911266 24.908598 24.909052 24.903008 24.900955 24.893538 24.891630 24.885710 24.886591 24.884211 24.888882 24.889940 24.897102 24.899445 24.906353 24.907133 24.911266 24.908598 24.909052 24.903008 24.900955 24.893538 24.891630 24.885710 24.886591 24.884211 24.888882 24.889940 24.897102 24.899445 24.906353 24.907133 24.911266 24.908598 24.909052 24.903008 24.900955 24.893538 24.891630 24.885710 24.886591 24.884211 24.888882 24.889940 24.897102 24.899445 24.906353 24.907133 24.911266 24.908598 24.909052 24.903008 24.900955 24.893538 24.891630 24.885710 24.886591 24.884211 24.888882 24.889940 24.897102 24.899445 24.906353 24.907133 24.911266 24.908598 24.909052 24.903008 24.900955 24.893538 24.891630 24.885710 24.886591 24.884211 24.888882 24.889940 24.897102 24.899445 24.906353 24.907133 24.911266 24.908598 24.909052 24.903008 24.900955 24.893538 24.891630 24.885710 24.886591 24.884211 24.888882 24.889940 24.897102 24.899445 24.906353 24.907133 24.911266 24.908598 24.909052 24.903006 24.900949 24.893526 24.891596 24.885645 24.886444 24.883965 24.888395 24.889227 24.895857 24.897820 24.903837 24.904219 24.907257 24.904469 24.903996 24.898371 24.895899 24.889408 24.887623 24.882795 24.884075 24.882584 24.887634 24.889227 24.896618 24.899200 24.906206 24.907068 24.911232 24.908585 24.909046 24.903006 24.900955 24.893538 24.891630 24.885710 24.886593 24.884212 24.888885 24.889950 24.897120 24.899483 24.906416 24.907255 24.911465 24.908964 24.909620 24.904003 24.902454 24.896044 24.895277 24.891516 24.894764 24.896606 24.905737 24.914320 24.929075 24.943542 24.962027 24.980326 25.000000 
25.000000 24.991848 24.983675 24.973175 24.962786 24.947903 24.933826 24.913559 24.895769 24.871023 24.851664 24.825821 24.809235 24.787527 24.778795 24.765984 24.768049 24.765377 24.776680 24.780603 24.795485 24.799557 24.811338 24.809765 24.814217 24.804775 24.802067 24.787085 24.781580 24.766716 24.764622 24.755690 24.761366 24.760685 24.773777 24.778633 24.794323 24.798792 24.810909 24.809492 24.814072 24.804688 24.802023 24.787058 24.781567 24.766708 24.764618 24.755688 24.761366 24.760685 24.773777 24.778633 24.794323 24.798792 24.810909 24.809492 24.814072 24.804688 24.802023 24.787058 24.781567 24.766708 24.764618 24.755688 24.761366 24.760685 24.773777 24.778633 24.794323 24.798792 24.810909 24.809492 24.814072 24.804688 24.802023 24.787058 24.781567 24.766708 24.764618 24.755688 24.761366 24.760685 24.773777 24.778633 24.794323 24.798792 24.810909 24.809492 24.814072 24.804688 24.802023 24.787058 24.781567 24.766708 24.764618 24.755688 24.761366 24.760685 24.773777 24.778633 24.794323 24.798792 24.810909 24.809492 24.814072 24.804688 24.802023 24.787058 24.781567 24.766708 24.764618 24.755688 24.761366 24.760685 24.773777 24.778633 24.794323 24.798792 24.810909 24.809492 24.814072 24.804688 24.802023 24.787058 24.781567 24.766708 24.764618 24.755688 24.761366 24.760685 24.773777 24.778633 24.794323 24.798792 24.810909 24.809492 24.814072 24.804686 24.802017 24.787048 24.781538 24.766651 24.764481 24.755442 24.760847 24.759874 24.772270 24.776543 24.790888 24.794569 24.804745 24.802759 24.805332 24.796192 24.792208 24.778563 24.772829 24.759974 24.758455 24.751463 24.757929 24.758595 24.772270 24.777821 24.793806 24.798548 24.810772 24.809437 24.814045 24.804676 24.802017 24.787058 24.781567 24.766708 24.764618 24.755690 24.761370 24.760696 24.773796 24.778673 24.794394 24.798933 24.811140 24.809933 24.814768 24.805939 24.803940 24.790344 24.786440 24.774652 24.776018 24.773397 24.785921 24.797062 24.822466 24.847429 24.883070 24.918381 24.959272 25.000000 
25.000000 24.987511 24.973175 24.958727 24.938837 24.919271 24.891123 24.864927 24.828125 24.796741 24.754622 24.723417 24.683393 24.660801 24.632038 24.625744 24.614079 24.625742 24.629187 24.652248 24.661543 24.684702 24.688686 24.702116 24.693634 24.693727 24.672901 24.663727 24.637798 24.629025 24.608622 24.610174 24.602995 24.618715 24.624350 24.649326 24.659595 24.683582 24.687965 24.701723 24.693388 24.693600 24.672823 24.663689 24.637775 24.629015 24.608616 24.610172 24.602995 24.618715 24.624350 24.649326 24.659595 24.683582 24.687965 24.701723 24.693388 24.693600 24.672823 24.663689 24.637775 24.629015 24.608616 24.610172 24.602995 24.618715 24.624350 24.649326 24.659595 24.683582 24.687965 24.701723 24.693388 24.693600 24.672823 24.663689 24.637775 24.629015 24.608616 24.610172 24.602995 24.618715 24.624350 24.649326 24.659595 24.683582 24.687965 24.701723 24.693388 24.693600 24.672823 24.663689 24.637775 24.629015 24.608616 24.610172 24.602995 24.618715 24.624350 24.649326 24.659595 24.683582 24.687965 24.701723 24.693388 24.693600 24.672823 24.663689 24.637775 24.629015 24.608616 24.610172 24.602995 24.618715 24.624350 24.649326 24.659595 24.683582 24.687965 24.701723 24.693388 24.693600 24.672823 24.663689 24.637775 24.629015 24.608616 24.610172 24.602995 24.618715 24.624350 24.649326 24.659595 24.683582 24.687965 24.701723 24.693386 24.693598 24.672817 24.663673 24.637741 24.628927 24.608452 24.609800 24.602371 24.617483 24.622530 24.646147 24.655441 24.677143 24.680502 24.691446 24.682800 24.680628 24.660931 24.650719 24.627188 24.618740 24.601152 24.603735 24.598839 24.615534 24.622530 24.648094 24.658974 24.683210 24.687799 24.701635 24.693354 24.693584 24.672817 24.663687 24.637775 24.629015 24.608618 24.610176 24.603003 24.618731 24.624384 24.649385 24.659718 24.683784 24.688358 24.702356 24.694559 24.695429 24.676035 24.668541 24.645884 24.640877 24.627499 24.636887 24.643534 24.674124 24.704559 24.755104 24.805693 24.869152 24.932398 25.000000 
25.000000 24.981504 24.962786 24.938837 24.914564 24.880150 24.846468 24.798788 24.755060 24.695753 24.646666 24.583725 24.540121 24.487101 24.462814 24.432932 24.436779 24.433861 24.462072 24.476435 24.513733 24.527929 24.556589 24.555447 24.564474 24.542305 24.532082 24.494961 24.476858 24.439842 24.430666 24.409740 24.421726 24.423363 24.455576 24.472050 24.511148 24.526241 24.555643 24.554848 24.564154 24.542109 24.531982 24.494902 24.476831 24.439827 24.430658 24.409737 24.421724 24.423363 24.455576 24.472050 24.511148 24.526241 24.555643 24.554848 24.564154 24.542109 24.531982 24.494902 24.476831 24.439827 24.430658 24.409737 24.421724 24.423363 24.455576 24.472050 24.511148 24.526241 24.555643 24.554848 24.564154 24.542109 24.531982 24.494902 24.476831 24.439827 24.430658 24.409737 24.421724 24.423363 24.455576 24.472050 24.511148 24.526241 24.555643 24.554848 24.564154 24.542109 24.531982 24.494902 24.476831 24.439827 24.430658 24.409737 24.421724 24.423363 24.455576 24.472050 24.511148 24.526241 24.555643 24.554848 24.564154 24.542109 24.531982 24.494902 24.476831 24.439827 24.430658 24.409737 24.421724 24.423363 24.455576 24.472050 24.511148 24.526241 24.555643 24.554848 24.564154 24.542109 24.531982 24.494902 24.476831 24.439827 24.430658 24.409737 24.421724 24.423363 24.455576 24.472050 24.511148 24.526241 24.555643 24.554848 24.564154 24.542107 24.531975 24.494886 24.476788 24.439737 24.430445 24.409355 24.420918 24.422094 24.453213 24.468769 24.505737 24.519587 24.545908 24.544218 24.550327 24.528683 24.516443 24.481476 24.463003 24.429195 24.420923 24.403082 24.416315 24.420080 24.453213 24.470783 24.510344 24.525860 24.555429 24.554758 24.564112 24.542093 24.531975 24.494900 24.476831 24.439827 24.430660 24.409742 24.421734 24.423388 24.455620 24.472141 24.511303 24.526550 24.556150 24.555809 24.565685 24.544865 24.536226 24.502171 24.487679 24.457521 24.456215 24.449472 24.477205 24.505653 24.566542 24.629135 24.715446 24.802267 24.901163 25.000000 
25.000000 24.975723 24.947903 24.919271 24.880150 24.840298 24.783777 24.728699 24.652988 24.584541 24.495697 24.424694 24.338737 24.284662 24.223671 24.206390 24.185789 24.210850 24.226116 24.277683 24.305882 24.356693 24.371342 24.398607 24.383436 24.378939 24.334303 24.307175 24.249815 24.222820 24.178492 24.176392 24.164608 24.197433 24.216951 24.272148 24.302221 24.354588 24.369991 24.397867 24.382977 24.378698 24.334158 24.307104 24.249775 24.222801 24.178480 24.176388 24.164606 24.197432 24.216951 24.272148 24.302221 24.354588 24.369991 24.397867 24.382977 24.378698 24.334158 24.307104 24.249775 24.222801 24.178480 24.176388 24.164606 24.197432 24.216951 24.272148 24.302221 24.354588 24.369991 24.397867 24.382977 24.378698 24.334158 24.307104 24.249775 24.222801 24.178480 24.176388 24.164606 24.197432 24.216951 24.272148 24.302221 24.354588 24.369991 24.397867 24.382977 24.378698 24.334158 24.307104 24.249775 24.222801 24.178480 24.176388 24.164606 24.197432 24.216951 24.272148 24.302221 24.354588 24.369991 24.397867 24.382977 24.378698 24.334158 24.307104 24.249775 24.222801 24.178480 24.176388 24.164606 24.197432 24.216951 24.272148 24.302221 24.354588 24.369991 24.397867 24.382977 24.378698 24.334158 24.307104 24.249775 24.222801 24.178480 24.176388 24.164606 24.197432 24.216951 24.272148 24.302221 24.354588 24.369991 24.397867 24.382977 24.378696 24.334152 24.307085 24.249735 24.222698 24.178286 24.175943 24.163862 24.195950 24.214762 24.268297 24.297197 24.346756 24.360935 24.385330 24.370100 24.362848 24.319683 24.291254 24.236897 24.210264 24.169422 24.168556 24.159580 24.193583 24.214764 24.270668 24.301477 24.354145 24.369795 24.397766 24.382936 24.378681 24.334152 24.307102 24.249775 24.222803 24.178484 24.176395 24.164623 24.197462 24.217016 24.272259 24.302446 24.354963 24.370720 24.399046 24.385151 24.382114 24.340153 24.316233 24.265038 24.245312 24.214357 24.227579 24.242424 24.304741 24.372652 24.479450 24.589464 24.723305 24.857744 25.000000 
25.000000 24.967316 24.933826 24.891123 24.846468 24.783777 24.719645 24.630333 24.543652 24.428934 24.326889 24.201235 24.105474 23.997992 23.940813 23.883886 23.889139 23.893753 23.953861 23.996584 24.075418 24.115616 24.173475 24.178200 24.191727 24.149199 24.119015 24.042032 23.992409 23.914394 23.884087 23.843355 23.862883 23.875614 23.942650 23.989084 24.070999 24.112749 24.171865 24.177187 24.191185 24.148867 24.118847 24.041933 23.992363 23.914368 23.884075 23.843349 23.862879 23.875610 23.942650 23.989084 24.070999 24.112749 24.171865 24.177187 24.191185 24.148867 24.118847 24.041933 23.992363 23.914368 23.884075 23.843349 23.862879 23.875610 23.942650 23.989084 24.070999 24.112749 24.171865 24.177187 24.191185 24.148867 24.118847 24.041933 23.992363 23.914368 23.884075 23.843349 23.862879 23.875610 23.942650 23.989084 24.070999 24.112749 24.171865 24.177187 24.191185 24.148867 24.118847 24.041933 23.992363 23.914368 23.884075 23.843349 23.862879 23.875610 23.942650 23.989084 24.070999 24.112749 24.171865 24.177187 24.191185 24.148867 24.118847 24.041933 23.992363 23.914368 23.884075 23.843349 23.862879 23.875610 23.942650 23.989084 24.070999 24.112749 24.171865 24.177187 24.191185 24.148867 24.118847 24.041933 23.992363 23.914368 23.884075 23.843349 23.862879 23.875610 23.942650 23.989084 24.070999 24.112749 24.171865 24.177187 24.191185 24.148865 24.118841 24.041918 23.992319 23.914280 23.883863 23.842974 23.862076 23.874352 23.940275 23.985802 24.065527 24.106058 24.161972 24.166456 24.177094 24.135290 24.102995 24.028357 23.978268 23.903637 23.874180 23.836657 23.857407 23.872330 23.940277 23.987825 24.070198 24.112375 24.171658 24.177101 24.191145 24.148851 24.118841 24.041931 23.992363 23.914370 23.884079 23.843359 23.862898 23.875654 23.942722 23.989237 24.071259 24.113268 24.172718 24.178797 24.193760 24.153498 24.126038 24.054255 24.010923 23.944700 23.928320 23.912321 23.960167 24.020340 24.139875 24.269318 24.439653 24.613298 24.806511 25.000000 
25.000000 24.959711 24.913559 24.864927 24.798788 24.728699 24.630333 24.529339 24.392696 24.260651 24.093464 23.947884 23.779833 23.661013 23.541716 23.499199 23.469419 23.521164 23.571144 23.679371 23.754131 23.856876 23.898897 23.948988 23.925911 23.907110 23.819611 23.749527 23.631498 23.558260 23.467464 23.450062 23.435097 23.499487 23.556490 23.670538 23.748343 23.853546 23.896778 23.947826 23.925192 23.906736 23.819387 23.749416 23.631433 23.558229 23.467449 23.450056 23.435093 23.499483 23.556488 23.670538 23.748343 23.853546 23.896778 23.947826 23.925192 23.906736 23.819387 23.749416 23.631433 23.558229 23.467449 23.450056 23.435093 23.499483 23.556488 23.670538 23.748343 23.853546 23.896778 23.947826 23.925192 23.906736 23.819387 23.749416 23.631433 23.558229 23.467449 23.450056 23.435093 23.499483 23.556488 23.670538 23.748343 23.853546 23.896778 23.947826 23.925192 23.906736 23.819387 23.749416 23.631433 23.558229 23.467449 23.450056 23.435093 23.499483 23.556488 23.670538 23.748343 23.853546 23.896778 23.947826 23.925192 23.906736 23.819387 23.749416 23.631433 23.558229 23.467449 23.450056 23.435093 23.499483 23.556488 23.670538 23.748343 23.853546 23.896778 23.947826 23.925192 23.906736 23.819387 23.749416 23.631433 23.558229 23.467449 23.450056 23.435093 23.499483 23.556488 23.670538 23.748343 23.853546 23.896778 23.947826 23.925192 23.906734 23.819382 23.749401 23.631399 23.558144 23.467285 23.449675 23.434464 23.498203 23.554617 23.667179 23.744011 23.846670 23.888931 23.936773 23.914000 23.892731 23.806791 23.735411 23.620239 23.547174 23.459600 23.443178 23.430763 23.496126 23.554617 23.669258 23.747711 23.853168 23.896616 23.947742 23.925161 23.906721 23.819382 23.749414 23.631433 23.558231 23.467455 23.450066 23.435118 23.499531 23.556587 23.670708 23.748690 23.854128 23.897903 23.949659 23.928566 23.912075 23.828762 23.763826 23.655584 23.594244 23.525057 23.533215 23.562033 23.676573 23.814571 24.018288 24.232794 24.483723 24.736309 25.000000 
25.000000 24.948851 24.895769 24.828125 24.755060 24.652988 24.543652 24.392696 24.237144 24.033829 23.838432 23.603247 23.404959 23.194853 23.065836 22.960869 22.968172 23.002235 23.130178 23.243538 23.404856 23.505049 23.616247 23.638493 23.655815 23.578804 23.502792 23.349562 23.225794 23.063967 22.977451 22.898481 22.927954 22.974783 23.113283 23.232359 23.398283 23.500824 23.613874 23.637011 23.655022 23.578321 23.502548 23.349417 23.225723 23.063927 22.977434 22.898472 22.927950 22.974781 23.113281 23.232359 23.398283 23.500824 23.613874 23.637011 23.655022 23.578321 23.502548 23.349417 23.225723 23.063927 22.977434 22.898472 22.927950 22.974781 23.113281 23.232359 23.398283 23.500824 23.613874 23.637011 23.655022 23.578321 23.502548 23.349417 23.225723 23.063927 22.977434 22.898472 22.927950 22.974781 23.113281 23.232359 23.398283 23.500824 23.613874 23.637011 23.655022 23.578321 23.502548 23.349417 23.225723 23.063927 22.977434 22.898472 22.927950 22.974781 23.113281 23.232359 23.398283 23.500824 23.613874 23.637011 23.655022 23.578321 23.502548 23.349417 23.225723 23.063927 22.977434 22.898472 22.927950 22.974781 23.113281 23.232359 23.398283 23.500824 23.613874 23.637011 23.655022 23.578321 23.502548 23.349417 23.225723 23.063927 22.977434 22.898472 22.927950 22.974781 23.113281 23.232359 23.398283 23.500824 23.613874 23.637011 23.655020 23.578320 23.502542 23.349405 23.225693 23.063864 22.977276 22.898197 22.927341 22.973846 23.111462 23.229898 23.394053 23.495770 23.606176 23.628866 23.644018 23.567989 23.490156 23.339085 23.214720 23.055780 22.969736 22.893415 22.923717 22.972321 23.111462 23.231424 23.397676 23.500549 23.613720 23.636950 23.654991 23.578312 23.502544 23.349415 23.225725 23.063929 22.977440 22.898485 22.927977 22.974842 23.113388 23.232580 23.398661 23.501572 23.615110 23.639339 23.658772 23.585062 23.513105 23.367550 23.253342 23.109272 23.044445 23.003567 23.078175 23.199583 23.423546 23.675842 23.989511 24.309542 24.654999 25.000000 
25.000000 24.939920 24.871023 24.796741 24.695753 24.584541 24.428934 24.260651 24.033829 23.799086 23.503496 23.221710 22.902264 22.647606 22.411518 22.310270 22.275318 22.389429 22.531723 22.759747 22.940296 23.142214 23.244095 23.332920 23.300884 23.249495 23.084044 22.920130 22.679630 22.494358 22.302223 22.238457 22.225863 22.358410 22.511028 22.747332 22.932245 23.137590 23.241175 23.331320 23.299898 23.248980 23.083735 22.919977 22.679541 22.494316 22.302200 22.238445 22.225855 22.358406 22.511026 22.747332 22.932245 23.137590 23.241175 23.331320 23.299898 23.248980 23.083735 22.919977 22.679541 22.494316 22.302200 22.238445 22.225855 22.358406 22.511026 22.747332 22.932245 23.137590 23.241175 23.331320 23.299898 23.248980 23.083735 22.919977 22.679541 22.494316 22.302200 22.238445 22.225855 22.358406 22.511026 22.747332 22.932245 23.137590 23.241175 23.331320 23.299898 23.248980 23.083735 22.919977 22.679541 22.494316 22.302200 22.238445 22.225855 22.358406 22.511026 22.747332 22.932245 23.137590 23.241175 23.331320 23.299898 23.248980 23.083735 22.919977 22.679541 22.494316 22.302200 22.238445 22.225855 22.358406 22.511026 22.747332 22.932245 23.137590 23.241175 23.331320 23.299898 23.248980 23.083735 22.919977 22.679541 22.494316 22.302200 22.238445 22.225855 22.358406 22.511026 22.747332 22.932245 23.137590 23.241175 23.331320 23.299898 23.248978 23.083731 22.919966 22.679520 22.494259 22.302095 22.238192 22.225451 22.357536 22.509802 22.745020 22.929380 23.132822 23.235947 23.323608 23.292408 23.239185 23.075293 22.910181 22.672049 22.486605 22.296968 22.233675 22.222990 22.356096 22.509800 22.746458 22.931837 23.137339 23.241072 23.331263 23.299879 23.248970 23.083733 22.919977 22.679543 22.494320 22.302208 22.238461 22.225891 22.358471 22.511162 22.747564 22.932718 23.138386 23.242704 23.333818 23.304493 23.256294 23.096588 22.939924 22.713120 22.545059 22.384018 22.358429 22.410650 22.620039 22.895189 23.272026 23.668806 24.109930 24.549370 25.000000 
25.000000 24.927637 24.851664 24.754622 24.646666 24.495697 24.326889 24.093464 23.838432 23.503496 23.154755 22.732199 22.334778 21.918180 21.622360 21.416697 21.433399 21.561153 21.847534 22.127905 22.454369 22.678854 22.884995 22.945492 22.965303 22.831472 22.663754 22.366179 22.078238 21.733292 21.498627 21.330790 21.378628 21.524380 21.825087 22.113235 22.445772 22.673372 22.881916 22.943575 22.964273 22.830849 22.663433 22.365990 22.078146 21.733238 21.498602 21.330774 21.378620 21.524376 21.825085 22.113234 22.445772 22.673372 22.881916 22.943575 22.964273 22.830849 22.663433 22.365990 22.078146 21.733238 21.498602 21.330774 21.378620 21.524376 21.825085 22.113234 22.445772 22.673372 22.881916 22.943575 22.964273 22.830849 22.663433 22.365990 22.078146 21.733238 21.498602 21.330774 21.378620 21.524376 21.825085 22.113234 22.445772 22.673372 22.881916 22.943575 22.964273 22.830849 22.663433 22.365990 22.078146 21.733238 21.498602 21.330774 21.378620 21.524376 21.825085 22.113234 22.445772 22.673372 22.881916 22.943575 22.964273 22.830849 22.663433 22.365990 22.078146 21.733238 21.498602 21.330774 21.378620 21.524376 21.825085 22.113234 22.445772 22.673372 22.881916 22.943575 22.964273 22.830849 22.663433 22.365990 22.078146 21.733238 21.498602 21.330774 21.378620 21.524376 21.825085 22.113234 22.445772 22.673372 22.881916 22.943575 22.964273 22.830849 22.663431 22.365984 22.078127 21.733206 21.498508 21.330624 21.378252 21.523848 21.823967 22.111818 22.443144 22.670429 22.877096 22.938801 22.957355 22.824770 22.655630 22.359909 22.071224 21.728458 21.493780 21.327827 21.375990 21.522955 21.823965 22.112701 22.445404 22.673218 22.881823 22.943542 22.964256 22.830845 22.663433 22.365990 22.078148 21.733244 21.498611 21.330795 21.378658 21.524456 21.825224 22.113522 22.446260 22.674332 22.883505 22.946558 22.969088 22.839481 22.677031 22.389381 22.114151 21.792809 21.588140 21.473030 21.585957 21.838301 22.265144 22.747746 23.303759 23.858189 24.432549 25.000000 
25.000000 24.918964 24.825821 24.723417 24.583725 24.424694 24.201235 23.947884 23.603247 23.221710 22.732199 22.217552 21.617739 21.067976 20.559853 20.300755 20.284718 20.574249 20.960875 21.449970 21.851936 22.233835 22.447546 22.598745 22.557940 22.447340 22.149925 21.802591 21.315485 20.861944 20.415514 20.207445 20.221880 20.535391 20.935354 21.434748 21.842138 22.228207 22.444000 22.596792 22.556738 22.446707 22.149546 21.802402 21.315374 20.861891 20.415485 20.207432 20.221874 20.535389 20.935352 21.434748 21.842138 22.228207 22.444000 22.596792 22.556738 22.446707 22.149546 21.802402 21.315374 20.861891 20.415485 20.207432 20.221874 20.535389 20.935352 21.434748 21.842138 22.228207 22.444000 22.596792 22.556738 22.446707 22.149546 21.802402 21.315374 20.861891 20.415485 20.207432 20.221874 20.535389 20.935352 21.434748 21.842138 22.228207 22.444000 22.596792 22.556738 22.446707 22.149546 21.802402 21.315374 20.861891 20.415485 20.207432 20.221874 20.535389 20.935352 21.434748 21.842138 22.228207 22.444000 22.596792 22.556738 22.446707 22.149546 21.802402 21.315374 20.861891 20.415485 20.207432 20.221874 20.535389 20.935352 21.434748 21.842138 22.228207 22.444000 22.596792 22.556738 22.446707 22.149546 21.802402 21.315374 20.861891 20.415485 20.207432 20.221874 20.535389 20.935352 21.434748 21.842138 22.228207 22.444000 22.596792 22.556738 22.446707 22.149546 21.802397 21.315365 20.861862 20.415438 20.207296 20.221680 20.534912 20.934750 21.433464 21.840708 22.225527 22.441357 22.592434 22.552925 22.441153 22.145237 21.796846 21.311556 20.857531 20.412830 20.204752 20.220430 20.534101 20.934744 21.434267 21.841940 22.228069 22.443953 22.596762 22.556730 22.446703 22.149546 21.802402 21.315376 20.861897 20.415497 20.207453 20.221918 20.535467 20.935518 21.435034 21.842716 22.229176 22.445858 22.599821 22.562271 22.455513 22.164965 21.826416 21.355886 20.923882 20.516762 20.359592 20.461201 20.882061 21.451138 22.150055 22.855925 23.586515 24.293034 25.000000 
25.000000 24.907370 24.809235 24.683393 24.540121 24.338737 24.105474 23.779833 23.404959 22.902264 22.334778 21.617739 20.850649 19.990570 19.248318 18.745287 18.830465 19.277906 19.971741 20.629915 21.269567 21.716263 22.072607 22.198345 22.220369 22.005230 21.686014 21.140327 20.519163 19.755589 19.094042 18.641600 18.766058 19.235651 19.946188 20.613327 21.259823 21.710041 22.069088 22.196146 22.219179 22.004505 21.685642 21.140106 20.519056 19.755526 19.094013 18.641584 18.766052 19.235649 19.946186 20.613327 21.259823 21.710041 22.069088 22.196146 22.219179 22.004505 21.685642 21.140106 20.519056 19.755526 19.094013 18.641584 18.766052 19.235649 19.946186 20.613327 21.259823 21.710041 22.069088 22.196146 22.219179 22.004505 21.685642 21.140106 20.519056 19.755526 19.094013 18.641584 18.766052 19.235649 19.946186 20.613327 21.259823 21.710041 22.069088 22.196146 22.219179 22.004505 21.685642 21.140106 20.519056 19.755526 19.094013 18.641584 18.766052 19.235649 19.946186 20.613327 21.259823 21.710041 22.069088 22.196146 22.219179 22.004505 21.685642 21.140106 20.519056 19.755526 19.094013 18.641584 18.766052 19.235649 19.946186 20.613327 21.259823 21.710041 22.069088 22.196146 22.219179 22.004505 21.685642 21.140106 20.519056 19.755526 19.094013 18.641584 18.766052 19.235649 19.946186 20.613327 21.259823 21.710041 22.069088 22.196146 22.219179 22.004505 21.685642 21.140106 20.519047 19.755514 19.093969 18.641525 18.765873 19.235437 19.945635 20.612743 21.258511 21.708805 22.066656 22.194113 22.215668 22.001900 21.681673 21.137497 20.515541 19.753479 19.091578 18.640326 18.764734 19.235046 19.945631 20.613106 21.259644 21.709980 22.069044 22.196135 22.219172 22.004505 21.685642 21.140108 20.519058 19.755531 19.094023 18.641607 18.766094 19.235743 19.946350 20.613663 21.260395 21.711157 22.070927 22.199566 22.224663 22.014250 21.700899 21.166145 20.559097 19.821882 19.195435 18.806969 19.017193 19.626883 20.507288 21.432581 22.383369 23.277622 24.153067 25.000000 
25.000000 24.901276 24.787527 24.660801 24.487101 24.284662 23.997992 23.661013 23.194853 22.647606 21.918180 21.067976 19.990570 18.795336 17.505445 16.601612 16.809614 17.735167 18.789068 19.828381 20.630032 21.289043 21.666796 21.901655 21.855940 21.667196 21.190096 20.553537 19.620701 18.547203 17.337540 16.498854 16.743448 17.694969 18.762770 19.812550 20.619732 21.283043 21.662975 21.899523 21.854618 21.666494 21.189674 20.553326 19.620577 18.547144 17.337507 16.498838 16.743441 17.694965 18.762768 19.812550 20.619732 21.283043 21.662975 21.899523 21.854618 21.666494 21.189674 20.553326 19.620577 18.547144 17.337507 16.498838 16.743441 17.694965 18.762768 19.812550 20.619732 21.283043 21.662975 21.899523 21.854618 21.666494 21.189674 20.553326 19.620577 18.547144 17.337507 16.498838 16.743441 17.694965 18.762768 19.812550 20.619732 21.283043 21.662975 21.899523 21.854618 21.666494 21.189674 20.553326 19.620577 18.547144 17.337507 16.498838 16.743441 17.694965 18.762768 19.812550 20.619732 21.283043 21.662975 21.899523 21.854618 21.666494 21.189674 20.553326 19.620577 18.547144 17.337507 16.498838 16.743441 17.694965 18.762768 19.812550 20.619732 21.283043 21.662975 21.899523 21.854618 21.666494 21.189674 20.553326 19.620577 18.547144 17.337507 16.498838 16.743441 17.694965 18.762768 19.812550 20.619732 21.283043 21.662975 21.899523 21.854618 21.666494 21.189674 20.553324 19.620575 18.547132 17.337494 16.498781 16.743383 17.694761 18.762585 19.811991 20.619276 21.281858 21.662107 21.897575 21.853344 21.664000 21.188223 20.550829 19.619287 18.545193 17.336605 16.497654 16.742945 17.694401 18.762564 19.812340 20.619669 21.282984 21.662960 21.899511 21.854616 21.666492 21.189674 20.553326 19.620579 18.547148 17.337517 16.498859 16.743488 17.695055 18.762959 19.812874 20.620384 21.284128 21.665033 21.902851 21.860622 21.675926 21.205910 20.578169 19.661652 18.609114 17.438503 16.655655 17.008820 18.100988 19.383673 20.689610 21.875900 22.987535 24.009026 25.000000 
25.000000 24.892853 24.778795 24.632038 24.462814 24.223671 23.940813 23.541716 23.065836 22.411518 21.622360 20.559853 19.248318 17.505445 15.376515 13.162436 14.071213 15.850703 17.620981 19.015844 20.133131 20.872547 21.403879 21.606239 21.634539 21.340328 20.853638 19.999378 18.862900 17.238235 15.210061 13.065091 14.013909 15.812907 17.597374 18.999977 20.123514 20.866249 21.400244 21.603933 21.633274 21.339552 20.853235 19.999138 18.862782 17.238169 15.210032 13.065076 14.013903 15.812903 17.597372 18.999977 20.123514 20.866249 21.400244 21.603933 21.633274 21.339552 20.853235 19.999138 18.862782 17.238169 15.210032 13.065076 14.013903 15.812903 17.597372 18.999977 20.123514 20.866249 21.400244 21.603933 21.633274 21.339552 20.853235 19.999138 18.862782 17.238169 15.210032 13.065076 14.013903 15.812903 17.597372 18.999977 20.123514 20.866249 21.400244 21.603933 21.633274 21.339552 20.853235 19.999138 18.862782 17.238169 15.210032 13.065076 14.013903 15.812903 17.597372 18.999977 20.123514 20.866249 21.400244 21.603933 21.633274 21.339552 20.853235 19.999138 18.862782 17.238169 15.210032 13.065076 14.013903 15.812903 17.597372 18.999977 20.123514 20.866249 21.400244 21.603933 21.633274 21.339552 20.853235 19.999138 18.862782 17.238169 15.210032 13.065076 14.013903 15.812903 17.597372 18.999977 20.123514 20.866249 21.400244 21.603933 21.633274 21.339552 20.853235 19.999138 18.862780 17.238167 15.210016 13.065065 14.013841 15.812869 17.597172 18.999872 20.123022 20.866005 21.399319 21.603510 21.631924 21.338993 20.851702 19.998569 18.861427 17.237711 15.209109 13.064772 14.013419 15.812754 17.597166 18.999926 20.123447 20.866236 21.400229 21.603931 21.633272 21.339552 20.853235 19.999138 18.862783 17.238173 15.210039 13.065095 14.013946 15.813004 17.597551 19.000347 20.124138 20.867460 21.402225 21.607580 21.639048 21.349630 20.868645 20.024597 18.900223 17.296661 15.293810 13.198765 14.261439 16.239443 18.236807 19.950634 21.443083 22.722584 23.895502 25.000000 
25.000000 24.891342 24.765984 24.625744 24.432932 24.206390 23.883886 23.499199 22.960869 22.310270 21.416697 20.300755 18.745287 16.601612 13.162436 6.600401 10.289495 13.975452 16.596689 18.480883 19.743734 20.664135 21.181150 21.484886 21.443035 21.205940 20.601423 19.727434 18.336481 16.332779 12.994812 6.537541 10.246955 13.945374 16.574537 18.466473 19.733862 20.658192 21.177273 21.482691 21.441656 21.205202 20.600975 19.727205 18.336348 16.332716 12.994779 6.537531 10.246950 13.945372 16.574535 18.466473 19.733862 20.658192 21.177273 21.482691 21.441656 21.205202 20.600975 19.727205 18.336348 16.332716 12.994779 6.537531 10.246950 13.945372 16.574535 18.466473 19.733862 20.658192 21.177273 21.482691 21.441656 21.205202 20.600975 19.727205 18.336348 16.332716 12.994779 6.537531 10.246950 13.945372 16.574535 18.466473 19.733862 20.658192 21.177273 21.482691 21.441656 21.205202 20.600975 19.727205 18.336348 16.332716 12.994779 6.537531 10.246950 13.945372 16.574535 18.466473 19.733862 20.658192 21.177273 21.482691 21.441656 21.205202 20.600975 19.727205 18.336348 16.332716 12.994779 6.537531 10.246950 13.945372 16.574535 18.466473 19.733862 20.658192 21.177273 21.482691 21.441656 21.205202 20.600975 19.727205 18.336348 16.332716 12.994779 6.537531 10.246950 13.945372 16.574535 18.466473 19.733862 20.658192 21.177273 21.482691 21.441656 21.205202 20.600975 19.727205 18.336346 16.332712 12.994777 6.537524 10.246953 13.945316 16.574549 18.466311 19.733877 20.657833 21.177277 21.482090 21.441639 21.204422 20.600943 19.726423 18.336308 16.332113 12.994720 6.537265 10.246887 13.945217 16.574511 18.466412 19.733858 20.658173 21.177273 21.482687 21.441656 21.205202 20.600975 19.727207 18.336349 16.332718 12.994783 6.537536 10.246992 13.945464 16.574738 18.466822 19.734560 20.659349 21.179461 21.486198 21.447924 21.214901 20.617319 19.751350 18.374014 16.383501 13.059703 6.584154 10.463829 14.358533 17.245092 19.433033 21.129536 22.564215 23.816170 25.000000 
25.000000 24.887606 24.768049 24.614079 24.436779 24.185789 23.889139 23.469419 22.968172 22.275318 21.433399 20.284718 18.830465 16.809614 14.071213 10.289495 6.510917 12.974911 16.309443 18.308426 19.696785 20.567936 21.171700 21.406090 21.446774 21.138664 20.618681 19.691130 18.422810 16.528023 13.898867 10.198878 6.490995 12.948195 16.288927 18.293360 19.687271 20.561552 21.167967 21.403700 21.445457 21.137852 20.618258 19.690876 18.422684 16.527952 13.898834 10.198864 6.490993 12.948193 16.288927 18.293360 19.687271 20.561552 21.167967 21.403700 21.445457 21.137852 20.618258 19.690876 18.422684 16.527952 13.898834 10.198864 6.490993 12.948193 16.288927 18.293360 19.687271 20.561552 21.167967 21.403700 21.445457 21.137852 20.618258 19.690876 18.422684 16.527952 13.898834 10.198864 6.490993 12.948193 16.288927 18.293360 19.687271 20.561552 21.167967 21.403700 21.445457 21.137852 20.618258 19.690876 18.422684 16.527952 13.898834 10.198864 6.490993 12.948193 16.288927 18.293360 19.687271 20.561552 21.167967 21.403700 21.445457 21.137852 20.618258 19.690876 18.422684 16.527952 13.898834 10.198864 6.490993 12.948193 16.288927 18.293360 19.687271 20.561552 21.167967 21.403700 21.445457 21.137852 20.618258 19.690876 18.422684 16.527952 13.898834 10.198864 6.490993 12.948193 16.288927 18.293360 19.687271 20.561552 21.167967 21.403700 21.445457 21.137852 20.618258 19.690876 18.422684 16.527952 13.898833 10.198870 6.490991 12.948222 16.288891 18.293436 19.687176 20.561697 21.167774 21.403915 21.445166 21.138113 20.617922 19.691128 18.422390 16.528130 13.898650 10.198931 6.490988 12.948208 16.288891 18.293369 19.687258 20.561556 21.167963 21.403700 21.445457 21.137852 20.618258 19.690878 18.422686 16.527954 13.898841 10.198879 6.491024 12.948296 16.289116 18.293753 19.687933 20.562838 21.170065 21.407558 21.451548 21.148457 20.634380 19.717316 18.460978 16.586174 13.977347 10.308756 6.651191 13.364989 16.951994 19.291840 21.077812 22.520918 23.804958 25.000000 
25.000000 24.891033 24.765377 24.625742 24.433861 24.210850 23.893753 23.521164 23.002235 22.389429 21.561153 20.574249 19.277906 17.735167 15.850703 13.975452 12.974911 15.103830 17.121984 18.746593 19.880497 20.739122 21.223824 21.520998 21.487009 21.283262 20.740982 19.995594 18.862391 17.457638 15.665590 13.868112 12.916230 15.067481 17.096842 18.730770 19.869835 20.732777 21.219709 21.518681 21.485558 21.282488 20.740511 19.995356 18.862249 17.457571 15.665553 13.868095 12.916224 15.067477 17.096840 18.730770 19.869835 20.732777 21.219709 21.518681 21.485558 21.282488 20.740511 19.995356 18.862249 17.457571 15.665553 13.868095 12.916224 15.067477 17.096840 18.730770 19.869835 20.732777 21.219709 21.518681 21.485558 21.282488 20.740511 19.995356 18.862249 17.457571 15.665553 13.868095 12.916224 15.067477 17.096840 18.730770 19.869835 20.732777 21.219709 21.518681 21.485558 21.282488 20.740511 19.995356 18.862249 17.457571 15.665553 13.868095 12.916224 15.067477 17.096840 18.730770 19.869835 20.732777 21.219709 21.518681 21.485558 21.282488 20.740511 19.995356 18.862249 17.457571 15.665553 13.868095 12.916224 15.067477 17.096840 18.730770 19.869835 20.732777 21.219709 21.518681 21.485558 21.282488 20.740511 19.995356 18.862249 17.457571 15.665553 13.868095 12.916224 15.067477 17.096840 18.730770 19.869835 20.732777 21.219709 21.518681 21.485558 21.282488 20.740511 19.995356 18.862249 17.457571 15.665557 13.868098 12.916244 15.067480 17.096903 18.730766 19.869978 20.732761 21.219959 21.518644 21.485905 21.282433 20.740894 19.995298 18.862577 17.457529 15.665755 13.868088 12.916304 15.067478 17.096870 18.730766 19.869846 20.732775 21.219711 21.518681 21.485559 21.282488 20.740511 19.995358 18.862251 17.457575 15.665563 13.868116 12.916273 15.067576 17.097054 18.731138 19.870573 20.734001 21.222031 21.522419 21.492289 21.292997 20.758492 20.022554 18.906580 17.522869 15.768732 14.022329 13.173166 15.498239 17.778715 19.704521 21.270498 22.636683 23.846413 25.000000 
25.000000 24.891428 24.776680 24.629187 24.462072 24.226116 23.953861 23.571144 23.130178 22.531723 21.847534 20.960875 19.971741 18.789068 17.620981 16.596689 16.309443 17.121984 18.328074 19.396986 20.339483 20.976460 21.463476 21.648178 21.697002 21.449402 21.066387 20.386442 19.573517 18.507433 17.437744 16.476398 16.238335 17.076073 18.300188 19.378592 20.328524 20.969347 21.459414 21.645611 21.695606 21.448545 21.065943 20.386177 19.573387 18.507359 17.437710 16.476379 16.238327 17.076069 18.300186 19.378592 20.328524 20.969347 21.459414 21.645611 21.695606 21.448545 21.065943 20.386177 19.573387 18.507359 17.437710 16.476379 16.238327 17.076069 18.300186 19.378592 20.328524 20.969347 21.459414 21.645611 21.695606 21.448545 21.065943 20.386177 19.573387 18.507359 17.437710 16.476379 16.238327 17.076069 18.300186 19.378592 20.328524 20.969347 21.459414 21.645611 21.695606 21.448545 21.065943 20.386177 19.573387 18.507359 17.437710 16.476379 16.238327 17.076069 18.300186 19.378592 20.328524 20.969347 21.459414 21.645611 21.695606 21.448545 21.065943 20.386177 19.573387 18.507359 17.437710 16.476379 16.238327 17.076069 18.300186 19.378592 20.328524 20.969347 21.459414 21.645611 21.695606 21.448545 21.065943 20.386177 19.573387 18.507359 17.437710 16.476379 16.238327 17.076069 18.300186 19.378592 20.328524 20.969347 21.459414 21.645611 21.695606 21.448545 21.065943 20.386177 19.573387 18.507359 17.437712 16.476391 16.238335 17.076105 18.300203 19.378685 20.328556 20.969538 21.459467 21.645912 21.695679 21.448923 21.066023 20.386549 19.573456 18.507637 17.437759 16.476530 16.238359 17.076130 18.300198 19.378613 20.328526 20.969353 21.459412 21.645613 21.695606 21.448545 21.065943 20.386177 19.573387 18.507362 17.437719 16.476406 16.238377 17.076181 18.300385 19.379002 20.329216 20.970701 21.461634 21.649738 21.702188 21.460197 21.084036 20.416824 19.619915 18.583532 17.552383 16.661787 16.520906 17.529118 18.960106 20.349323 21.662973 22.835390 23.944012 25.000000 
25.000000 24.898001 24.780603 24.652248 24.476435 24.277683 23.996584 23.679371 23.243538 22.759747 22.127905 21.449970 20.629915 19.828381 19.015844 18.480883 18.308426 18.746593 19.396986 20.173790 20.798452 21.363754 21.684196 21.911234 21.878305 21.750956 21.369856 20.910269 20.236710 19.560829 18.829027 18.361404 18.229309 18.698288 19.365332 20.154886 20.786196 21.356674 21.679699 21.908745 21.876764 21.750143 21.369364 20.910023 20.236567 19.560762 18.828989 18.361387 18.229300 18.698284 19.365330 20.154886 20.786196 21.356674 21.679699 21.908745 21.876764 21.750143 21.369364 20.910023 20.236567 19.560762 18.828989 18.361387 18.229300 18.698284 19.365330 20.154886 20.786196 21.356674 21.679699 21.908745 21.876764 21.750143 21.369364 20.910023 20.236567 19.560762 18.828989 18.361387 18.229300 18.698284 19.365330 20.154886 20.786196 21.356674 21.679699 21.908745 21.876764 21.750143 21.369364 20.910023 20.236567 19.560762 18.828989 18.361387 18.229300 18.698284 19.365330 20.154886 20.786196 21.356674 21.679699 21.908745 21.876764 21.750143 21.369364 20.910023 20.236567 19.560762 18.828989 18.361387 18.229300 18.698284 19.365330 20.154886 20.786196 21.356674 21.679699 21.908745 21.876764 21.750143 21.369364 20.910023 20.236567 19.560762 18.828989 18.361387 18.229300 18.698284 19.365330 20.154886 20.786196 21.356674 21.679699 21.908745 21.876764 21.750143 21.369364 20.910023 20.236567 19.560762 18.828993 18.361391 18.229315 18.698298 19.365379 20.154917 20.786310 21.356739 21.679907 21.908846 21.877062 21.750269 21.369696 20.910147 20.236853 19.560858 18.829178 18.361446 18.229391 18.698311 19.365364 20.154894 20.786205 21.356676 21.679701 21.908745 21.876764 21.750143 21.369366 20.910023 20.236567 19.560764 18.829000 18.361412 18.229357 18.698387 19.365551 20.155266 20.786961 21.357950 21.682140 21.912708 21.883991 21.761570 21.389288 20.940790 20.288151 19.638960 18.956068 18.551529 18.529684 19.137222 20.023331 21.069695 22.085512 23.097895 24.054293 25.000000 
