25.000000 25.000000 25.000000 25.000000 25.000000 25.000000 25.000000 25.000000 25.000000 25.000000 25.000000 25.000000 25.000000 25.000000 25.000000 25.000000 25.000000 25.000000 25.000000 25.000000 25.000000 25.000000 25.000000 25.000000 25.000000 25.000000 25.000000 25.000000 25.000000 25.000000 25.000000 25.000000 25.000000 25.000000 25.000000 25.000000 25.000000 25.000000 25.000000 25.000000 25.000000 25.000000 25.000000 25.000000 25.000000 25.000000 25.000000 25.000000 25.000000 25.000000 25.000000 25.000000 25.000000 25.000000 25.000000 25.000000 25.000000 25.000000 25.000000 25.000000 25.000000 25.000000 25.000000 25.000000 25.000000 25.000000 25.000000 25.000000 25.000000 25.000000 25.000000 25.000000 25.000000 25.000000 25.000000 25.000000 25.000000 25.000000 25.000000 25.000000 25.000000 25.000000 25.000000 25.000000 25.000000 25.000000 25.000000 25.000000 25.000000 25.000000 25.000000 25.000000 25.000000 25.000000 25.000000 25.000000 25.000000 25.000000 25.000000 25.000000 25.000000 25.000000 25.000000 25.000000 25.000000 25.000000 25.000000 25.000000 25.000000 25.000000 25.000000 25.000000 25.000000 25.000000 25.000000 25.000000 25.000000 25.000000 25.000000 25.000000 25.000000 25.000000 25.000000 25.000000 25.000000 25.000000 25.000000 25.000000 25.000000 25.000000 25.000000 25.000000 25.000000 25.000000 25.000000 25.000000 25.000000 25.000000 25.000000 25.000000 25.000000 25.000000 25.000000 25.000000 25.000000 25.000000 25.000000 25.000000 25.000000 25.000000 25.000000 25.000000 25.000000 25.000000 25.000000 25.000000 25.000000 25.000000 25.000000 25.000000 25.000000 25.000000 25.000000 25.000000 25.000000 25.000000 25.000000 25.000000 25.000000 25.000000 25.000000 25.000000 25.000000 25.000000 25.000000 25.000000 25.000000 25.000000 25.000000 25.000000 25.000000 25.000000 25.000000 25.000000 25.000000 25.000000 25.000000 25.000000 25.000000 25.000000 25.000000 25.000000 25.000000 25.000000 25.000000 25.000000 25.000000 25.000000 25.000000 25.000000 
25.000000 25.011850 25.023800 25.035572 25.047649 25.059364 25.071594 25.083273 25.095680 25.107344 25.119949 25.131620 25.144445 25.156139 25.169207 25.180939 25.194263 25.206053 25.219652 25.231508 25.245396 25.257328 25.271513 25.283529 25.298021 25.310127 25.324930 25.337126 25.352242 25.364527 25.379953 25.392321 25.408054 25.420496 25.436527 25.449030 25.465345 25.477894 25.494480 25.507057 25.523891 25.536474 25.553535 25.566097 25.583359 25.595869 25.613300 25.625731 25.643297 25.655611 25.673277 25.685436 25.703161 25.715128 25.732868 25.744602 25.762310 25.773767 25.791399 25.802532 25.820038 25.830803 25.848129 25.858479 25.875572 25.885460 25.902269 25.911646 25.928118 25.936937 25.953016 25.961231 25.976864 25.984430 25.999563 26.006437 26.021017 26.027157 26.041134 26.046499 26.059826 26.064381 26.077007 26.080719 26.092604 26.095440 26.106543 26.108477 26.118757 26.119766 26.129192 26.129257 26.137798 26.136906 26.144533 26.142672 26.149364 26.146528 26.152271 26.148458 26.153236 26.148451 26.152258 26.146507 26.149338 26.142635 26.144491 26.136854 26.137739 26.129190 26.129118 26.119682 26.118664 26.108374 26.106428 26.095316 26.092468 26.080572 26.076847 26.064207 26.059637 26.046297 26.040915 26.026920 26.020761 26.006165 25.999269 25.984118 25.976526 25.960871 25.952629 25.936525 25.927675 25.911175 25.901766 25.884922 25.874998 25.857868 25.847477 25.830112 25.819300 25.801750 25.790564 25.772884 25.761370 25.743607 25.731808 25.714008 25.701969 25.684179 25.671940 25.654203 25.641802 25.624155 25.611629 25.594112 25.581495 25.564138 25.551462 25.534298 25.521591 25.504644 25.491930 25.475224 25.462524 25.446077 25.433413 25.417240 25.404623 25.388739 25.376181 25.360592 25.348103 25.332813 25.320396 25.305408 25.293066 25.278376 25.266108 25.251711 25.239510 25.225399 25.213259 25.199425 25.187334 25.173759 25.161709 25.148378 25.136351 25.123249 25.111227 25.098333 25.086300 25.073593 25.061529 25.048988 25.036871 25.024471 25.012281 25.000000 
25.000000 25.023800 25.047422 25.071451 25.094936 25.119246 25.142637 25.167276 25.190619 25.215633 25.238966 25.264402 25.287764 25.313660 25.337088 25.363483 25.387005 25.413935 25.437582 25.465073 25.488863 25.516941 25.540894 25.569578 25.593704 25.623009 25.647314 25.677242 25.701727 25.732281 25.756939 25.788109 25.812925 25.844702 25.869654 25.902014 25.927074 25.959991 25.985126 26.018562 26.043730 26.077644 26.102798 26.137138 26.162222 26.196934 26.221888 26.256905 26.281660 26.316914 26.341400 26.376810 26.400953 26.436438 26.460154 26.495625 26.518829 26.554193 26.576799 26.611958 26.633871 26.668724 26.689856 26.724298 26.744551 26.778479 26.797756 26.831062 26.849272 26.881844 26.898893 26.930626 26.946421 26.977209 26.991661 27.021395 27.034422 27.062998 27.074516 27.101837 27.111771 27.137741 27.146017 27.170547 27.177101 27.200106 27.204882 27.226280 27.229229 27.248949 27.250027 27.268007 27.267179 27.283360 27.280603 27.294937 27.290236 27.302681 27.296028 27.306557 27.297953 27.306541 27.296000 27.302639 27.290180 27.294867 27.280518 27.283258 27.267063 27.267874 27.249878 27.248781 27.229044 27.226072 27.204657 27.199856 27.176832 27.170250 27.145697 27.137392 27.111395 27.101431 27.074078 27.062527 27.033913 27.020849 26.991077 26.976578 26.945749 26.929901 26.898123 26.881016 26.848391 26.830114 26.796751 26.777401 26.743406 26.723074 26.688557 26.667336 26.632401 26.610386 26.575136 26.552418 26.516954 26.493624 26.458042 26.434187 26.398581 26.374285 26.338739 26.314083 26.278681 26.253738 26.218559 26.193401 26.158512 26.133205 26.098669 26.073273 26.039146 26.013714 25.980045 25.954622 25.921455 25.896082 25.863451 25.838160 25.806091 25.780909 25.749426 25.724373 25.693483 25.668571 25.638285 25.613523 25.583836 25.559221 25.530128 25.505655 25.477144 25.452801 25.424849 25.400618 25.373201 25.349060 25.322151 25.298071 25.271635 25.247585 25.221588 25.197533 25.171930 25.147833 25.122583 25.098402 25.073462 25.049154 25.024471 25.000000 
25.000000 25.035572 25.071451 25.106787 25.143047 25.178209 25.214930 25.249985 25.287235 25.322245 25.360092 25.395119 25.433630 25.468727 25.507957 25.543177 25.583183 25.618568 25.659397 25.694984 25.736675 25.772495 25.815083 25.851154 25.894663 25.931000 25.975443 26.012051 26.057432 26.094305 26.140619 26.177742 26.224977 26.262320 26.310450 26.347977 26.396963 26.434629 26.484425 26.522173 26.572718 26.610481 26.661705 26.699408 26.751230 26.788784 26.841116 26.878424 26.931162 26.968122 27.021156 27.057659 27.110867 27.146791 27.200047 27.235268 27.288431 27.322821 27.375751 27.409172 27.461721 27.494036 27.546049 27.577114 27.628435 27.658110 27.708576 27.736721 27.786169 27.812641 27.860910 27.885569 27.932497 27.955210 28.000637 28.021271 28.065041 28.083471 28.125429 28.141537 28.181540 28.195213 28.233122 28.244261 28.279940 28.288452 28.321779 28.327587 28.358448 28.361479 28.389774 28.389969 28.415607 28.412924 28.435825 28.430233 28.450331 28.441813 28.459055 28.447607 28.461952 28.447584 28.459011 28.441750 28.450245 28.430128 28.435698 28.412773 28.415432 28.389771 28.389551 28.361227 28.358170 28.327278 28.321440 28.288082 28.279531 28.243818 28.232637 28.194693 28.180973 28.140928 28.124771 28.082762 28.064278 28.020452 27.999756 27.954269 27.931484 27.884489 27.859747 27.811403 27.784840 27.735308 27.707060 27.656502 27.626711 27.575287 27.544092 27.491961 27.459503 27.406826 27.373245 27.320169 27.285603 27.232281 27.196861 27.143431 27.107288 27.053886 27.017141 26.963896 26.926668 26.873697 26.836096 26.783508 26.745636 26.693531 26.655481 26.603951 26.565805 26.514929 26.476765 26.426609 26.388491 26.339115 26.301098 26.252546 26.214674 26.166986 26.129293 26.082491 26.045002 25.999100 25.961830 25.916830 25.879786 25.835682 25.798855 25.755634 25.719013 25.676649 25.640207 25.598669 25.562380 25.521624 25.485449 25.445431 25.409327 25.369991 25.333906 25.295195 25.259075 25.220928 25.184711 25.147060 25.110687 25.073463 25.036871 25.000000 
25.000000 25.047649 25.094936 25.143047 25.190060 25.238733 25.285559 25.334892 25.381615 25.431702 25.478407 25.529335 25.576099 25.627951 25.674845 25.727695 25.774782 25.828699 25.876032 25.931074 25.978699 26.034914 26.082865 26.140293 26.188591 26.247257 26.295916 26.355833 26.404850 26.466019 26.515379 26.577785 26.627460 26.691080 26.741028 26.805817 26.855982 26.921883 26.972198 27.039141 27.089521 27.157419 27.207771 27.276522 27.326736 27.396227 27.446180 27.516285 27.565844 27.636415 27.685438 27.756327 27.804659 27.875696 27.923174 27.994183 28.040638 28.111431 28.156687 28.227072 28.270943 28.340715 28.383017 28.451969 28.492510 28.560431 28.599024 28.665697 28.702150 28.767359 28.801489 28.865013 28.896637 28.958265 28.987204 29.046722 29.072803 29.130009 29.153069 29.207762 29.227648 29.279636 29.296206 29.345308 29.358435 29.404480 29.414049 29.456881 29.462788 29.502260 29.504425 29.540411 29.538761 29.571146 29.565634 29.594322 29.584915 29.609825 29.596510 29.617582 29.600363 29.617554 29.596455 29.609741 29.584803 29.594181 29.565462 29.570944 29.538528 29.540146 29.504124 29.501926 29.462416 29.456469 29.413597 29.403984 29.357895 29.344717 29.295567 29.278938 29.226894 29.206945 29.152191 29.129063 29.071787 29.045630 28.986031 28.957005 28.895290 28.863565 28.799946 28.765699 28.700388 28.663801 28.597012 28.558273 28.490221 28.449516 28.380417 28.337934 28.267998 28.223923 28.153358 28.107878 28.036882 27.990177 27.918945 27.871189 27.799908 27.751268 27.680109 27.630749 27.559877 27.509947 27.439516 27.389156 27.319307 27.268648 27.199505 27.148666 27.080345 27.029432 26.962027 26.911135 26.844732 26.793940 26.728609 26.677982 26.613779 26.563372 26.500336 26.450186 26.388344 26.338476 26.277838 26.228270 26.168833 26.119560 26.061312 26.012323 25.955236 25.906506 25.850542 25.802034 25.747145 25.698816 25.644943 25.596739 25.543812 25.495668 25.443617 25.395464 25.344204 25.295963 25.245411 25.197002 25.147066 25.098408 25.048992 25.000000 
25.000000 25.059364 25.119246 25.178209 25.238733 25.297409 25.358696 25.417192 25.479364 25.537786 25.600958 25.659405 25.723679 25.782246 25.847725 25.906494 25.973267 26.032312 26.100456 26.159840 26.229424 26.289194 26.360271 26.420467 26.493078 26.553719 26.627890 26.688980 26.764717 26.826250 26.903545 26.965490 27.044323 27.106638 27.186960 27.249586 27.331337 27.394194 27.477293 27.540289 27.624640 27.687658 27.773144 27.836060 27.922543 27.985212 28.072542 28.134806 28.222813 28.284496 28.372995 28.433912 28.522705 28.582657 28.671526 28.730307 28.819023 28.876413 28.964741 29.020515 29.108208 29.162134 29.248930 29.300776 29.386412 29.435940 29.520151 29.567122 29.649635 29.693815 29.774361 29.815517 29.893824 29.931732 30.007530 30.041973 30.115005 30.145769 30.215780 30.242670 30.309416 30.332243 30.395491 30.414089 30.473619 30.487837 30.543442 30.553141 30.604633 30.609699 30.656906 30.657244 30.700016 30.695551 30.733755 30.724434 30.757959 30.743757 30.772518 30.753424 30.777353 30.753389 30.772446 30.743650 30.757820 30.724257 30.733540 30.695297 30.699724 30.656912 30.656532 30.609280 30.604166 30.552628 30.542873 30.487217 30.472940 30.413353 30.394686 30.331373 30.308470 30.241652 30.214680 30.144587 30.113731 30.040607 30.006062 29.930161 29.892132 29.813715 29.772421 29.691751 29.647417 29.564766 29.517620 29.433254 29.383535 29.297724 29.245663 29.158672 29.104506 29.016600 28.960556 28.871988 28.814302 28.725319 28.666210 28.577049 28.516731 28.427616 28.366297 28.277441 28.215317 28.126915 28.064167 27.976408 27.913206 27.826254 27.762756 27.676760 27.613106 27.528200 27.464512 27.380810 27.317198 27.234797 27.171352 27.090328 27.027128 26.947540 26.884642 26.806532 26.743975 26.667364 26.605173 26.530069 26.468250 26.394646 26.333191 26.261057 26.199944 26.129240 26.068430 25.999102 25.938545 25.870525 25.810158 25.743368 25.683119 25.617468 25.557251 25.492643 25.432367 25.368698 25.308264 25.245424 25.184727 25.122601 25.061537 25.000000 
25.000000 25.071594 25.142637 25.214930 25.285559 25.358696 25.429043 25.503174 25.573368 25.648630 25.718796 25.795321 25.865576 25.943487 26.013937 26.093351 26.164091 26.245106 26.316216 26.398920 26.470469 26.554937 26.626974 26.713263 26.785826 26.873972 26.947075 27.037102 27.110743 27.202646 27.276806 27.370569 27.445200 27.540785 27.615828 27.713167 27.788538 27.887548 27.963142 28.063717 28.139412 28.241421 28.317070 28.420362 28.495804 28.600206 28.675257 28.780577 28.855040 28.961063 29.034719 29.141214 29.213835 29.320553 29.391891 29.498566 29.568367 29.674719 29.742714 29.848452 29.914370 30.019186 30.082745 30.186329 30.247246 30.349277 30.407269 30.507423 30.562204 30.660156 30.711447 30.806871 30.854393 30.946966 30.990456 31.079861 31.119057 31.204985 31.239645 31.321796 31.351688 31.429777 31.454687 31.528439 31.548178 31.617336 31.631729 31.696058 31.704952 31.764236 31.767504 31.821548 31.819090 31.867725 31.859463 31.902542 31.888428 31.925833 31.905848 31.937489 31.911636 31.937445 31.905764 31.925707 31.888260 31.902328 31.859205 31.867420 31.818739 31.821150 31.767054 31.763731 31.704391 31.695438 31.631048 31.616590 31.547365 31.527550 31.453726 31.428728 31.350559 31.320572 31.238329 31.203562 31.117531 31.078215 30.988693 30.945072 30.852369 30.804695 30.709127 30.657665 30.559555 30.504580 30.404245 30.346037 30.243807 30.182644 30.078840 30.015007 29.909945 29.843721 29.737713 29.669378 29.562723 29.492546 29.385536 29.313782 29.206694 29.133614 29.026711 28.952549 28.846075 28.771057 28.665245 28.589582 28.484640 28.408529 28.304649 28.228270 28.125622 28.049129 27.947861 27.871397 27.771635 27.695320 27.597168 27.521105 27.424644 27.348909 27.254202 27.178856 27.085939 27.011021 26.919912 26.845440 26.756136 26.682110 26.594591 26.520990 26.435217 26.362005 26.277916 26.205042 26.122568 26.049961 25.969011 25.896591 25.817066 25.744736 25.666523 25.594179 25.517157 25.444683 25.368723 25.295998 25.220963 25.147860 25.073608 25.000000 
25.000000 25.083273 25.167276 25.249985 25.334892 25.417192 25.503174 25.585220 25.672443 25.754387 25.843008 25.924988 26.015158 26.097305 26.189165 26.271595 26.365269 26.448088 26.543684 26.626978 26.724590 26.808430 26.908136 26.992571 27.094429 27.179489 27.283531 27.369223 27.475462 27.561773 27.670198 27.757092 27.867668 27.955080 28.067745 28.155592 28.270262 28.358437 28.474997 28.563362 28.681677 28.770077 28.889980 28.978235 29.099541 29.187449 29.309940 29.397280 29.520720 29.607248 29.731375 29.816830 29.941364 30.025469 30.150108 30.232569 30.356997 30.437508 30.561388 30.639633 30.762617 30.838272 30.960001 31.032738 31.152840 31.222324 31.340424 31.406326 31.522043 31.584032 31.696985 31.754734 31.864546 31.917740 32.024036 32.072369 32.174778 32.217953 32.316128 32.353867 32.447464 32.479507 32.568195 32.594307 32.677780 32.697746 32.775711 32.789345 32.861538 32.868671 32.934856 32.935360 32.995323 32.989090 33.042645 33.029602 33.076595 33.056702 33.097015 33.070263 33.103802 33.070213 33.096916 33.056557 33.076397 33.029354 33.042343 32.988735 32.994915 32.934891 32.934334 32.868084 32.860886 32.788620 32.774914 32.696877 32.676826 32.593273 32.567066 32.478291 32.446140 32.352444 32.314587 32.216301 32.172993 32.070450 32.021973 31.915535 31.862175 31.752205 31.694265 31.581137 31.518932 31.403019 31.336876 31.218557 31.148802 31.028456 30.955418 30.833416 30.757425 30.634136 30.555517 30.431299 30.350374 30.225573 30.142651 30.017599 29.932983 29.807995 29.721977 29.597349 29.510201 29.386213 29.298191 29.175098 29.086441 28.964481 28.875408 28.754787 28.665495 28.546402 28.457066 28.339659 28.250429 28.134846 28.045853 27.932199 27.843548 27.731909 27.643679 27.534111 27.446363 27.338900 27.251663 27.146313 27.059601 26.956348 26.870148 26.768957 26.683235 26.584051 26.498756 26.401499 26.316559 26.221138 26.136465 26.042768 25.958258 25.866161 25.781696 25.691061 25.606514 25.517197 25.432426 25.344271 25.259134 25.171976 25.086323 25.000000 
25.000000 25.095680 25.190619 25.287235 25.381615 25.479364 25.573368 25.672443 25.766243 25.866829 25.960592 26.062866 26.156748 26.260876 26.355015 26.461149 26.555676 26.663948 26.758972 26.869503 26.965113 27.077995 27.174261 27.289576 27.386543 27.504339 27.602030 27.722336 27.820745 27.943562 28.042662 28.167961 28.267694 28.395424 28.495708 28.625782 28.726505 28.858809 28.959833 29.094225 29.195383 29.331690 29.432787 29.570808 29.671629 29.811132 29.911432 30.052158 30.151674 30.293337 30.391777 30.534069 30.631124 30.773712 30.869057 31.011585 31.104876 31.246973 31.337851 31.479122 31.567226 31.707266 31.792221 31.930611 32.012039 32.148350 32.225868 32.359673 32.432899 32.563759 32.632320 32.759804 32.823334 32.947002 33.005146 33.124580 33.176987 33.291775 33.338120 33.447861 33.487839 33.592144 33.625469 33.723984 33.750393 33.842770 33.862038 33.947956 33.959881 34.039055 34.043465 34.115639 34.112392 34.177338 34.166340 34.223862 34.205044 34.254986 34.228321 34.270557 34.236053 34.270500 34.228210 34.254814 34.204823 34.223579 34.165997 34.176933 34.111923 34.115105 34.042858 34.038383 33.959129 33.947128 33.861126 33.841770 33.749306 33.722794 33.624184 33.590748 33.486328 33.446224 33.336365 33.289871 33.174950 33.122383 33.002792 32.944473 32.820629 32.756897 32.629223 32.560432 32.429359 32.355869 32.221828 32.144020 32.007439 31.925686 31.787001 31.701681 31.561314 31.472801 31.331165 31.239834 31.097332 31.003542 30.860563 30.764664 30.621580 30.523912 30.381073 30.281958 30.139692 30.039434 29.898052 29.796932 29.656712 29.554995 29.416191 29.314114 29.176952 29.074728 28.939407 28.837223 28.703915 28.601931 28.470770 28.369122 28.240221 28.139013 28.012453 27.911766 27.787596 27.687481 27.565725 27.466208 27.346863 27.247942 27.130981 27.032629 26.917997 26.820166 26.707787 26.610407 26.500183 26.403160 26.294973 26.198198 26.091917 25.995262 25.890734 25.794060 25.691122 25.594275 25.492756 25.395573 25.295290 25.197599 25.098370 25.000000 
25.000000 25.107344 25.215633 25.322245 25.431702 25.537786 25.648630 25.754387 25.866829 25.972452 26.086697 26.192369 26.308611 26.414495 26.532913 26.639164 26.759918 26.866671 26.989902 27.097267 27.223099 27.331165 27.459696 27.568531 27.699829 27.809471 27.943584 28.054043 28.190987 28.302242 28.442001 28.554008 28.696537 28.809216 28.954435 29.067675 29.215477 29.329136 29.479372 29.593283 29.745775 29.859732 30.014271 30.128042 30.284384 30.397711 30.555578 30.668173 30.827261 30.938810 31.098783 31.208950 31.369444 31.477871 31.638502 31.744810 31.905165 32.008961 32.168610 32.269485 32.427975 32.525517 32.682384 32.776165 32.930931 33.020527 33.172710 33.257690 33.406799 33.486732 33.632282 33.706753 33.848248 33.916851 34.053814 34.116146 34.248104 34.303795 34.430286 34.478973 34.599560 34.640907 34.755169 34.788872 34.896408 34.922192 35.022633 35.040249 35.133251 35.142494 35.227749 35.228447 35.305683 35.297699 35.366673 35.349915 35.410435 35.384846 35.436749 35.402321 35.445496 35.402256 35.436623 35.384655 35.410179 35.349594 35.366287 35.297241 35.305153 35.227848 35.227070 35.141735 35.132404 35.039318 35.021603 34.921070 34.895180 34.787537 34.753712 34.639336 34.597855 34.477135 34.428299 34.301659 34.245800 34.113678 34.051155 33.914009 33.845192 33.703491 33.628777 33.483002 33.402790 33.253426 33.168137 33.015671 32.925728 32.770645 32.676476 32.519257 32.421280 32.262402 32.161037 32.000961 31.896626 31.735790 31.628887 31.467726 31.358641 31.197559 31.086666 30.926048 30.813700 30.653906 30.540430 30.381790 30.267498 30.110312 29.995483 29.840023 29.724915 29.571419 29.456255 29.304930 29.189907 29.040930 28.926210 28.779720 28.665443 28.521544 28.407814 28.266582 28.153473 28.014952 27.902502 27.766703 27.654930 27.521833 27.410721 27.280281 27.169786 27.041929 26.931986 26.806614 26.697128 26.574120 26.464977 26.344191 26.235258 26.116533 26.007660 25.890821 25.781841 25.666697 25.557430 25.443783 25.334044 25.221687 25.111277 25.000000 
25.000000 25.119949 25.238966 25.360092 25.478407 25.600958 25.718796 25.843008 25.960592 26.086697 26.204237 26.332455 26.450144 26.580687 26.698696 26.831753 26.950249 27.085987 27.205107 27.343670 27.463526 27.605040 27.725716 27.870275 27.991833 28.139500 28.261965 28.412777 28.536142 28.690100 28.814333 28.971399 29.096428 29.256538 29.382257 29.545303 29.671576 29.837412 29.964064 30.132515 30.259335 30.430183 30.556931 30.729923 30.856325 31.031174 31.156923 31.333302 31.458069 31.635620 31.759041 31.937378 32.059067 32.237766 32.357311 32.535938 32.652912 32.830990 32.944942 33.121986 33.232464 33.407959 33.514488 33.687912 33.790020 33.960842 34.058052 34.225723 34.317558 34.481541 34.567528 34.727268 34.806953 34.961914 35.034843 35.184498 35.250240 35.394070 35.452213 35.589710 35.639877 35.770561 35.812389 35.935810 35.968975 36.084702 36.108913 36.216545 36.231552 36.330734 36.336319 36.426723 36.422718 36.504063 36.490337 36.562374 36.538853 36.601387 36.568027 36.620903 36.577721 36.620834 36.567886 36.601173 36.538570 36.562019 36.489910 36.503551 36.422134 36.426056 36.335567 36.329887 36.230614 36.215508 36.107773 36.083450 35.967609 35.934322 35.810776 35.768806 35.637981 35.587662 35.450008 35.391685 35.247684 35.181744 35.031895 34.958740 34.803562 34.723625 34.563644 34.477364 34.313118 34.220955 34.052986 33.955410 33.784260 33.681740 33.507942 33.400955 33.225048 33.114059 32.936562 32.822041 32.643452 32.525852 32.346664 32.226421 32.047096 31.924643 31.745621 31.621351 31.443050 31.317348 31.140148 31.013369 30.837622 30.710096 30.536121 30.408146 30.236227 30.108068 29.938454 29.810349 29.643251 29.515398 29.350992 29.223560 29.061983 28.935106 28.776459 28.650236 28.494583 28.369078 28.216450 28.091692 27.942085 27.818077 27.671453 27.548162 27.404457 27.281818 27.140936 27.018862 26.880678 26.759054 26.623423 26.502110 26.368864 26.247704 26.116655 25.995468 25.866415 25.745010 25.617735 25.495909 25.370186 25.247723 25.123320 25.000000 
25.000000 25.131620 25.264402 25.395119 25.529335 25.659405 25.795321 25.924988 26.062866 26.192369 26.332455 26.462019 26.604549 26.734377 26.879576 27.009850 27.157911 27.288799 27.439899 27.571539 27.725824 27.858326 28.015917 28.149361 28.310343 28.444777 28.609207 28.744644 28.912542 29.048958 29.220304 29.357641 29.532381 29.670544 29.848579 29.987432 30.168627 30.307997 30.492172 30.631851 30.818790 30.958527 31.147972 31.287485 31.479136 31.618103 31.811621 31.949694 32.144703 32.281498 32.477589 32.612690 32.809418 32.942390 33.139275 33.269653 33.466198 33.593498 33.789173 33.912895 34.107151 34.226784 34.419044 34.534073 34.723755 34.833649 35.020164 35.124397 35.307144 35.405197 35.583572 35.674931 35.848335 35.932499 36.100346 36.176826 36.338535 36.406868 36.561878 36.621628 36.769394 36.820152 36.960155 37.001545 37.133308 37.164989 37.288044 37.309719 37.423656 37.435062 37.539505 37.540436 37.635040 37.625332 37.709812 37.689342 37.763458 37.732166 37.795719 37.753593 37.806438 37.753517 37.795567 37.731937 37.763149 37.688953 37.709339 37.624771 37.634396 37.539700 37.538673 37.434135 37.422619 37.308575 37.286785 37.163612 37.131798 36.999908 36.958374 36.818222 36.767300 36.619373 36.559441 36.404251 36.335709 36.173801 36.097084 35.929016 35.844585 35.670933 35.579269 35.400620 35.302223 35.119171 35.014553 34.827694 34.717369 34.527302 34.411797 34.219105 34.098938 33.904205 33.779888 33.583683 33.455727 33.258591 33.127483 32.929943 32.796169 32.598721 32.462730 32.265850 32.128075 31.932199 31.793045 31.598579 31.458427 31.265741 31.124933 30.934359 30.793207 30.605040 30.463821 30.278313 30.137270 29.954632 29.813967 29.634373 29.494251 29.317831 29.178381 29.005230 28.866539 28.696707 28.558830 28.392332 28.255285 28.092096 27.955860 27.795929 27.660452 27.503683 27.368883 27.215158 27.080919 26.930090 26.796274 26.648167 26.514608 26.369028 26.235542 26.092274 25.958654 25.817465 25.683495 25.544142 25.409590 25.271820 25.136444 25.000000 
25.000000 25.144445 25.287764 25.433630 25.576099 25.723679 25.865576 26.015158 26.156748 26.308611 26.450144 26.604549 26.746264 26.903465 27.045568 27.205795 27.348484 27.511938 27.655376 27.822231 27.966557 28.136961 28.282278 28.456345 28.602722 28.780529 28.928001 29.109591 29.258150 29.443521 29.593128 29.782240 29.932806 30.125576 30.276978 30.473278 30.625345 30.825005 30.977528 31.180332 31.333059 31.538746 31.691391 31.899652 32.051884 32.262375 32.413822 32.626156 32.776421 32.990158 33.138805 33.353485 33.500050 33.715164 33.859150 34.074169 34.215061 34.429417 34.566673 34.779778 34.912849 35.124092 35.252415 35.461155 35.584160 35.789761 35.906868 36.108677 36.219315 36.416676 36.520275 36.712532 36.808540 36.995041 37.082920 37.263023 37.342251 37.515339 37.585423 37.750885 37.811367 37.968624 38.019070 38.167580 38.207596 38.346840 38.376076 38.505577 38.523727 38.643051 38.649868 38.758617 38.753891 38.851727 38.835300 38.921936 38.893711 38.968903 38.928837 38.992401 38.940510 38.992317 38.928669 38.968651 38.893372 38.921509 38.834782 38.851120 38.753185 38.757812 38.648960 38.642033 38.522602 38.504322 38.374702 38.345329 38.205952 38.165783 38.017124 37.966515 37.809086 37.748417 37.582767 37.512470 37.339176 37.259705 37.079369 36.991215 36.804459 36.708138 36.515598 36.411644 36.213966 36.102932 35.900764 35.783218 35.577217 35.453716 35.244530 35.115654 34.903919 34.770233 34.556576 34.418636 34.203667 34.062019 33.846321 33.701500 33.485634 33.338146 33.122643 32.972973 32.758331 32.606937 32.393620 32.240932 32.029358 31.875774 31.666328 31.512203 31.305229 31.150888 30.946686 30.792410 30.591230 30.437263 30.239319 30.085861 29.891319 29.738531 29.547514 29.395512 29.208097 29.056963 28.873186 28.722954 28.542812 28.393482 28.216930 28.068462 27.895422 27.747744 27.578098 27.431101 27.264702 27.118246 26.954920 26.808840 26.648382 26.502487 26.344673 26.198746 26.043335 25.897146 25.743876 25.597178 25.445778 25.298311 25.148502 25.000000 
25.000000 25.156139 25.313660 25.468727 25.627951 25.782246 25.943487 26.097305 26.260876 26.414495 26.580687 26.734377 26.903465 27.057468 27.229717 27.384256 27.559898 27.715166 27.894407 28.050570 28.233585 28.390772 28.577705 28.736010 28.926964 29.086441 29.281483 29.442150 29.641300 29.803135 30.006369 30.169298 30.376553 30.540462 30.751621 30.916353 31.131252 31.296600 31.515034 31.680746 31.902452 32.068237 32.292912 32.458435 32.685715 32.850597 33.080090 33.243912 33.475170 33.637474 33.870010 34.030308 34.263596 34.421368 34.654839 34.809544 35.042603 35.193657 35.425678 35.572495 35.802826 35.944790 36.172756 36.309261 36.534168 36.664585 36.885731 37.009438 37.226105 37.342484 37.553967 37.662407 37.867989 37.967899 38.166885 38.257683 38.449387 38.530529 38.714279 38.785244 38.960400 39.020702 39.186653 39.235847 39.392017 39.429695 39.575542 39.601353 39.736382 39.750019 39.873779 39.874992 39.987087 39.975681 40.075768 40.051605 40.139393 40.102394 40.177654 40.127808 40.190369 40.127716 40.177475 40.102119 40.139027 40.051140 40.075207 39.975021 39.986324 39.874123 39.872791 39.748917 39.735149 39.599998 39.574043 39.428062 39.390224 39.233906 39.184540 39.018417 38.957920 38.782570 38.711388 38.527424 38.446033 38.254093 38.163013 37.963764 37.863537 37.657661 37.548859 37.337051 37.220268 37.003231 36.879070 36.657516 36.526592 36.301228 36.164158 35.935680 35.793083 35.562180 35.414665 35.182007 35.030174 34.796413 34.640850 34.406605 34.247871 34.013737 33.852379 33.618908 33.455437 33.223152 33.058048 32.827431 32.661148 32.432632 32.265575 32.039562 31.872099 31.648933 31.481396 31.261379 31.094049 30.877434 30.710556 30.497545 30.331314 30.122065 29.956631 29.751253 29.586721 29.385279 29.221714 29.024220 28.861641 28.668070 28.506454 28.316742 28.156029 27.970066 27.810156 27.627800 27.468557 27.289635 27.130894 26.955196 26.796762 26.624060 26.465712 26.295750 26.137243 25.969748 25.810825 25.645510 25.485895 25.322458 25.161863 25.000000 
25.000000 25.169207 25.337088 25.507957 25.674845 25.847725 26.013937 26.189165 26.355015 26.532913 26.698696 26.879576 27.045568 27.229717 27.396173 27.583858 27.751001 27.942463 28.110487 28.305929 28.474993 28.674589 28.844814 29.048697 29.220165 29.428425 29.601175 29.813862 29.987888 30.205000 30.380255 30.601740 30.778122 31.003887 31.181250 31.411144 31.589289 31.823111 32.001797 32.239292 32.418221 32.659084 32.837917 33.081795 33.260147 33.506630 33.684067 33.932701 34.108753 34.359032 34.533192 34.784565 34.956284 35.208164 35.376865 35.628628 35.793709 36.044689 36.205521 36.455029 36.610962 36.858280 37.008652 37.253044 37.397186 37.637894 37.775135 38.011398 38.141064 38.372112 38.493542 38.718605 38.831146 39.049461 39.152485 39.363308 39.456203 39.658806 39.740993 39.934662 40.005608 40.189663 40.248859 40.422665 40.469646 40.632599 40.666965 40.818501 40.839886 40.979500 40.987610 41.114845 41.109432 41.223885 41.204777 41.306107 41.273182 41.361111 41.314320 41.388630 41.327991 41.388531 41.314125 41.360813 41.272785 41.305607 41.204170 41.223171 41.108608 41.113899 40.986549 40.978306 40.838566 40.817028 40.665356 40.630829 40.467724 40.420559 40.246582 40.187187 40.002937 39.931767 39.737885 39.655437 39.452602 39.359417 39.148327 39.044979 38.826363 38.713455 38.488056 38.366215 38.134796 38.004665 37.767986 37.630230 37.389050 37.244328 36.999416 36.848400 36.600494 36.443848 36.193687 36.032063 35.780361 35.614395 35.361835 35.192150 34.939396 34.766590 34.514252 34.338894 34.087559 33.910187 33.660393 33.481510 33.233753 33.053822 32.808552 32.627991 32.385612 32.204796 31.965658 31.784922 31.549320 31.368948 31.137131 30.957357 30.729519 30.550531 30.326815 30.148752 29.929251 29.752205 29.536959 29.360973 29.149979 28.975050 28.768259 28.594343 28.391659 28.218668 28.019957 27.847765 27.652855 27.481298 27.289982 27.118866 26.930908 26.760010 26.575148 26.404211 26.222160 26.050919 25.871376 25.699535 25.522182 25.349442 25.173954 25.000000 
25.000000 25.180939 25.363483 25.543177 25.727695 25.906494 26.093351 26.271595 26.461149 26.639164 26.831753 27.009850 27.205795 27.384256 27.583858 27.762941 27.966471 28.146400 28.354099 28.535065 28.747135 28.929287 29.145891 29.329342 29.550598 29.735413 29.961399 30.147594 30.378336 30.565884 30.801353 30.990171 31.230293 31.420250 31.664890 31.855803 32.104771 32.296398 32.549450 32.741512 32.998348 33.190495 33.450760 33.642605 33.905891 34.096992 34.362835 34.552708 34.820591 35.008713 35.278069 35.463871 35.734089 35.916965 36.187397 36.366714 36.636662 36.811756 37.080498 37.250683 37.517460 37.682034 37.946060 38.104309 38.364784 38.515987 38.772099 38.915531 39.166451 39.301395 39.546299 39.672050 39.910118 40.025986 40.256401 40.361725 40.583698 40.677834 40.890591 40.972939 41.175735 41.245735 41.437862 41.494991 41.675781 41.719578 41.888405 41.918453 42.074741 42.090691 42.233921 42.235477 42.365196 42.352131 42.467934 42.440090 42.541645 42.498932 42.585972 42.528374 42.600700 42.528271 42.585758 42.498619 42.541218 42.439556 42.467281 42.351364 42.364304 42.234467 42.232773 42.089413 42.073311 41.916882 41.886665 41.717682 41.673706 41.492741 41.435410 41.243084 41.172859 40.969841 40.887234 40.674236 40.579807 40.357563 40.251915 40.021194 39.904953 39.666550 39.540379 39.295097 39.159679 38.908337 38.764381 38.507793 38.356003 38.094994 37.936092 37.671471 37.506165 37.238728 37.067730 36.798256 36.622257 36.351498 36.171177 35.899849 35.715866 35.444656 35.257633 34.987190 34.797718 34.528645 34.337288 34.070141 33.877415 33.612698 33.419079 33.157253 32.963169 32.704636 32.510464 32.255577 32.061649 31.810694 31.617292 31.370510 31.177858 30.935431 30.743706 30.505754 30.315081 30.081680 29.892128 29.663300 29.474892 29.250605 29.063314 28.843493 28.657249 28.441769 28.256456 28.045151 27.860617 27.653282 27.469330 27.265732 27.082136 26.882006 26.698509 26.501553 26.317875 26.123774 25.939613 25.748035 25.563070 25.373672 25.187574 25.000000 
25.000000 25.194263 25.387005 25.583183 25.774782 25.973267 26.164091 26.365269 26.555676 26.759918 26.950249 27.157911 27.348484 27.559898 27.751001 27.966471 28.158367 28.378166 28.571074 28.795441 28.989542 29.218672 29.414110 29.648155 29.845022 30.084085 30.282427 30.526566 30.726374 30.975586 31.176807 31.431034 31.633553 31.892685 32.096333 32.360195 32.564743 32.833111 33.038280 33.310860 33.516312 33.792751 33.998096 34.277985 34.482780 34.765656 34.969402 35.254734 35.456902 35.744114 35.944107 36.232574 36.429768 36.718815 36.912548 37.201447 37.391026 37.679024 37.863728 38.150032 38.329117 38.612896 38.785606 39.066017 39.231583 39.507759 39.665405 39.936470 40.085426 40.350502 40.490009 40.748207 40.877522 41.127968 41.246361 41.488201 41.594971 41.827370 41.921856 42.143997 42.225578 42.436684 42.504784 42.704117 42.758205 42.945076 42.984684 43.158447 43.183163 43.343239 43.352718 43.498585 43.492546 43.623737 43.601982 43.718113 43.680496 43.781242 43.727715 43.812824 43.743404 43.812710 43.727489 43.780895 43.680042 43.717533 43.601288 43.622913 43.491596 43.497494 43.351498 43.341866 43.181644 43.156757 42.982834 42.943039 42.755993 42.701698 42.502167 42.433838 42.222515 42.140671 41.918285 41.823502 41.590832 41.483730 41.241581 41.122822 40.872028 40.742294 40.483711 40.343731 40.078228 39.928738 39.657192 39.498951 39.222237 39.056007 38.774994 38.601547 38.317097 38.137188 37.850140 37.664520 37.375698 37.185101 36.895287 36.700424 36.410374 36.211933 35.922356 35.720989 35.432560 35.228882 34.942215 34.736805 34.452473 34.245857 33.964375 33.757042 33.478867 33.271248 32.996784 32.789257 32.518848 32.311741 32.045670 31.839254 31.577744 31.372232 31.115446 30.910999 30.659042 30.455767 30.208691 30.006634 29.764431 29.563593 29.326208 29.126534 28.893858 28.695248 28.467127 28.269436 28.045675 27.848715 27.629076 27.432623 27.216835 27.020632 26.808397 26.612152 26.403141 26.206543 26.000410 25.803127 25.599508 25.401190 25.199713 25.000000 
25.000000 25.206053 25.413935 25.618568 25.828699 26.032312 26.245106 26.448088 26.663948 26.866671 27.085987 27.288799 27.511938 27.715166 27.942463 28.146400 28.378166 28.583071 28.819576 29.025663 29.267139 29.474581 29.721214 29.930136 30.182062 30.392538 30.649843 30.861895 31.124607 31.338200 31.606289 31.821335 32.094707 32.311054 32.589565 32.807003 33.090435 33.308689 33.596767 33.815514 34.107895 34.326740 34.623020 34.841526 35.141235 35.358898 35.661507 35.877777 36.182705 36.396980 36.703579 36.915215 37.222790 37.431099 37.738907 37.943169 38.250420 38.449879 38.755745 38.949623 39.253242 39.440735 39.741215 39.921513 40.217945 40.390221 40.681671 40.845108 41.130646 41.284428 41.563107 41.706425 41.977310 42.109386 42.371555 42.491627 42.744175 42.851517 43.093571 43.187492 43.418201 43.498070 43.716621 43.781849 43.987488 44.037537 44.229553 44.263954 44.441692 44.460045 44.622917 44.624886 44.772366 44.757690 44.889328 44.857830 44.973248 44.924824 45.023712 44.958340 45.040478 44.958221 45.023464 44.924461 44.972755 44.857220 44.888580 44.756817 44.771347 44.623730 44.621605 44.458584 44.440063 44.262165 44.227573 44.035378 43.985123 43.779282 43.713829 43.495052 43.414921 43.183968 43.089745 42.847420 42.739746 42.486885 42.366444 42.103924 41.971432 41.700157 41.556362 41.277252 41.122936 40.836914 40.672878 40.380886 40.207935 39.910900 39.729855 39.428699 39.240372 38.936001 38.741199 38.434502 38.234009 37.925835 37.720432 37.411602 37.202030 36.893330 36.680298 36.372463 36.156651 35.850365 35.632408 35.328308 35.108795 34.807461 34.586933 34.288879 34.067822 33.773514 33.552361 33.262192 33.041321 32.755627 32.535351 32.254402 32.034988 31.758982 31.540628 31.269714 31.052559 30.786819 30.570946 30.310404 30.095837 29.840460 29.627167 29.376867 29.164770 28.919405 28.708370 28.467756 28.257607 28.021513 27.812027 27.580181 27.371105 27.143204 26.934242 26.709951 26.500782 26.279741 26.070023 25.851856 25.641222 25.425533 25.213608 25.000000 
25.000000 25.219652 25.437582 25.659397 25.876032 26.100456 26.316216 26.543684 26.758972 26.989902 27.205107 27.439899 27.655376 27.894407 28.110487 28.354099 28.571074 28.819576 29.037699 29.291357 29.510832 29.769869 29.990858 30.255444 30.478050 30.748302 30.972582 31.248562 31.474503 31.756212 31.983751 32.271122 32.500134 32.793037 33.023327 33.321575 33.552887 33.856216 34.088234 34.396320 34.628654 34.941097 35.173317 35.489651 35.721249 36.040951 36.271370 36.593842 36.822475 37.147064 37.373245 37.699242 37.922264 38.248905 38.468025 38.794491 39.008915 39.334358 39.543274 39.866787 40.069363 40.390015 40.585384 40.902222 41.089520 41.401562 41.579914 41.886169 42.054710 42.354183 42.512047 42.803738 42.950085 43.233009 43.367016 43.640202 43.761078 44.023582 44.130581 44.381481 44.473896 44.712322 44.789501 45.014610 45.075962 45.286980 45.331963 45.528164 45.556320 45.737041 45.747978 45.912628 45.906033 46.054096 46.029732 46.160767 46.118481 46.232128 46.171852 46.267830 46.189590 46.267700 46.171600 46.231739 46.117966 46.160114 46.028946 46.053165 45.904957 45.911400 45.746593 45.735485 45.554596 45.526253 45.329872 45.284676 45.073460 45.011875 44.786545 44.709103 44.470432 44.377720 44.126541 44.019207 43.756397 43.635143 43.361610 43.227184 42.943867 42.797050 42.504921 42.346523 42.046566 41.877426 41.570625 41.391598 41.078949 40.890896 40.573383 40.377174 40.055763 39.852257 39.527905 39.317947 38.991577 38.776001 38.448498 38.228107 37.900330 37.675900 37.348644 37.120911 36.794945 36.564602 36.240620 36.008324 35.686970 35.453316 35.135178 34.900715 34.586308 34.351521 34.041306 33.806625 33.500984 33.266781 32.966038 32.732613 32.437016 32.204624 31.914358 31.683172 31.398359 31.168501 30.889196 30.660719 30.386917 30.159819 29.891457 29.665676 29.402630 29.178059 28.920155 28.696623 28.443642 28.220940 27.972616 27.750488 27.506514 27.284670 27.044706 26.822817 26.586498 26.364210 26.131142 25.908077 25.677851 25.453617 25.225811 25.000000 
