25.000000 25.000000 25.000000 25.000000 25.000000 25.000000 25.000000 25.000000 25.000000 25.000000 25.000000 25.000000 25.000000 25.000000 25.000000 25.000000 25.000000 25.000000 25.000000 25.000000 25.000000 25.000000 25.000000 25.000000 25.000000 25.000000 25.000000 25.000000 25.000000 25.000000 25.000000 25.000000 25.000000 25.000000 25.000000 25.000000 25.000000 25.000000 25.000000 25.000000 25.000000 25.000000 25.000000 25.000000 25.000000 25.000000 25.000000 25.000000 25.000000 25.000000 25.000000 25.000000 25.000000 25.000000 25.000000 25.000000 25.000000 25.000000 25.000000 25.000000 25.000000 25.000000 25.000000 25.000000 25.000000 25.000000 25.000000 25.000000 25.000000 25.000000 25.000000 25.000000 25.000000 25.000000 25.000000 25.000000 25.000000 25.000000 25.000000 25.000000 25.000000 25.000000 25.000000 25.000000 25.000000 25.000000 25.000000 25.000000 25.000000 25.000000 25.000000 25.000000 25.000000 25.000000 25.000000 25.000000 25.000000 25.000000 25.000000 25.000000 25.000000 25.000000 25.000000 25.000000 25.000000 25.000000 25.000000 25.000000 25.000000 25.000000 25.000000 25.000000 25.000000 25.000000 25.000000 25.000000 25.000000 25.000000 25.000000 25.000000 25.000000 25.000000 25.000000 25.000000 25.000000 25.000000 25.000000 25.000000 25.000000 25.000000 25.000000 25.000000 25.000000 25.000000 25.000000 25.000000 25.000000 25.000000 25.000000 25.000000 25.000000 25.000000 25.000000 25.000000 25.000000 25.000000 25.000000 25.000000 25.000000 25.000000 25.000000 25.000000 25.000000 25.000000 25.000000 25.000000 25.000000 25.000000 25.000000 25.000000 25.000000 25.000000 25.000000 25.000000 25.000000 25.000000 25.000000 25.000000 25.000000 25.000000 25.000000 25.000000 25.000000 25.000000 25.000000 25.000000 25.000000 25.000000 25.000000 25.000000 25.000000 25.000000 25.000000 25.000000 25.000000 25.000000 25.000000 25.000000 25.000000 25.000000 25.000000 25.000000 25.000000 25.000000 25.000000 25.000000 25.000000 25.000000 25.000000 25.000000 
25.000000 25.005756 25.011574 25.017309 25.023235 25.028988 25.035067 25.040876 25.047152 25.053059 25.059572 25.065613 25.072407 25.078617 25.085730 25.092144 25.099615 25.106264 25.114128 25.121040 25.129332 25.136534 25.145281 25.152794 25.162027 25.169870 25.179611 25.187799 25.198069 25.206610 25.217426 25.226326 25.237700 25.246960 25.258896 25.268515 25.281015 25.290981 25.304043 25.314342 25.327957 25.338570 25.352722 25.363621 25.378290 25.389448 25.404608 25.415987 25.431606 25.443163 25.459202 25.470894 25.487309 25.499084 25.515823 25.527626 25.544638 25.556406 25.573627 25.585300 25.602669 25.614180 25.631624 25.642900 25.660353 25.671324 25.688704 25.699297 25.716528 25.726669 25.743670 25.753286 25.769976 25.778994 25.795290 25.803637 25.819458 25.827065 25.842331 25.849131 25.863766 25.869694 25.883621 25.888620 25.901768 25.905785 25.918083 25.921072 25.932461 25.934378 25.944799 25.945610 25.955013 25.954693 25.963036 25.961561 25.968803 25.966167 25.972282 25.968477 25.973444 25.968477 25.972281 25.966166 25.968801 25.961559 25.963032 25.954691 25.955011 25.945608 25.944796 25.934374 25.932457 25.921068 25.918079 25.905779 25.901760 25.888615 25.883612 25.869684 25.863754 25.849119 25.842318 25.827049 25.819441 25.803617 25.795269 25.778971 25.769951 25.753258 25.743639 25.726635 25.716488 25.699255 25.688656 25.671272 25.660295 25.642839 25.631556 25.614105 25.602587 25.585211 25.573530 25.556297 25.544518 25.527496 25.515680 25.498930 25.487139 25.470711 25.459000 25.442945 25.431366 25.415728 25.404325 25.389143 25.377958 25.363262 25.352329 25.338148 25.327497 25.313848 25.303507 25.290403 25.280390 25.267841 25.258167 25.246180 25.236855 25.225424 25.216450 25.205566 25.196943 25.186598 25.178318 25.168493 25.160545 25.151218 25.143587 25.134733 25.127399 25.118994 25.111935 25.103941 25.097130 25.089516 25.082922 25.075651 25.069244 25.062275 25.056019 25.049316 25.043173 25.036690 25.030622 25.024319 25.018286 25.012117 25.006081 25.000000 
25.000000 25.011574 25.023064 25.034809 25.046295 25.058304 25.069864 25.082220 25.093937 25.106730 25.118677 25.131989 25.144239 25.158152 25.170778 25.185366 25.198433 25.213774 25.227341 25.243502 25.257624 25.274672 25.289392 25.307384 25.322750 25.341736 25.357777 25.377802 25.394543 25.415646 25.433100 25.455309 25.473484 25.496815 25.515711 25.540171 25.559772 25.585361 25.605646 25.632351 25.653286 25.681082 25.702618 25.731472 25.753557 25.783421 25.805984 25.836800 25.859766 25.891460 25.914743 25.947237 25.970737 26.003933 26.027544 26.061338 26.084946 26.119225 26.142702 26.177340 26.200558 26.235420 26.258244 26.293188 26.315474 26.350351 26.371956 26.406612 26.427387 26.461664 26.481461 26.515196 26.533867 26.566898 26.584297 26.616461 26.632446 26.663580 26.678017 26.707960 26.720716 26.749317 26.760271 26.787384 26.796423 26.821903 26.828930 26.852648 26.857571 26.879410 26.882151 26.902000 26.902500 26.920269 26.918478 26.934082 26.929972 26.943346 26.936899 26.947992 26.939215 26.947990 26.936899 26.943342 26.929970 26.934078 26.918474 26.920263 26.902496 26.901997 26.882145 26.879402 26.857563 26.852640 26.828918 26.821892 26.796410 26.787367 26.760256 26.749298 26.720694 26.707935 26.677988 26.663549 26.632414 26.616423 26.584257 26.566853 26.533815 26.515141 26.481398 26.461596 26.427309 26.406528 26.371862 26.350248 26.315361 26.293062 26.258108 26.235268 26.200394 26.177158 26.142506 26.119007 26.084709 26.061079 26.027262 26.003622 25.970400 25.946865 25.914343 25.891022 25.859291 25.836277 25.805422 25.782804 25.752893 25.730749 25.701839 25.680233 25.652370 25.631357 25.604576 25.584200 25.558525 25.538818 25.514259 25.495243 25.471804 25.453489 25.431156 25.413546 25.392302 25.375387 25.355200 25.338963 25.319798 25.304211 25.286020 25.271048 25.253778 25.239380 25.222973 25.209097 25.193483 25.180077 25.165184 25.152184 25.137939 25.125275 25.111599 25.099199 25.086010 25.073799 25.061010 25.048912 25.036436 25.024368 25.012117 25.000000 
25.000000 25.017309 25.034809 25.052052 25.069878 25.087173 25.105461 25.122929 25.141806 25.159563 25.179157 25.197319 25.217754 25.236427 25.257822 25.277107 25.299578 25.319571 25.343222 25.364006 25.388943 25.410597 25.436907 25.459497 25.487265 25.510845 25.540144 25.564758 25.595650 25.621328 25.653856 25.680616 25.714819 25.742664 25.778561 25.807480 25.845074 25.875036 25.914320 25.945284 25.986227 26.018135 26.060692 26.093466 26.137579 26.171127 26.216713 26.250927 26.297890 26.332645 26.380871 26.416029 26.465384 26.500790 26.551125 26.586613 26.637760 26.673151 26.724932 26.760033 26.812254 26.846865 26.899317 26.933228 26.985691 27.018688 27.070938 27.102798 27.154598 27.185101 27.236210 27.265133 27.315304 27.342426 27.391415 27.416521 27.464085 27.486963 27.532860 27.553312 27.597305 27.615139 27.657003 27.672047 27.711565 27.723656 27.760624 27.769621 27.803850 27.809626 27.840948 27.843399 27.871660 27.870707 27.895775 27.891356 27.913122 27.905203 27.923580 27.912151 27.927073 27.912151 27.923576 27.905203 27.913116 27.891352 27.895769 27.870701 27.871655 27.843391 27.840939 27.809614 27.803839 27.769606 27.760609 27.723639 27.711544 27.672024 27.656977 27.615110 27.597271 27.553274 27.532818 27.486917 27.464033 27.416466 27.391354 27.342356 27.315228 27.265045 27.236115 27.184996 27.154482 27.102671 27.070797 27.018534 26.985521 26.933041 26.899109 26.846640 26.812004 26.759762 26.724634 26.672825 26.637403 26.586224 26.550695 26.500326 26.464872 26.415476 26.380264 26.331989 26.297171 26.250149 26.215860 26.170208 26.136576 26.092384 26.059513 26.016865 25.984844 25.943798 25.912703 25.873301 25.843189 25.805458 25.776369 25.740318 25.712278 25.677900 25.650919 25.618191 25.592262 25.561148 25.536253 25.506702 25.482805 25.454754 25.431810 25.405184 25.383135 25.357847 25.336624 25.312580 25.292101 25.269199 25.249376 25.227505 25.208241 25.187283 25.168470 25.148306 25.129837 25.110338 25.092094 25.073133 25.054996 25.036440 25.018288 25.000000 
25.000000 25.023235 25.046295 25.069878 25.092930 25.117037 25.140240 25.165051 25.188562 25.214247 25.238222 25.264948 25.289536 25.317465 25.342806 25.372095 25.398317 25.429115 25.456343 25.488787 25.517126 25.551348 25.580894 25.617010 25.647844 25.685959 25.718149 25.758350 25.791943 25.834303 25.869333 25.913908 25.950388 25.997213 26.035137 26.084230 26.123571 26.174931 26.215641 26.269238 26.311251 26.367039 26.410261 26.468170 26.512491 26.572424 26.617712 26.679550 26.725647 26.789251 26.835981 26.901184 26.948351 27.014965 27.062357 27.130169 27.177553 27.246334 27.293461 27.362961 27.409569 27.479517 27.525331 27.595444 27.640181 27.710159 27.753527 27.823061 27.864765 27.933537 27.973278 28.040960 28.078445 28.144712 28.179646 28.244169 28.276268 28.338724 28.367712 28.427782 28.453400 28.510773 28.532776 28.587156 28.605322 28.656429 28.670553 28.718126 28.728027 28.771826 28.777351 28.817160 28.818186 28.853815 28.850248 28.881533 28.873312 28.900122 28.887215 28.909447 28.891859 28.909445 28.887213 28.900116 28.873308 28.881525 28.850241 28.853806 28.818176 28.817148 28.777338 28.771811 28.728010 28.718107 28.670530 28.656406 28.605295 28.587126 28.532742 28.510733 28.453356 28.427731 28.367659 28.338663 28.276201 28.244095 28.179562 28.144621 28.078341 28.040848 27.973152 27.933397 27.864611 27.822891 27.753340 27.709951 27.639954 27.595194 27.525057 27.479214 27.409239 27.362598 27.293064 27.245899 27.177078 27.129648 27.061789 27.014341 26.947674 26.900440 26.835175 26.788366 26.724691 26.678503 26.616581 26.571188 26.511158 26.466715 26.408695 26.365332 26.309414 26.267241 26.213493 26.172598 26.121067 26.081514 26.032225 25.994059 25.947012 25.910255 25.865431 25.830088 25.787445 25.753498 25.712978 25.680391 25.641918 25.610638 25.574121 25.544077 25.509407 25.480513 25.447571 25.419727 25.388380 25.361473 25.331577 25.305483 25.276888 25.251471 25.224014 25.199129 25.172649 25.148144 25.122469 25.098186 25.073139 25.048920 25.024323 25.000000 
25.000000 25.028988 25.058304 25.087173 25.117037 25.145998 25.176630 25.205881 25.237501 25.267237 25.300058 25.330469 25.364698 25.395964 25.431803 25.464094 25.501730 25.535206 25.574821 25.609623 25.651386 25.687645 25.731710 25.769533 25.816040 25.855522 25.904589 25.945805 25.997534 26.040531 26.095003 26.139812 26.197084 26.243711 26.303818 26.352240 26.415190 26.465363 26.531136 26.582985 26.651537 26.704967 26.776220 26.831100 26.904955 26.961130 27.037453 27.094744 27.173367 27.231567 27.312300 27.371174 27.453794 27.513088 27.597347 27.656778 27.742395 27.801664 27.888340 27.947126 28.034534 28.092501 28.180294 28.237089 28.324902 28.380167 28.467617 28.520985 28.607677 28.658772 28.744305 28.792757 28.876717 28.922157 29.004137 29.046202 29.125793 29.164129 29.240927 29.275204 29.348814 29.378712 29.448755 29.473980 29.540094 29.560377 29.622223 29.637325 29.694586 29.704298 29.756689 29.760836 29.808104 29.806551 29.848473 29.841122 29.877510 29.864304 29.895016 29.875935 29.900864 29.875935 29.895014 29.864300 29.877504 29.841114 29.848463 29.806541 29.808092 29.760822 29.756674 29.704279 29.694565 29.637300 29.622196 29.560347 29.540060 29.473940 29.448711 29.378662 29.348759 29.275143 29.240858 29.164055 29.125708 29.046106 29.004032 28.922039 28.876589 28.792612 28.744146 28.658596 28.607483 28.520771 28.467382 28.379910 28.324617 28.236778 28.179949 28.092125 28.034121 27.946674 27.887842 27.801121 27.741798 27.656126 27.596630 27.512312 27.452940 27.370249 27.311283 27.230465 27.172161 27.093439 27.036026 26.959591 26.903275 26.829288 26.774244 26.702839 26.649221 26.580496 26.528429 26.462454 26.412033 26.348854 26.300148 26.239779 26.192829 26.135262 26.090084 26.035276 25.991863 25.939756 25.898071 25.848581 25.808571 25.761589 25.723173 25.678577 25.641659 25.599306 25.563768 25.523497 25.489206 25.450846 25.417656 25.381020 25.348764 25.313658 25.282160 25.248381 25.217455 25.184792 25.154245 25.122480 25.092112 25.061026 25.030632 25.000000 
25.000000 25.035067 25.069864 25.105461 25.140240 25.176630 25.211639 25.249088 25.284565 25.323330 25.359507 25.399843 25.436941 25.479094 25.517326 25.561533 25.601095 25.647577 25.688654 25.737619 25.780375 25.832022 25.876596 25.931099 25.977619 26.035133 26.083698 26.144360 26.195044 26.258959 26.311810 26.379065 26.434103 26.504753 26.561970 26.636038 26.695393 26.772877 26.834299 26.915155 26.978544 27.062702 27.127918 27.215269 27.282145 27.372549 27.440878 27.534155 27.603710 27.699644 27.770155 27.868498 27.939672 28.040138 28.111652 28.213923 28.285427 28.389154 28.460272 28.565079 28.635416 28.740896 28.810038 28.915762 28.983282 29.088799 29.154257 29.259100 29.322050 29.425737 29.485731 29.587772 29.644361 29.744265 29.797010 29.894279 29.942749 30.036898 30.080679 30.171225 30.209927 30.296402 30.329653 30.411613 30.439075 30.516098 30.537464 30.609154 30.624151 30.690145 30.698547 30.758522 30.760139 30.813807 30.808498 30.855612 30.843287 30.883648 30.864256 30.897715 30.871262 30.897713 30.864252 30.883642 30.843279 30.855604 30.808489 30.813793 30.760124 30.758505 30.698528 30.690125 30.624126 30.609123 30.537430 30.516062 30.439034 30.411568 30.329599 30.296343 30.209860 30.171152 30.080599 30.036806 29.942648 29.894165 29.796883 29.744125 29.644205 29.587601 29.485538 29.425528 29.321817 29.258842 29.153975 29.088488 28.982941 28.915386 28.809626 28.740440 28.634918 28.564531 28.459673 28.388496 28.284708 28.213135 28.110794 28.039194 27.938650 27.867374 27.768938 27.698309 27.602266 27.532576 27.439173 27.370682 27.280130 27.213074 27.125551 27.060123 26.975769 26.912138 26.831057 26.769354 26.691614 26.631937 26.557573 26.499990 26.429007 26.373552 26.305918 26.252596 26.188251 26.137035 26.075893 26.026730 25.968674 25.921480 25.866373 25.821045 25.768723 25.725130 25.675415 25.633406 25.586094 25.545500 25.500380 25.461010 25.417849 25.379501 25.338060 25.300514 25.260544 25.223572 25.184816 25.148178 25.110374 25.073828 25.036705 25.000000 
25.000000 25.040876 25.082220 25.122929 25.165051 25.205881 25.249088 25.290327 25.334925 25.376848 25.423138 25.466013 25.514288 25.558369 25.608910 25.654436 25.707512 25.754705 25.810572 25.859636 25.918528 25.969645 26.031778 26.085104 26.150675 26.206339 26.275518 26.333626 26.406555 26.467176 26.543968 26.607143 26.687881 26.753616 26.838346 26.906614 26.995348 27.066084 27.158796 27.231897 27.328520 27.403849 27.504276 27.581650 27.685740 27.764942 27.872503 27.953281 28.064081 28.146141 28.259909 28.342924 28.459347 28.542953 28.661678 28.745483 28.866119 28.949696 29.071817 29.154716 29.277864 29.359612 29.483297 29.563398 29.687105 29.765051 29.888241 29.963514 30.085632 30.157709 30.278185 30.346539 30.464796 30.528908 30.644369 30.703728 30.815815 30.869925 30.978073 31.026463 31.130114 31.172335 31.270956 31.306595 31.399675 31.428352 31.515415 31.536791 31.617390 31.631174 31.704908 31.710854 31.777363 31.775276 31.834249 31.823994 31.875172 31.856663 31.899839 31.873053 31.908081 31.873053 31.899836 31.856655 31.875162 31.823982 31.834236 31.775259 31.777346 31.710831 31.704885 31.631147 31.617361 31.536757 31.515377 31.428308 31.399628 31.306540 31.270895 31.172266 31.130035 31.026375 30.977976 30.869818 30.815695 30.703594 30.644222 30.528742 30.464615 30.346336 30.277962 30.157461 30.085360 29.963215 29.887909 29.764688 29.686703 29.562958 29.482813 29.359081 29.277281 29.154078 29.071114 28.948927 28.865274 28.744562 28.660667 28.541855 28.458139 28.341616 28.258474 28.144588 28.062378 27.951441 27.870491 27.762770 27.683369 27.579094 27.501490 27.400845 27.325253 27.228382 27.154976 27.061981 26.990896 26.901838 26.833168 26.748070 26.681879 26.600721 26.537031 26.459763 26.398558 26.325094 26.266327 26.196547 26.140141 26.073896 26.019739 25.956854 25.904806 25.845081 25.794981 25.738192 25.689850 25.635752 25.588959 25.537291 25.491816 25.442303 25.397896 25.350254 25.306654 25.260584 25.217516 25.172716 25.129898 25.086056 25.043196 25.000000 
25.000000 25.047152 25.093937 25.141806 25.188562 25.237501 25.284565 25.334925 25.382616 25.434746 25.483377 25.537621 25.587490 25.644173 25.695566 25.755005 25.808189 25.870686 25.925903 25.991737 26.049212 26.118645 26.178566 26.251835 26.314371 26.391684 26.456968 26.538507 26.606640 26.692551 26.763596 26.853991 26.927977 27.022928 27.099844 27.199385 27.279177 27.383301 27.465872 27.574528 27.659739 27.772827 27.860497 27.977871 28.067770 28.189240 28.281099 28.406424 28.499929 28.628817 28.723612 28.855728 28.951418 29.086380 29.182529 29.319912 29.416048 29.555380 29.651005 29.791777 29.886356 30.028027 30.121004 30.262995 30.353796 30.495501 30.583534 30.724327 30.808996 30.948229 31.028929 31.165943 31.242075 31.376209 31.447180 31.577768 31.643002 31.769388 31.828325 31.949865 32.001980 32.118050 32.162846 32.272842 32.309864 32.413223 32.442055 32.538242 32.558525 32.647060 32.658482 32.738926 32.741238 32.813198 32.806210 32.869366 32.852947 32.907032 32.881119 32.925934 32.890530 32.925930 32.881115 32.907024 32.852936 32.869354 32.806190 32.813183 32.741215 32.738903 32.658455 32.647030 32.558491 32.538208 32.442009 32.413174 32.309807 32.272781 32.162773 32.117970 32.001892 31.949768 31.828215 31.769264 31.642862 31.577616 31.447010 31.376020 31.241865 31.165712 31.028671 30.947945 30.808683 30.723982 30.583157 30.495081 30.353336 30.262487 30.120449 30.027416 29.885685 29.791040 29.650198 29.554495 29.415083 29.318850 29.181374 29.085112 28.950041 28.854218 28.721975 28.627022 28.497988 28.404297 28.278803 28.186731 28.065063 27.974916 27.857313 27.769360 27.656008 27.570469 27.461510 27.378565 27.274090 27.193871 27.093929 27.016523 26.921122 26.846579 26.755671 26.683994 26.597504 26.528658 26.446468 26.380381 26.302338 26.238899 26.164814 26.103882 26.033539 25.974941 25.908098 25.851627 25.788015 25.733446 25.672775 25.619854 25.561815 25.510265 25.454538 25.404066 25.350317 25.300613 25.248495 25.199242 25.148403 25.099268 25.049353 25.000000 
25.000000 25.053059 25.106730 25.159563 25.214247 25.267237 25.323330 25.376848 25.434746 25.489153 25.549246 25.604887 25.667553 25.724758 25.790361 25.849442 25.918333 25.979578 26.052086 26.115759 26.192190 26.258524 26.339161 26.408361 26.493452 26.565689 26.655457 26.730862 26.825491 26.904158 27.003796 27.085775 27.190525 27.275831 27.385754 27.474346 27.589457 27.681252 27.801516 27.896381 28.021713 28.119469 28.249731 28.350143 28.485146 28.587934 28.727432 28.832268 28.975958 29.082458 29.229992 29.337734 29.488701 29.597218 29.751160 29.859936 30.016350 30.124836 30.283167 30.390778 30.550430 30.656551 30.816889 30.920881 31.081238 31.182440 31.342117 31.439857 31.598137 31.691736 31.847876 31.936653 32.089905 32.173187 32.322807 32.399929 32.545162 32.615482 32.755596 32.818504 32.952782 33.007694 33.135441 33.181820 33.302376 33.339733 33.452477 33.480370 33.584728 33.602776 33.698227 33.706112 33.792191 33.789661 33.865963 33.852844 33.919033 33.895210 33.951023 33.916470 33.961712 33.916466 33.951019 33.895203 33.919022 33.852829 33.865948 33.789639 33.792168 33.706085 33.698196 33.602741 33.584690 33.480324 33.452431 33.339672 33.302315 33.181747 33.135361 33.007603 32.952682 32.818390 32.755474 32.615341 32.545006 32.399754 32.322613 32.172974 32.089672 31.936390 31.847586 31.691416 31.597782 31.439468 31.341688 31.181969 31.080717 30.920309 30.816259 30.655859 30.549671 30.389944 30.282253 30.123837 30.015253 29.858742 29.749847 29.595789 29.487135 29.336035 29.228128 29.080442 28.973747 28.829878 28.724819 28.585114 28.482067 28.346823 28.246111 28.115570 28.017469 27.891817 27.796555 27.675922 27.583673 27.468140 27.379030 27.268627 27.182732 27.077436 26.994785 26.894531 26.815105 26.719782 26.643520 26.552973 26.479773 26.393808 26.323528 26.241919 26.174377 26.096861 26.031847 25.958138 25.895405 25.825184 25.764460 25.697392 25.638376 25.574104 25.516476 25.454628 25.398045 25.338240 25.282347 25.224186 25.168615 25.111700 25.056072 25.000000 
25.000000 25.059572 25.118677 25.179157 25.238222 25.300058 25.359507 25.423138 25.483377 25.549246 25.610672 25.679203 25.742195 25.813807 25.878723 25.953812 26.020988 26.099934 26.169680 26.252838 26.325430 26.413130 26.488813 26.581354 26.660339 26.757982 26.840437 26.943409 27.029461 27.137949 27.227680 27.341824 27.435268 27.555159 27.652306 27.777983 27.878763 28.010218 28.114510 28.251677 28.359304 28.502058 28.612791 28.760950 28.874502 29.027819 29.143852 29.302021 29.420135 29.582796 29.702543 29.869268 29.990150 30.160454 30.281921 30.455269 30.576725 30.752525 30.873339 31.050945 31.170444 31.349171 31.466658 31.645775 31.760519 31.939266 32.050526 32.228107 32.335125 32.510727 32.612740 32.785534 32.881790 33.050934 33.140682 33.305344 33.387856 33.547199 33.621773 33.774994 33.840961 33.987267 34.044003 34.182640 34.229565 34.359814 34.396412 34.517609 34.543419 34.654949 34.669579 34.770889 34.774025 34.864632 34.856030 34.935516 34.915020 34.983055 34.950577 35.006908 34.962456 35.006905 34.950573 34.983047 34.915005 34.935505 34.856007 34.864609 34.773998 34.770859 34.669544 34.654907 34.543373 34.517559 34.396355 34.359753 34.229492 34.182560 34.043911 33.987167 33.840847 33.774868 33.621632 33.547043 33.387680 33.305149 33.140469 33.050694 32.881523 32.785240 32.612419 32.510368 32.334728 32.227669 32.050045 31.938736 31.759937 31.645134 31.465952 31.348398 31.169596 31.050013 30.872318 30.751406 30.575504 30.453928 30.280460 30.158852 29.988407 29.867359 29.700474 29.580528 29.417681 29.299335 29.140947 29.024649 28.871080 28.757215 28.608768 28.497675 28.354586 28.246546 28.108994 28.004229 27.872332 27.771011 27.644829 27.547066 27.426603 27.332455 27.217663 27.127134 27.017916 26.930962 26.827166 26.743696 26.645130 26.565006 26.471434 26.394476 26.305626 26.231611 26.147177 26.075853 25.995493 25.926569 25.849920 25.783075 25.709751 25.644638 25.574230 25.510479 25.442568 25.379786 25.313934 25.251720 25.187485 25.125416 25.062349 25.000000 
25.000000 25.065613 25.131989 25.197319 25.264948 25.330469 25.399843 25.466013 25.537621 25.604887 25.679203 25.747995 25.825491 25.896217 25.977341 26.050386 26.135569 26.211288 26.300940 26.379658 26.474154 26.556162 26.655849 26.741402 26.846590 26.935894 27.046856 27.140076 27.257040 27.354294 27.477438 27.578789 27.708246 27.813705 27.949547 28.059071 28.201311 28.314798 28.463396 28.580681 28.735533 28.856388 29.017323 29.141466 29.308245 29.435329 29.607649 29.737268 29.914757 30.046440 30.228661 30.361885 30.548334 30.682520 30.872633 31.007145 31.200298 31.334459 31.529966 31.663054 31.860178 31.991430 32.189388 32.318016 32.515987 32.641174 32.838291 32.959213 33.154583 33.270397 33.463116 33.572979 33.762115 33.865200 34.049831 34.145313 34.324520 34.411610 34.584480 34.662418 34.828064 34.896133 35.053707 35.111237 35.259918 35.306313 35.445335 35.480045 35.608704 35.631256 35.748901 35.758907 35.864971 35.862114 35.956100 35.940163 36.021652 35.992500 36.061169 36.018761 36.074368 36.018757 36.061161 35.992489 36.021637 35.940144 35.956078 35.862087 35.864941 35.758873 35.748863 35.631210 35.608654 35.479984 35.445274 35.306240 35.259842 35.111145 35.053604 34.896019 34.827942 34.662273 34.584324 34.411434 34.324329 34.145100 34.049595 33.864933 33.761822 33.572655 33.462753 33.270000 33.154144 32.958733 32.837757 32.640591 32.515339 32.317310 32.188610 31.990574 31.859238 31.662022 31.528835 31.333223 31.198942 31.005667 30.871010 30.680754 30.546398 30.359781 30.226357 30.043941 29.912024 29.734310 29.604418 29.431839 29.304434 29.137356 29.012842 28.851562 28.730280 28.575029 28.457258 28.308201 28.194155 28.051390 27.941225 27.804790 27.698601 27.568472 27.466291 27.342382 27.244190 27.126368 27.032087 26.920160 26.829666 26.723396 26.636511 26.535618 26.452118 26.356279 26.275904 26.184765 26.107206 26.020380 25.945301 25.862368 25.789402 25.709923 25.638670 25.562187 25.492228 25.418264 25.349155 25.277229 25.208515 25.138130 25.069340 25.000000 
25.000000 25.072407 25.144239 25.217754 25.289536 25.364698 25.436941 25.514288 25.587490 25.667553 25.742195 25.825491 25.902037 25.989071 26.067951 26.159206 26.240835 26.336771 26.421518 26.522566 26.610771 26.717331 26.809292 26.921724 27.017696 27.136320 27.236506 27.361595 27.466152 27.597933 27.706961 27.845600 27.959141 28.104750 28.222788 28.375418 28.497869 28.657503 28.784225 28.950783 29.081560 29.254890 29.389442 29.569321 29.707302 29.893433 30.034430 30.226439 30.369970 30.567413 30.712938 30.915298 31.062208 31.268900 31.416525 31.626896 31.774519 31.987848 32.134697 32.350204 32.495468 32.712315 32.855141 33.072453 33.211956 33.428799 33.564083 33.779495 33.909637 34.122627 34.246704 34.456268 34.573364 34.778484 34.887688 35.087353 35.187778 35.380978 35.471775 35.657520 35.737881 35.915222 35.984383 36.152397 36.209660 36.367485 36.412216 36.559044 36.590683 36.725765 36.743843 36.866512 36.870640 36.980312 36.970188 37.066364 37.041801 37.124069 37.084969 37.153023 37.099392 37.153019 37.084965 37.124058 37.041786 37.066345 36.970165 36.980282 36.870605 36.866478 36.743801 36.725719 36.590626 36.558983 36.412144 36.367409 36.209572 36.152302 35.984268 35.915100 35.737740 35.657368 35.471600 35.380787 35.187565 35.087116 34.887428 34.778194 34.573040 34.455914 34.246311 34.122189 33.909157 33.778961 33.563499 33.428154 33.211250 33.071671 32.854286 32.711376 32.494434 32.349072 32.133457 31.986488 31.773033 31.625265 31.414749 31.266951 31.060087 30.912977 30.710419 30.564657 30.366983 30.223171 30.030899 29.889574 29.703140 29.564779 29.384548 29.249557 29.075821 28.944542 28.777515 28.650219 28.490046 28.366936 28.213696 28.094906 27.948603 27.834204 27.694780 27.584780 27.452112 27.346458 27.220369 27.118948 26.999203 26.901846 26.788158 26.694649 26.586691 26.496759 26.394156 26.307491 26.209837 26.126085 26.032936 25.951708 25.862595 25.783470 25.697897 25.620424 25.537884 25.461590 25.381550 25.305941 25.227865 25.152431 25.075779 25.000000 
25.000000 25.078617 25.158152 25.236427 25.317465 25.395964 25.479094 25.558369 25.644173 25.724758 25.813807 25.896217 25.989071 26.073795 26.170990 26.258492 26.360542 26.451246 26.558641 26.652937 26.766127 26.864363 26.983763 27.086243 27.212223 27.319195 27.452080 27.563742 27.703804 27.820297 27.967749 28.089149 28.244146 28.370470 28.533098 28.664293 28.834572 28.970510 29.148388 29.288877 29.474224 29.618998 29.811607 29.960321 30.159914 30.312155 30.518362 30.673641 30.886019 31.043779 31.261801 31.421413 31.644480 31.805250 32.032684 32.193855 32.424904 32.585663 32.819508 32.978992 33.214756 33.372055 33.608795 33.762966 33.999702 34.149765 34.385456 34.530422 34.764008 34.902870 35.133263 35.265015 35.491108 35.614754 35.835438 35.949997 36.164169 36.268696 36.475273 36.568855 36.766773 36.848560 37.036797 37.105984 37.283569 37.339436 37.505451 37.547344 37.700947 37.728298 37.868717 37.881058 38.007610 38.004566 38.116657 38.097965 38.195099 38.160599 38.242386 38.192020 38.258183 38.192017 38.242378 38.160587 38.195084 38.097946 38.116631 38.004539 38.007576 37.881020 37.868671 37.728245 37.700890 37.547276 37.505379 37.339348 37.283474 37.105877 37.036674 36.848423 36.766624 36.568684 36.475082 36.268486 36.163937 35.949738 35.835152 35.614433 35.490757 35.264626 35.132832 34.902393 34.763481 34.529842 34.384815 34.149063 33.998924 33.762119 33.607864 33.371033 33.213631 32.977760 32.818153 32.584179 32.423275 32.192078 32.030735 31.803131 31.642157 31.418890 31.259039 31.040783 30.882740 30.670095 30.514486 30.307968 30.155344 29.955393 29.806234 29.613209 29.467924 29.282101 29.141024 28.962599 28.825989 28.655083 28.523123 28.359783 28.232582 28.076778 27.954382 27.806017 27.688398 27.547308 27.434376 27.300335 27.191935 27.064659 26.960581 26.839737 26.739714 26.624916 26.528631 26.419455 26.326546 26.222527 26.132587 26.033228 25.945816 25.850590 25.765228 25.673588 25.589773 25.501150 25.418354 25.332169 25.249842 25.165503 25.083084 25.000000 
25.000000 25.085730 25.170778 25.257822 25.342806 25.431803 25.517326 25.608910 25.695566 25.790361 25.878723 25.977341 26.067951 26.170990 26.264366 26.372393 26.469017 26.582579 26.682892 26.802498 26.906902 27.033020 27.141869 27.274927 27.388521 27.528896 27.647478 27.795492 27.919249 28.075165 28.204212 28.368229 28.502621 28.674870 28.814583 28.995123 29.140060 29.328873 29.478865 29.675850 29.830647 30.035624 30.194893 30.407595 30.570927 30.791004 30.957911 31.184921 31.354836 31.588253 31.760529 31.999743 32.173664 32.417980 32.592762 32.841400 33.016190 33.268303 33.442192 33.696857 33.868877 34.125114 34.294262 34.551018 34.716251 34.972431 35.132683 35.387150 35.541332 35.792919 35.939941 36.187454 36.326233 36.568470 36.697929 36.933693 37.052788 37.280888 37.388611 37.607883 37.703274 37.912590 37.994751 38.193027 38.261131 38.447342 38.500637 38.673832 38.711662 38.870956 38.892757 39.037369 39.042679 39.171913 39.160389 39.273659 39.245060 39.341888 39.296101 39.376118 39.313152 39.376114 39.296093 39.341873 39.245041 39.273636 39.160358 39.171883 39.042641 39.037327 38.892704 38.870903 38.711594 38.673759 38.500553 38.447250 38.261024 38.192909 37.994617 37.912445 37.703106 37.607700 37.388405 37.280663 37.052536 36.933414 36.697617 36.568127 36.325851 36.187031 35.939472 35.792400 35.540764 35.386517 35.131989 34.971664 34.715412 34.550095 34.293247 34.124001 33.867657 33.695518 33.440720 33.266693 33.014427 32.839466 32.590652 32.415668 32.171154 31.996990 31.757542 31.584984 31.351294 31.181049 30.953726 30.786434 30.565994 30.402214 30.189091 30.029305 29.823845 29.668453 29.470915 29.320240 29.130793 28.985073 28.803808 28.663206 28.490133 28.354729 28.189779 28.059582 27.902615 27.777559 27.628363 27.508316 27.366615 27.251379 27.116837 27.006153 26.878380 26.771927 26.650486 26.547899 26.432304 26.333164 26.222895 26.126741 26.021242 25.927576 25.826265 25.734552 25.636826 25.546505 25.451736 25.362226 25.269783 25.180477 25.089718 25.000000 
25.000000 25.092144 25.185366 25.277107 25.372095 25.464094 25.561533 25.654436 25.755005 25.849442 25.953812 26.050386 26.159206 26.258492 26.372393 26.474930 26.594513 26.700798 26.826635 26.937128 27.069744 27.184853 27.324732 27.444809 27.592388 27.717728 27.873381 28.004215 28.168261 28.304754 28.477440 28.619686 28.801189 28.949203 29.139631 29.293350 29.492718 29.652000 29.860247 30.024862 30.241837 30.411472 30.636930 30.811192 31.044798 31.223196 31.464527 31.646492 31.895023 32.079899 32.335018 32.522072 32.783070 32.971493 33.237576 33.426479 33.696770 33.885201 34.158741 34.345692 34.621449 34.805855 35.082733 35.263489 35.540333 35.716293 35.991894 36.161903 36.435009 36.597889 36.867233 37.021801 37.286091 37.431187 37.689121 37.823597 38.073887 38.196636 38.438011 38.547966 38.779190 38.875351 39.095226 39.176655 39.384048 39.449894 39.643730 39.693233 39.872528 39.905022 40.068874 40.083813 40.231426 40.228367 40.359051 40.337681 40.450851 40.410984 40.506195 40.447762 40.524681 40.447758 40.506184 40.410969 40.450832 40.337658 40.359020 40.228333 40.231388 40.083767 40.068825 39.904961 39.872459 39.693150 39.643642 39.449791 39.383934 39.176525 39.095085 38.875187 38.779015 38.547768 38.437790 38.196388 38.073616 37.823292 37.688786 37.430813 37.285679 37.021343 36.866726 36.597328 36.434391 36.161221 35.991142 35.715469 35.539421 35.262489 35.081638 34.804653 34.620129 34.344242 34.157150 33.883461 33.694859 33.424393 33.235291 32.969006 32.780342 32.519112 32.331776 32.076385 31.891176 31.642330 31.459980 31.218285 31.039438 30.805407 30.630627 30.404682 30.234446 30.016912 29.851608 29.642719 29.482649 29.282549 29.127928 28.936666 28.787626 28.605175 28.461763 28.288006 28.150192 27.984941 27.852617 27.695608 27.568596 27.419500 27.297548 27.155973 27.038773 26.904272 26.791447 26.663525 26.554653 26.432762 26.327370 26.210930 26.108496 25.996897 25.896862 25.789459 25.691235 25.587362 25.490330 25.389313 25.292828 25.193975 25.097380 25.000000 
25.000000 25.099615 25.198433 25.299578 25.398317 25.501730 25.601095 25.707512 25.808189 25.918333 26.020988 26.135569 26.240835 26.360542 26.469017 26.594513 26.706757 26.838673 26.955200 27.094124 27.215403 27.361877 27.488319 27.642839 27.774792 27.937794 28.075539 28.247396 28.391148 28.572166 28.722063 28.912470 29.068575 29.268520 29.430805 29.640356 29.808714 30.027843 30.202074 30.430672 30.610483 30.848333 31.033346 31.280138 31.469875 31.725203 31.919096 32.182446 32.379841 32.650597 32.850742 33.128201 33.330269 33.613617 33.816692 34.105034 34.308132 34.600475 34.802540 35.097816 35.297729 35.594795 35.791386 36.089027 36.281094 36.578037 36.764339 37.059265 37.238544 37.530098 37.701084 37.987888 38.149319 38.429974 38.580612 38.853729 38.992359 39.256557 39.382011 39.635944 39.747105 39.989468 40.085293 40.314827 40.394360 40.609875 40.672241 40.872639 40.917068 41.101330 41.127174 41.294392 41.301113 41.450481 41.437679 41.568512 41.535915 41.647667 41.595131 41.687378 41.614914 41.687374 41.595123 41.647652 41.535896 41.568489 41.437649 41.450443 41.301071 41.294338 41.127117 41.101265 40.916992 40.872555 40.672142 40.609768 40.394234 40.314690 40.085140 39.989296 39.746914 39.635731 39.381771 39.256294 38.992065 38.853401 38.580250 38.429573 38.148876 37.987392 37.700539 37.529495 37.237881 37.058533 36.763535 36.577148 36.280117 36.087955 35.790207 35.593498 35.296307 35.096252 34.800831 34.598598 34.306080 34.102783 33.814243 33.610928 33.327347 33.124996 32.847271 32.646793 32.375721 32.177940 31.914228 31.719887 31.464138 31.273880 31.026598 30.840984 30.602573 30.422070 30.192827 30.017803 29.797932 29.628668 29.418276 29.254955 29.054052 28.896770 28.705282 28.554047 28.371807 28.226545 28.053312 27.913868 27.749321 27.615465 27.459217 27.330645 27.182247 27.058588 26.917532 26.798359 26.664085 26.548914 26.420816 26.309113 26.186548 26.077728 25.960024 25.853472 25.739923 25.634989 25.524876 25.420877 25.313463 25.209702 25.104244 25.000000 
25.000000 25.106264 25.213774 25.319571 25.429115 25.535206 25.647577 25.754705 25.870686 25.979578 26.099934 26.211288 26.336771 26.451246 26.582579 26.700798 26.838673 26.961214 27.106283 27.233673 27.386543 27.519253 27.680481 27.818918 27.989002 28.133505 28.312880 28.463717 28.652742 28.810102 29.009069 29.173058 29.382166 29.552805 29.772171 29.949389 30.179033 30.362665 30.602514 30.792297 31.042175 31.237753 31.497377 31.698288 31.967274 32.172962 32.450813 32.660618 32.946735 33.159908 33.453579 33.669273 33.969685 34.186966 34.493206 34.711048 35.022106 35.239422 35.554188 35.769814 36.087101 36.299812 36.618359 36.826878 37.145348 37.348373 37.665375 37.861561 38.175663 38.363655 38.673393 38.851837 39.155720 39.323273 39.619812 39.775154 40.062859 40.204716 40.482132 40.609276 40.874977 40.986256 41.238865 41.333199 41.571411 41.647820 41.870407 41.928009 42.133835 42.171871 42.359901 42.377735 42.547054 42.544174 42.693989 42.670036 42.799686 42.754436 42.863403 42.796783 42.884686 42.796780 42.863392 42.754421 42.799667 42.670010 42.693958 42.544136 42.547009 42.377682 42.359844 42.171799 42.133759 41.927914 41.870304 41.647701 41.571281 41.333050 41.238701 40.986069 40.874771 40.609047 40.481876 40.204430 40.062546 39.774799 39.619419 39.322842 39.155243 38.851307 38.672806 38.363010 38.174950 37.860775 37.664509 37.347420 37.144299 36.825729 36.617088 36.298424 36.085571 35.768143 35.552349 35.237415 35.019901 34.708645 34.490566 34.184093 33.966537 33.665852 33.449833 33.155849 32.942291 32.655815 32.445560 32.167290 31.961084 31.691612 31.490101 31.229914 31.033646 30.783123 30.592543 30.351954 30.167410 29.936918 29.758661 29.538334 29.366510 29.156309 28.990974 28.790773 28.631893 28.441473 28.288919 28.107981 27.961550 27.789713 27.649115 27.485933 27.350807 27.195765 27.065683 26.918211 26.792685 26.652155 26.530636 26.396381 26.278271 26.149588 26.034241 25.910389 25.797127 25.677343 25.565451 25.448956 25.337694 25.223696 25.112301 25.000000 
25.000000 25.114128 25.227341 25.343222 25.456343 25.574821 25.688654 25.810572 25.925903 26.052086 26.169680 26.300940 26.421518 26.558641 26.682892 26.826635 26.955200 27.106283 27.239754 27.398846 27.537756 27.705482 27.850300 28.027222 28.178349 28.364965 28.522726 28.719460 28.884100 29.091299 29.262978 29.480902 29.659687 29.888506 30.074371 30.314161 30.506981 30.757710 30.957256 31.218792 31.424736 31.696831 31.908735 32.191036 32.408356 32.700386 32.922478 33.223652 33.449760 33.759384 33.988655 34.305904 34.537388 34.861347 35.093994 35.423634 35.656319 35.990501 36.222019 36.559525 36.788597 37.128113 37.353405 37.693539 37.913677 38.252972 38.466541 38.803490 39.009041 39.342098 39.538185 39.865772 40.050949 40.371471 40.544323 40.856190 41.015327 41.316963 41.461048 41.750912 41.878670 42.155270 42.265507 42.527409 42.619026 42.864872 42.936874 43.165405 43.216911 43.426968 43.457230 43.647774 43.656178 43.826294 43.812378 43.961292 43.924736 44.051819 43.992466 44.097237 44.015091 44.097233 43.992455 44.051800 43.924713 43.961262 43.812340 43.826256 43.656128 43.647720 43.457161 43.426895 43.216820 43.165310 42.936760 42.864750 42.618885 42.527252 42.265331 42.155071 41.878448 41.750668 41.460773 41.316658 41.014988 40.855816 40.543911 40.371010 40.050442 39.865204 39.537560 39.341408 39.008282 38.802647 38.465614 38.251953 37.912560 37.692307 37.352055 37.126621 36.786968 36.557728 36.220058 35.988346 35.653969 35.421051 35.091183 34.858261 34.534035 34.302231 33.984669 33.755020 33.445038 33.218487 32.916893 32.694286 32.401775 32.183853 31.900997 31.688402 31.415665 31.208925 30.946651 30.746193 30.494617 30.300756 30.060003 29.872952 29.643034 29.462900 29.243732 29.070524 28.861923 28.695555 28.497244 28.337536 28.149151 27.995838 27.816940 27.669678 27.499750 27.358114 27.196577 27.060078 26.906292 26.774372 26.627651 26.499697 26.359304 26.234653 26.099817 25.977758 25.847679 25.727467 25.601318 25.482178 25.359118 25.240246 25.119427 25.000000 
