25.000000 25.000000 25.000000 25.000000 25.000000 25.000000 25.000000 25.000000 25.000000 25.000000 25.000000 25.000000 25.000000 25.000000 25.000000 25.000000 25.000000 25.000000 25.000000 25.000000 25.000000 25.000000 25.000000 25.000000 25.000000 25.000000 25.000000 25.000000 25.000000 25.000000 25.000000 25.000000 25.000000 25.000000 25.000000 25.000000 25.000000 25.000000 25.000000 25.000000 25.000000 25.000000 25.000000 25.000000 25.000000 25.000000 25.000000 25.000000 25.000000 25.000000 25.000000 25.000000 25.000000 25.000000 25.000000 25.000000 25.000000 25.000000 25.000000 25.000000 25.000000 25.000000 25.000000 25.000000 25.000000 25.000000 25.000000 25.000000 25.000000 25.000000 25.000000 25.000000 25.000000 25.000000 25.000000 25.000000 25.000000 25.000000 25.000000 25.000000 25.000000 25.000000 25.000000 25.000000 25.000000 25.000000 25.000000 25.000000 25.000000 25.000000 25.000000 25.000000 25.000000 25.000000 25.000000 25.000000 25.000000 25.000000 25.000000 25.000000 25.000000 25.000000 25.000000 25.000000 25.000000 25.000000 25.000000 25.000000 25.000000 25.000000 25.000000 25.000000 25.000000 25.000000 25.000000 25.000000 25.000000 25.000000 25.000000 25.000000 25.000000 25.000000 25.000000 25.000000 25.000000 25.000000 25.000000 25.000000 25.000000 25.000000 25.000000 25.000000 25.000000 25.000000 25.000000 25.000000 25.000000 25.000000 25.000000 25.000000 25.000000 25.000000 25.000000 25.000000 25.000000 25.000000 25.000000 25.000000 25.000000 25.000000 25.000000 25.000000 25.000000 25.000000 25.000000 25.000000 25.000000 25.000000 25.000000 25.000000 25.000000 25.000000 25.000000 25.000000 25.000000 25.000000 25.000000 25.000000 25.000000 25.000000 25.000000 25.000000 25.000000 25.000000 25.000000 25.000000 25.000000 25.000000 25.000000 25.000000 25.000000 25.000000 25.000000 25.000000 25.000000 25.000000 25.000000 25.000000 25.000000 25.000000 25.000000 25.000000 25.000000 25.000000 25.000000 25.000000 25.000000 25.000000 25.000000 25.000000 
25.000000 24.952953 24.905718 24.858501 24.810810 24.763319 24.715317 24.668003 24.620533 24.574650 24.529406 24.487022 24.446360 24.409927 24.376179 24.347620 24.322048 24.301760 24.283804 24.270309 24.257778 24.248430 24.238573 24.230808 24.221558 24.213953 24.204666 24.197315 24.188766 24.182901 24.176546 24.173536 24.170378 24.170635 24.170368 24.172880 24.173922 24.176762 24.177128 24.178522 24.176893 24.176121 24.172489 24.170212 24.165838 24.163719 24.160419 24.160145 24.159195 24.161417 24.162720 24.166618 24.168755 24.172560 24.173677 24.175732 24.174614 24.174290 24.171001 24.169027 24.164883 24.162966 24.159821 24.159681 24.158834 24.161144 24.162516 24.166471 24.168653 24.172495 24.173643 24.175720 24.174623 24.174314 24.171041 24.169077 24.164946 24.163034 24.159899 24.159763 24.158926 24.161242 24.162621 24.166580 24.168770 24.172611 24.173767 24.175842 24.174751 24.174437 24.171165 24.169195 24.165064 24.163143 24.160007 24.159864 24.159025 24.161331 24.162708 24.166660 24.168846 24.172680 24.173830 24.175896 24.174797 24.174473 24.171194 24.169210 24.165070 24.163139 24.159992 24.159836 24.158985 24.161282 24.162645 24.166588 24.168762 24.172590 24.173729 24.175793 24.174685 24.174360 24.171074 24.169094 24.164948 24.163021 24.159870 24.159718 24.158863 24.161161 24.162523 24.166468 24.168640 24.172468 24.173609 24.175674 24.174570 24.174248 24.170967 24.168993 24.164852 24.162931 24.159788 24.159643 24.158800 24.161104 24.162481 24.166437 24.168631 24.172476 24.173645 24.175737 24.174677 24.174398 24.171185 24.169279 24.165241 24.163431 24.160444 24.160471 24.159863 24.162434 24.164162 24.168516 24.171230 24.175673 24.177614 24.180588 24.180662 24.181681 24.180122 24.180105 24.178453 24.179350 24.179747 24.183590 24.187691 24.195538 24.203707 24.215240 24.226643 24.240749 24.254309 24.270222 24.285761 24.304028 24.322950 24.345757 24.370947 24.401581 24.436457 24.478041 24.525064 24.579054 24.638479 24.703852 24.773470 24.847006 24.922825 25.000000 
25.000000 24.905718 24.811415 24.716368 24.621422 24.525331 24.429943 24.333679 24.239475 24.145563 24.055952 23.968649 23.888491 23.812952 23.747164 23.687506 23.638809 23.595922 23.563147 23.533913 23.512375 23.491203 23.475056 23.456593 23.441471 23.422815 23.407396 23.388874 23.374849 23.359196 23.349745 23.339987 23.337341 23.334417 23.337959 23.339706 23.346045 23.348347 23.353230 23.352325 23.352932 23.347328 23.343620 23.334764 23.329420 23.320885 23.317816 23.313240 23.315220 23.316008 23.322842 23.327200 23.335840 23.339949 23.346418 23.346745 23.348434 23.343662 23.340685 23.332390 23.327538 23.319376 23.316635 23.312311 23.314508 23.315464 23.322441 23.326910 23.335644 23.339825 23.346355 23.346731 23.348459 23.343721 23.340769 23.332500 23.327662 23.319525 23.316792 23.312489 23.314693 23.315670 23.322653 23.327141 23.335876 23.340075 23.346603 23.346992 23.348711 23.343983 23.341017 23.332750 23.327896 23.319757 23.317009 23.312704 23.314890 23.315863 23.322828 23.327311 23.336027 23.340219 23.346727 23.347105 23.348804 23.344061 23.341072 23.332788 23.327909 23.319750 23.316977 23.312645 23.314810 23.315754 23.322702 23.327156 23.335861 23.340027 23.346527 23.346884 23.348579 23.343821 23.340834 23.332537 23.327667 23.319498 23.316730 23.312393 23.314564 23.315502 23.322454 23.326904 23.335611 23.339775 23.346281 23.346642 23.348343 23.343592 23.340614 23.332331 23.327471 23.319317 23.316563 23.312244 23.314428 23.315393 23.322363 23.326849 23.335581 23.339794 23.346342 23.346771 23.348543 23.343899 23.341032 23.332911 23.328228 23.320322 23.317848 23.313910 23.316523 23.318058 23.325674 23.331013 23.340715 23.346189 23.354177 23.356468 23.360365 23.358444 23.358688 23.354523 23.354342 23.352098 23.356035 23.360060 23.371626 23.384148 23.404039 23.424280 23.450569 23.476030 23.506258 23.535194 23.568790 23.602272 23.642019 23.684597 23.736446 23.795074 23.866201 23.947531 24.043159 24.150326 24.271011 24.401896 24.543024 24.690947 24.844296 25.000000 
25.000000 24.858501 24.716368 24.574133 24.430248 24.286644 24.141151 23.997293 23.852562 23.712175 23.573442 23.443132 23.318151 23.206223 23.103100 23.016428 22.939810 22.879974 22.827993 22.789822 22.754742 22.728949 22.701218 22.679031 22.651686 22.628443 22.599562 22.575935 22.548578 22.529287 22.509008 22.499327 22.490070 22.491734 22.492535 22.501944 22.507099 22.517349 22.519794 22.524614 22.519735 22.516640 22.504440 22.495804 22.480789 22.472586 22.461361 22.459782 22.457069 22.464552 22.469990 22.483500 22.491882 22.504972 22.509630 22.516394 22.513018 22.511242 22.500053 22.492310 22.477974 22.470367 22.459600 22.458420 22.456013 22.463758 22.469400 22.483082 22.491598 22.504801 22.509550 22.516384 22.513071 22.511339 22.500196 22.492477 22.478182 22.470592 22.459858 22.458689 22.456316 22.464069 22.469746 22.483433 22.491982 22.505182 22.509956 22.516783 22.513487 22.511738 22.500603 22.492863 22.478565 22.470947 22.460211 22.459015 22.456635 22.464361 22.470030 22.483690 22.492229 22.505400 22.510160 22.516956 22.513639 22.511856 22.500696 22.492918 22.478590 22.470936 22.460159 22.458927 22.456505 22.464199 22.469822 22.483458 22.491953 22.505108 22.509830 22.516619 22.513271 22.511490 22.500307 22.492538 22.478193 22.470551 22.459763 22.458542 22.456108 22.463812 22.469425 22.483067 22.491556 22.504719 22.509441 22.516237 22.512897 22.511131 22.499962 22.492210 22.477888 22.470264 22.459505 22.458303 22.455906 22.463633 22.469292 22.482965 22.491516 22.504726 22.509535 22.516411 22.513201 22.511562 22.500591 22.493048 22.479025 22.471735 22.461432 22.460747 22.459042 22.467554 22.474249 22.489101 22.499191 22.514158 22.521238 22.530708 22.530836 22.533010 22.526911 22.524927 22.517941 22.518648 22.518354 22.528971 22.541222 22.565374 22.591150 22.627256 22.663027 22.706539 22.747892 22.795504 22.841215 22.894249 22.948624 23.014162 23.086811 23.176067 23.278811 23.402721 23.544289 23.708078 23.889462 24.089693 24.303453 24.529461 24.762632 25.000000 
25.000000 24.810810 24.621422 24.430248 24.238791 24.044453 23.850727 23.654428 23.461304 23.267969 23.082510 22.901436 22.734760 22.578241 22.442585 22.321289 22.224028 22.140636 22.079033 22.025661 21.987820 21.950378 21.921837 21.887350 21.857798 21.819675 21.786469 21.746172 21.714243 21.679413 21.657677 21.636909 21.631882 21.628149 21.638498 21.646208 21.663057 21.671515 21.683985 21.683687 21.684757 21.672056 21.661694 21.640282 21.625349 21.604475 21.595263 21.584675 21.588726 21.592276 21.609068 21.621878 21.643215 21.655182 21.670736 21.672831 21.676001 21.664917 21.655977 21.635656 21.621683 21.601543 21.592976 21.582880 21.587360 21.591238 21.608315 21.621344 21.642864 21.654980 21.670652 21.672846 21.676090 21.665077 21.656183 21.635918 21.621971 21.601879 21.593330 21.583281 21.587776 21.591702 21.608789 21.621866 21.643391 21.655548 21.671213 21.673439 21.676664 21.665668 21.656746 21.636484 21.622499 21.602404 21.593815 21.583757 21.588215 21.592129 21.609179 21.622244 21.643730 21.655870 21.671495 21.673697 21.676876 21.665846 21.656874 21.636570 21.622536 21.602386 21.593746 21.583630 21.588037 21.591888 21.608896 21.621897 21.643354 21.655436 21.671041 21.673195 21.676371 21.665304 21.656340 21.636011 21.621990 21.601824 21.593201 21.583069 21.587492 21.591328 21.608345 21.621332 21.642797 21.654873 21.670492 21.672647 21.675840 21.664791 21.655849 21.635548 21.621555 21.601423 21.592831 21.582743 21.587194 21.591085 21.608141 21.621197 21.642714 21.654884 21.670584 21.672880 21.676207 21.665367 21.656641 21.636658 21.623014 21.603373 21.595325 21.585981 21.591274 21.596283 21.614607 21.629326 21.652735 21.667360 21.685862 21.691767 21.699215 21.693661 21.690975 21.678682 21.673811 21.665228 21.669733 21.676010 21.698893 21.725485 21.767910 21.811855 21.867731 21.921404 21.983261 22.041065 22.106310 22.169697 22.244057 22.323208 22.420567 22.532190 22.670246 22.831076 23.023195 23.241337 23.489065 23.759363 24.051632 24.358513 24.676773 25.000000 
25.000000 24.763319 24.525331 24.286644 24.044453 23.801645 23.554438 23.308390 23.059347 22.815889 22.574011 22.345341 22.125900 21.929399 21.750341 21.602114 21.474968 21.379511 21.300438 21.245974 21.197254 21.162910 21.123608 21.090734 21.046515 21.005991 20.953699 20.908037 20.855499 20.816446 20.777605 20.758751 20.744106 20.750484 20.758184 20.781334 20.797853 20.821663 20.830891 20.841394 20.833252 20.825130 20.799719 20.778282 20.745745 20.724703 20.700596 20.694931 20.690933 20.706755 20.721966 20.751728 20.773439 20.801805 20.814575 20.828190 20.822453 20.816446 20.792660 20.772655 20.741219 20.721142 20.697779 20.692762 20.689262 20.705517 20.721062 20.751106 20.773041 20.801592 20.814514 20.828245 20.822611 20.816677 20.792969 20.773008 20.741634 20.721586 20.698280 20.693287 20.689852 20.706123 20.721733 20.751791 20.773788 20.802340 20.815311 20.829027 20.823427 20.817457 20.793764 20.773754 20.742376 20.722273 20.698959 20.693909 20.690460 20.706678 20.722275 20.752283 20.774263 20.802761 20.815708 20.829365 20.823727 20.817694 20.793947 20.773870 20.742428 20.722254 20.698864 20.693745 20.690210 20.706367 20.721874 20.751833 20.773729 20.802193 20.815065 20.828707 20.823011 20.816982 20.793196 20.773136 20.741669 20.721519 20.698109 20.693012 20.689459 20.705631 20.721117 20.751085 20.772964 20.801443 20.814310 20.827972 20.822289 20.816290 20.792532 20.772511 20.741085 20.720978 20.697618 20.692564 20.689072 20.705288 20.720850 20.750874 20.772852 20.801411 20.814419 20.828211 20.822735 20.816948 20.793507 20.773827 20.742886 20.723320 20.700703 20.696487 20.694118 20.711613 20.728853 20.760784 20.785244 20.816624 20.833275 20.851217 20.851078 20.851383 20.835735 20.824965 20.805338 20.798677 20.792265 20.806412 20.826761 20.869738 20.918036 20.984501 21.050577 21.128067 21.199938 21.279171 21.352217 21.434160 21.515791 21.614037 21.723692 21.861879 22.025364 22.228140 22.465515 22.745007 23.058561 23.407061 23.780687 24.176182 24.584444 25.000000 
25.000000 24.715317 24.429943 24.141151 23.850727 23.554438 23.256990 22.953388 22.651804 22.347382 22.052301 21.762522 21.494097 21.243095 21.027264 20.839336 20.694218 20.576954 20.497232 20.433054 20.392313 20.350763 20.318947 20.274122 20.231537 20.171547 20.114298 20.043510 19.983269 19.919485 19.877544 19.842051 19.835310 19.836428 19.862419 19.887154 19.925358 19.949673 19.976519 19.980522 19.981726 19.958158 19.933769 19.890249 19.854647 19.811171 19.787489 19.766848 19.773321 19.785011 19.820311 19.852377 19.897007 19.926331 19.957569 19.964973 19.969170 19.947910 19.925558 19.883606 19.849388 19.806974 19.784229 19.764307 19.771410 19.783585 19.819298 19.851694 19.896593 19.926140 19.957552 19.965109 19.969414 19.948263 19.925976 19.884106 19.849928 19.807587 19.784872 19.765028 19.772158 19.784416 19.820156 19.852636 19.897551 19.927174 19.958578 19.966190 19.970461 19.949341 19.926994 19.885130 19.850878 19.808525 19.785730 19.765867 19.772926 19.785168 19.820843 19.853306 19.898155 19.927752 19.959084 19.966656 19.970846 19.949667 19.927235 19.885292 19.850948 19.808502 19.785614 19.765644 19.772614 19.784739 19.820335 19.852682 19.897472 19.926964 19.958261 19.965746 19.969931 19.948689 19.926275 19.884293 19.849981 19.807510 19.784658 19.764664 19.771658 19.783754 19.819366 19.851683 19.896486 19.925959 19.957279 19.964766 19.968987 19.947767 19.925404 19.883467 19.849216 19.806803 19.784012 19.764090 19.771141 19.783319 19.818991 19.851408 19.896292 19.925901 19.957346 19.965031 19.969448 19.948530 19.926485 19.885010 19.851265 19.809561 19.787565 19.768723 19.777000 19.790800 19.828316 19.863138 19.910746 19.943878 19.979319 19.992149 20.002424 19.989019 19.975555 19.945040 19.923843 19.898039 19.894192 19.898039 19.931967 19.977276 20.049963 20.127314 20.221991 20.311493 20.409237 20.496403 20.589212 20.674234 20.770899 20.871670 20.998274 21.147854 21.341185 21.575811 21.865719 22.203543 22.593109 23.022280 23.487873 23.977413 24.484823 25.000000 
25.000000 24.668003 24.333679 23.997293 23.654428 23.308390 22.953388 22.596367 22.231260 21.869532 21.506264 21.158350 20.822887 20.521620 20.251408 20.033749 19.857765 19.736853 19.647619 19.596699 19.554480 19.528881 19.491236 19.455269 19.396210 19.334362 19.249649 19.168440 19.075211 19.000677 18.931177 18.896595 18.878061 18.897497 18.926270 18.979504 19.023975 19.075150 19.101336 19.122446 19.110937 19.092007 19.043064 18.994299 18.928007 18.877842 18.828342 18.811647 18.807520 18.839655 18.878462 18.940464 18.991781 19.048941 19.079771 19.104961 19.096605 19.080463 19.033672 18.986814 18.921995 18.873131 18.824636 18.808823 18.805380 18.838102 18.877371 18.939762 18.991392 19.048803 19.079849 19.105200 19.096996 19.080950 19.034271 18.987469 18.922737 18.873909 18.825502 18.809723 18.806381 18.839144 18.878527 18.940950 18.992691 19.050112 19.081247 19.106571 19.098423 19.082315 19.035652 18.988758 18.924013 18.875080 18.826647 18.810766 18.807400 18.840076 18.879440 18.941786 18.993504 19.050838 19.081932 19.107161 19.098948 19.082731 19.035980 18.988970 18.924114 18.875059 18.826496 18.810493 18.806982 18.839542 18.878754 18.941004 18.992573 19.049845 19.080812 19.106012 19.097704 19.081497 19.034685 18.987715 18.922827 18.873823 18.825233 18.809275 18.805727 18.838312 18.877478 18.939741 18.991272 19.048563 19.079514 19.104753 19.096458 19.080315 19.033545 18.986654 18.921833 18.872915 18.824409 18.808533 18.805075 18.837734 18.877003 18.939346 18.991009 19.048416 19.079552 19.104973 19.096954 19.081097 19.034754 18.988319 18.924150 18.875959 18.828455 18.813713 18.811775 18.846163 18.887693 18.952600 19.007576 19.068727 19.104681 19.135551 19.134531 19.126635 19.090485 19.055725 19.006458 18.975384 18.949537 18.959538 18.988375 19.057404 19.141106 19.252771 19.363800 19.486658 19.596077 19.707972 19.803347 19.902651 19.994385 20.103460 20.226154 20.390070 20.596197 20.868195 21.202890 21.610329 22.077320 22.601070 23.164698 23.760771 24.375305 25.000000 
25.000000 24.620533 24.239475 23.852562 23.461304 23.059347 22.651804 22.231260 21.807335 21.373295 20.944868 20.518415 20.117483 19.742584 19.422997 19.156691 18.966244 18.831772 18.759695 18.714819 18.700024 18.679089 18.661844 18.617167 18.563667 18.476221 18.381493 18.260841 18.148453 18.031929 17.949890 17.889627 17.882839 17.902679 17.965660 18.032585 18.115889 18.176205 18.231230 18.246758 18.247566 18.205555 18.152180 18.066118 17.985239 17.894861 17.836391 17.795305 17.805458 17.838737 17.913416 17.989468 18.080711 18.147186 18.207609 18.227320 18.231827 18.192678 18.141851 18.057764 17.978642 17.889624 17.832357 17.792206 17.803171 17.837088 17.912306 17.988794 18.080391 18.147165 18.207817 18.227737 18.232384 18.193388 18.142639 18.058662 17.979582 17.890661 17.833431 17.793392 17.804407 17.838467 17.913742 17.990383 18.082018 18.148926 18.209574 18.229588 18.234179 18.195221 18.144369 18.060385 17.981167 17.892210 17.834835 17.794756 17.805649 17.839685 17.914864 17.991484 18.083021 18.149893 18.210428 18.230377 18.234835 18.195782 18.144785 18.060675 17.981304 17.892191 17.834660 17.794401 17.805140 17.838978 17.914013 17.990435 18.081863 18.148556 18.209028 18.228832 18.233282 18.194132 18.143173 18.059010 17.979710 17.890572 17.833111 17.792822 17.803600 17.837381 17.912432 17.988785 18.080229 18.146873 18.207384 18.227179 18.231699 18.192583 18.141724 18.057634 17.978451 17.889412 17.832069 17.791889 17.802769 17.836657 17.911798 17.988277 18.079830 18.146646 18.207319 18.227367 18.232141 18.193407 18.142952 18.059444 17.980904 17.892763 17.836439 17.797640 17.810099 17.846073 17.923578 18.003122 18.098124 18.169369 18.235020 18.261446 18.273420 18.243902 18.203945 18.133883 18.070808 18.002449 17.968971 17.959066 18.004541 18.081244 18.204252 18.338554 18.493750 18.636490 18.780416 18.899513 19.013536 19.105227 19.200518 19.292263 19.412798 19.565424 19.785334 20.078266 20.467314 20.942989 21.504772 22.130342 22.809078 23.520863 24.255627 25.000000 
25.000000 24.574650 24.145563 23.712175 23.267969 22.815889 22.347382 21.869532 21.373295 20.871441 20.357435 19.852957 19.358536 18.908237 18.510372 18.203775 17.984018 17.864294 17.805691 17.802855 17.808823 17.825607 17.813738 17.787888 17.716764 17.625359 17.489922 17.344978 17.176250 17.028692 16.897081 16.829187 16.810390 16.864723 16.948803 17.069286 17.176512 17.282549 17.344851 17.385786 17.370697 17.330463 17.238129 17.132753 16.997240 16.879969 16.773357 16.727722 16.726696 16.796423 16.892477 17.023281 17.138487 17.251480 17.319176 17.364880 17.353497 17.316570 17.226812 17.123741 16.990026 16.874355 16.768995 16.724459 16.724293 16.794756 16.891401 17.022692 17.138306 17.251617 17.319601 17.365505 17.354328 17.317518 17.227903 17.124889 16.991285 16.875643 16.770397 16.725904 16.725903 16.796444 16.893291 17.024662 17.140471 17.253815 17.321951 17.367819 17.356728 17.319809 17.230209 17.127026 16.993376 16.877535 16.772221 16.727551 16.727503 16.797916 16.894747 17.026007 17.141792 17.255011 17.323086 17.368801 17.357607 17.320511 17.230768 17.127396 16.993567 16.877529 16.772001 16.727131 16.726837 16.797052 16.893621 17.024712 17.140245 17.253349 17.321213 17.366882 17.355532 17.318462 17.228630 17.125343 16.991480 16.875555 16.770010 16.725222 16.724871 16.795109 16.891579 17.022669 17.138115 17.251242 17.319061 17.364798 17.353462 17.316507 17.226748 17.123610 16.989866 16.874105 16.768702 16.724058 16.723835 16.794188 16.890781 17.021982 17.137579 17.250856 17.318899 17.364862 17.353865 17.317263 17.228012 17.125431 16.992470 16.877592 16.773403 16.730162 16.731821 16.804321 16.903715 17.038065 17.157701 17.275486 17.349283 17.401680 17.398882 17.371517 17.294073 17.204971 17.089333 16.994558 16.916239 16.903152 16.942892 17.058729 17.210852 17.403408 17.592133 17.785110 17.947393 18.096104 18.206755 18.304188 18.374956 18.452265 18.537189 18.673485 18.876936 19.192219 19.626339 20.189539 20.855196 21.606451 22.412516 23.257975 24.123713 25.000000 
25.000000 24.529406 24.055952 23.573442 23.082510 22.574011 22.052301 21.506264 20.944868 20.357435 19.760471 19.149416 18.555468 17.990019 17.506477 17.128838 16.901762 16.795958 16.795921 16.837440 16.906807 16.951782 16.979610 16.951771 16.890144 16.764801 16.607857 16.398895 16.182877 15.955871 15.780557 15.665846 15.664808 15.741609 15.895539 16.061249 16.238325 16.372225 16.479839 16.519093 16.518970 16.445787 16.337116 16.169142 15.991001 15.795842 15.649348 15.558017 15.577184 15.669611 15.836788 16.012642 16.198471 16.339140 16.452734 16.496651 16.500710 16.430799 16.325079 16.159420 15.983361 15.789839 15.644800 15.554615 15.574771 15.667986 15.835820 16.012220 16.198484 16.339539 16.453415 16.497610 16.501841 16.432127 16.326492 16.160965 15.984931 15.791517 15.646497 15.556465 15.576707 15.670170 15.838136 16.014812 16.201168 16.342457 16.456341 16.500692 16.504831 16.435175 16.329351 16.163788 15.987494 15.793975 15.648686 15.558560 15.578609 15.672050 15.839890 16.016562 16.202787 16.344034 16.457745 16.501995 16.505920 16.436110 16.330051 16.164284 15.987747 15.793983 15.648444 15.558028 15.577816 15.670922 15.838513 16.014847 16.200880 16.341824 16.455427 16.499439 16.503355 16.433392 16.327415 16.161589 15.985204 15.791442 15.646059 15.555616 15.575466 15.668449 15.836024 16.012207 16.198235 16.339075 16.452730 16.496717 16.500753 16.430845 16.325050 16.159353 15.983191 15.789609 15.644446 15.554179 15.574191 15.667309 15.835001 16.011320 16.197485 16.338518 16.452379 16.496660 16.501005 16.431541 16.326223 16.161196 15.985778 15.793229 15.649261 15.560634 15.582557 15.678204 15.848761 16.028755 16.219004 16.365225 16.484825 16.536379 16.548800 16.489578 16.395763 16.245432 16.086906 15.916269 15.798202 15.743340 15.805084 15.950528 16.176970 16.423590 16.686226 16.917130 17.127916 17.285786 17.413170 17.488638 17.542841 17.568672 17.610193 17.684607 17.856695 18.164053 18.656277 19.316551 20.120020 21.016479 21.976561 22.969185 23.981245 25.000000 
25.000000 24.487022 23.968649 23.443132 22.901436 22.345341 21.762522 21.158350 20.518415 19.852957 19.149416 18.428770 17.692339 16.989889 16.361790 15.903332 15.658910 15.621849 15.699600 15.844177 15.978554 16.095104 16.146118 16.149441 16.069632 15.935847 15.719543 15.459866 15.143031 14.831358 14.546965 14.388830 14.384152 14.541363 14.770254 15.041845 15.279516 15.488183 15.616843 15.691772 15.673182 15.596599 15.429388 15.215696 14.938249 14.663049 14.409147 14.277814 14.293809 14.468048 14.709681 14.992025 15.237941 15.453870 15.588218 15.668279 15.653738 15.580836 15.416537 15.205489 14.930140 14.656829 14.404429 14.274413 14.291451 14.466567 14.708916 14.991841 15.238267 15.454582 15.589304 15.669611 15.655342 15.582573 15.418457 15.207445 14.932206 14.658873 14.406580 14.276598 14.293893 14.469191 14.711917 14.995028 15.241805 15.458205 15.593183 15.673442 15.659307 15.586355 15.422238 15.210921 14.935553 14.661837 14.409357 14.279050 14.296272 14.471411 14.714161 14.997149 15.243921 15.460142 15.595036 15.675051 15.660751 15.587513 15.423165 15.211545 14.935899 14.661877 14.409072 14.278443 14.295263 14.470057 14.712360 14.995049 15.241400 15.457420 15.591962 15.671899 15.657351 15.584162 15.419692 15.208244 14.932600 14.658829 14.406072 14.275619 14.292336 14.467109 14.709183 14.991810 15.237965 15.453997 15.588443 15.668489 15.653956 15.580970 15.416623 15.205453 14.930025 14.656572 14.404073 14.273888 14.290786 14.465704 14.707900 14.990649 15.236963 15.453176 15.587876 15.668201 15.654055 15.581483 15.417707 15.207162 14.932590 14.660112 14.408965 14.280396 14.299520 14.477030 14.722575 15.009054 15.260075 15.481453 15.622646 15.710085 15.704869 15.642120 15.490712 15.293995 15.037138 14.785328 14.561661 14.466857 14.530949 14.761277 15.071012 15.427712 15.760510 16.069235 16.311220 16.505934 16.624506 16.694336 16.697092 16.669374 16.614830 16.598038 16.673044 16.951012 17.497091 18.300364 19.277084 20.362888 21.499228 22.660957 23.829132 25.000000 
25.000000 24.446360 23.888491 23.318151 22.734760 22.125900 21.494097 20.822887 20.117483 19.358536 18.555468 17.692339 16.795227 15.881101 15.047460 14.426036 14.208696 14.289248 14.536453 14.810375 15.068128 15.247149 15.360319 15.369442 15.303090 15.127072 14.874603 14.516469 14.098023 13.620345 13.187114 12.900427 12.941607 13.208826 13.602268 13.990839 14.349711 14.614380 14.807578 14.886037 14.885389 14.766438 14.568142 14.257104 13.883246 13.444157 13.046377 12.788305 12.852191 13.135517 13.541860 13.940075 14.307394 14.578711 14.777986 14.861299 14.865126 14.749749 14.554738 14.246327 13.874868 13.437709 13.041658 12.784972 12.850025 13.134284 13.541389 13.940263 14.308097 14.579905 14.779525 14.863207 14.867242 14.752127 14.557196 14.248935 13.877433 13.440327 13.044187 12.787640 12.852866 13.137604 13.545031 13.944426 14.312469 14.584683 14.784337 14.868270 14.872158 14.757124 14.561871 14.253502 13.881516 13.444127 13.047439 12.790635 12.855589 13.140371 13.547707 13.947171 14.315058 14.587230 14.786619 14.870392 14.873939 14.758648 14.563017 14.254327 13.881962 13.444211 13.047149 12.789907 12.854420 13.138634 13.545526 13.944413 14.311966 14.583634 14.782840 14.866224 14.869750 14.754224 14.558744 14.250003 13.877959 13.440331 13.043653 12.786482 12.851048 13.134957 13.541692 13.940237 14.307715 14.579173 14.778449 14.861778 14.865508 14.750071 14.554910 14.246398 13.874769 13.437490 13.041257 12.784411 12.849218 13.133245 13.540083 13.938739 14.306367 14.578032 14.777559 14.861225 14.865329 14.750389 14.555766 14.247967 13.877123 13.440905 13.045923 12.790869 12.857944 13.145019 13.555312 13.958294 14.330647 14.608191 14.814091 14.905683 14.918351 14.814021 14.630865 14.337312 13.982235 13.566403 13.196181 12.976426 13.090520 13.438817 13.918040 14.401242 14.858831 15.233626 15.541765 15.749794 15.884567 15.919017 15.881799 15.755313 15.581698 15.386141 15.286418 15.444641 16.080700 17.092546 18.325066 19.646679 20.996506 22.340187 23.674322 25.000000 
25.000000 24.409927 23.812952 23.206223 22.578241 21.929399 21.243095 20.521620 19.742584 18.908237 17.990019 16.989889 15.881101 14.691828 13.485147 12.544657 12.420196 12.789993 13.297719 13.792743 14.179344 14.465042 14.615551 14.664917 14.580204 14.394748 14.069431 13.633383 13.049382 12.364885 11.622178 11.084156 11.214382 11.750064 12.374247 12.969529 13.442574 13.812045 14.037286 14.159408 14.139026 14.015624 13.744887 13.361330 12.823803 12.183954 11.480485 10.976839 11.129060 11.679970 12.314667 12.919020 13.399298 13.775589 14.006408 14.133800 14.117698 13.998292 13.730782 13.350205 12.815099 12.177464 11.475816 10.973768 11.127214 11.679112 12.314639 12.919660 13.400565 13.777324 14.008633 14.136333 14.120603 14.001357 13.734087 13.353503 12.818465 12.180633 11.478899 10.976697 11.130620 11.683029 12.319330 12.924775 13.406308 13.783238 14.014971 14.142601 14.127082 14.007539 13.740245 13.359131 12.823791 12.185193 11.482904 10.979974 11.133845 11.686227 12.322741 12.928114 13.409701 13.786374 14.017975 14.145212 14.129417 14.009408 13.741740 13.360146 12.824382 12.185337 11.482604 10.979217 11.132420 11.684168 12.319904 12.924751 13.405635 13.781968 14.012995 14.140095 14.123897 14.003964 13.736115 13.354838 12.819179 12.180710 11.478342 10.975478 11.128427 11.679871 12.315024 12.919621 13.400104 13.776421 14.007271 14.134552 14.118374 13.998782 13.731135 13.350345 12.815082 12.177240 11.475432 10.973154 11.126302 11.677824 12.312999 12.917684 13.398306 13.774840 14.005980 14.133610 14.117876 13.998775 13.731750 13.351624 12.817205 12.180285 11.479725 10.979061 11.134867 11.689648 12.328901 12.938021 13.424067 13.806434 14.044759 14.180077 14.173772 14.064634 13.809657 13.442055 12.922665 12.301789 11.622608 11.152084 11.362108 11.985381 12.705564 13.400346 13.982455 14.464640 14.815266 15.066884 15.190970 15.215349 15.107745 14.888363 14.530857 14.078393 13.612000 13.460428 14.267231 15.664054 17.268877 18.902252 20.490679 22.028961 23.524834 25.000000 
25.000000 24.376179 23.747164 23.103100 22.442585 21.750341 21.027264 20.251408 19.422997 18.510372 17.506477 16.361790 15.047460 13.485147 11.656641 9.812118 10.137436 11.108584 12.071687 12.828150 13.391465 13.754215 13.971925 14.025515 13.958059 13.731970 13.374990 12.830507 12.101237 11.106447 9.852557 8.545347 9.081699 10.142022 11.175124 11.999497 12.639008 13.075757 13.370112 13.493809 13.495681 13.331359 13.034451 12.543516 11.866679 10.920200 9.714768 8.451333 9.007240 10.077001 11.117819 11.948776 12.595184 13.037930 13.338250 13.466929 13.473565 13.313143 13.019880 12.531923 11.857841 10.913660 9.710353 8.448723 9.005919 10.076688 11.118333 11.950067 12.597084 13.040462 13.341219 13.470407 13.477316 13.317268 13.024097 12.536328 11.862078 10.917749 9.713859 8.451749 9.009603 10.081575 11.124054 11.956768 12.604191 13.048235 13.349050 13.478635 13.485313 13.325393 13.031708 12.543736 11.868634 10.923630 9.718429 8.455190 9.013009 10.085505 11.128164 11.961140 12.608377 13.052364 13.352749 13.482057 13.488173 13.327824 13.033525 12.545038 11.869352 10.923835 9.718174 8.454466 9.011448 10.082889 11.124731 11.956734 12.603407 13.046579 13.346656 13.475337 13.481402 13.320663 13.026598 12.538049 11.862962 10.917893 9.713356 8.450589 9.007185 10.077594 11.118794 11.950060 12.596537 13.039342 13.339539 13.468127 13.474532 13.313930 13.020387 12.532212 11.857856 10.913477 9.709964 8.448172 9.004886 10.075117 11.116247 11.947518 12.594151 13.037186 13.337713 13.466705 13.473585 13.313555 13.020634 12.533202 11.859609 10.916115 9.713480 8.452936 9.012680 10.086970 11.132488 11.968922 12.621028 13.070702 13.378301 13.515935 13.531905 13.382798 13.100968 12.626259 11.964494 11.033153 9.840313 8.595434 9.220399 10.381518 11.518448 12.453537 13.205969 13.766411 14.187745 14.452119 14.597061 14.589116 14.445451 14.112996 13.574957 12.748839 11.622747 10.493826 11.863737 14.010254 16.184130 18.190613 20.034992 21.753788 23.396049 25.000000 
25.000000 24.347620 23.687506 23.016428 22.321289 21.602114 20.839336 20.033749 19.156691 18.203775 17.128838 15.903332 14.426036 12.544657 9.812118 4.909735 7.173852 9.435221 11.001421 12.056705 12.741045 13.188430 13.421598 13.507158 13.420254 13.200081 12.794696 12.212420 11.351515 10.107107 8.082561 4.162974 6.374663 8.561202 10.117896 11.214329 11.959514 12.481864 12.788610 12.950034 12.932036 12.779679 12.434755 11.911604 11.104645 9.915399 7.948633 4.106483 6.318319 8.502973 10.061496 11.163079 11.913934 12.442689 12.755075 12.922094 12.908757 12.760820 12.419525 11.899749 11.095593 9.908962 7.944528 4.104828 6.317768 8.503328 10.062750 11.165092 11.916742 12.446083 12.759143 12.926575 12.913782 12.766076 12.425159 11.905372 11.101293 9.914162 7.948878 4.106606 6.321761 8.509188 10.070259 11.173425 11.926086 12.455687 12.769389 12.936703 12.924240 12.776085 12.435155 11.914557 11.109983 9.921469 7.954587 4.108804 6.325360 8.513824 10.075669 11.178864 11.931626 12.460789 12.774241 12.940894 12.927958 12.779036 12.437484 11.916106 11.110854 9.921683 7.954323 4.108570 6.323591 8.510701 10.071173 11.173480 11.925117 12.453734 12.766276 12.932693 12.919095 12.770253 12.428363 11.907444 11.102359 9.914294 7.948346 4.106201 6.319048 8.504395 10.063416 11.165150 11.916117 12.444736 12.757020 12.923754 12.910188 12.761889 12.420297 11.900141 11.095681 9.908738 7.944147 4.104591 6.316660 8.501381 10.060073 11.161821 11.912917 12.441846 12.754498 12.921711 12.908694 12.761022 12.420150 11.900753 11.097135 9.910930 7.946812 4.106411 6.323201 8.512946 10.076922 11.184015 11.941366 12.476909 12.797606 12.973331 12.970625 12.833573 12.505085 11.997423 11.205631 10.025944 8.056575 4.168894 6.496638 8.801805 10.476556 11.689350 12.558553 13.207258 13.653176 13.956760 14.095214 14.098585 13.918069 13.543197 12.863859 11.719247 9.607584 5.028386 8.665995 12.329089 15.252439 17.641073 19.695364 21.555145 23.302254 25.000000 
25.000000 24.322048 23.638809 22.939810 22.224028 21.474968 20.694218 19.857765 18.966244 17.984018 16.901762 15.658910 14.208696 12.420196 10.137436 7.173852 4.213016 8.415298 10.442071 11.595966 12.327578 12.765520 13.018880 13.083894 13.015716 12.774618 12.391292 11.798035 10.985293 9.825102 8.207605 5.961685 3.692777 7.553832 9.520930 10.703658 11.502852 12.016448 12.352426 12.494308 12.502752 12.330042 12.013288 11.479364 10.724897 9.618974 8.057879 5.869918 3.656580 7.496243 9.462111 10.648987 11.454780 11.974712 12.317260 12.464724 12.478536 12.310250 11.997631 11.467115 10.715796 9.612546 8.053942 5.868252 3.656957 7.497401 9.464149 10.651999 11.458559 11.979359 12.322490 12.470693 12.484900 12.317210 12.004775 11.474652 10.723208 9.619942 8.060593 5.873964 3.661320 7.505335 9.473701 10.663054 11.470154 11.991906 12.335074 12.483865 12.497719 12.330256 12.017091 11.486769 10.734156 9.630063 8.068840 5.880265 3.665143 7.511690 9.480645 10.670373 11.477059 11.998620 12.341027 12.489315 12.502235 12.334050 12.019879 11.488688 10.735100 9.630114 8.068110 5.878846 3.663183 7.507523 9.475090 10.663299 11.469126 11.989430 12.331351 12.478644 12.491440 12.322577 12.008662 11.477214 10.724355 9.619779 8.059307 5.871713 3.658295 7.498976 9.465165 10.652239 11.457886 11.977709 12.319903 12.467087 12.480438 12.311769 11.998641 11.467690 10.715871 9.612202 8.053209 5.867247 3.655702 7.494855 9.460698 10.647738 11.453669 11.973824 12.316523 12.464244 12.478254 12.310309 11.997993 11.467952 10.717076 9.614418 8.056310 5.871146 3.660685 7.506639 9.478121 10.671196 11.483378 12.011048 12.361749 12.519251 12.543569 12.388020 12.088273 11.572547 10.834579 9.743935 8.191098 6.003741 3.795427 7.803502 9.896586 11.205730 12.131600 12.783269 13.260916 13.559957 13.728430 13.730755 13.585025 13.226039 12.618025 11.618936 10.059948 7.739603 5.442760 11.373018 14.855455 17.413429 19.550245 21.462326 23.257818 25.000000 
25.000000 24.301760 23.595922 22.879974 22.140636 21.379511 20.576954 19.736853 18.831772 17.864294 16.795958 15.621849 14.289248 12.789993 11.108584 9.435221 8.415298 9.570888 10.700357 11.557510 12.137272 12.527192 12.725210 12.793820 12.700816 12.491385 12.115378 11.603133 10.890951 10.000400 8.902317 7.783382 7.187369 8.440416 9.636056 10.576522 11.243872 11.728651 12.015147 12.172018 12.157675 12.024448 11.715428 11.267670 10.612685 9.777718 8.730060 7.658730 7.098695 8.363307 9.566826 10.515977 11.191238 11.684117 11.977499 12.140995 12.132116 12.003997 11.699164 11.255260 10.603484 9.771444 8.726313 7.657238 7.099134 8.365081 9.569869 10.520039 11.196406 11.690083 11.984429 12.148513 12.140461 12.012724 11.708569 11.264818 10.613512 9.781330 8.736377 7.666923 7.109276 8.376464 9.582993 10.533934 11.211586 11.705487 12.000726 12.164585 12.157040 12.028657 11.724589 11.279780 10.628083 9.794414 8.748526 7.677288 7.118805 8.385886 9.592781 10.543225 11.220731 11.713744 12.008463 12.171206 12.162853 12.033225 11.728120 11.282021 10.629129 9.794222 8.747077 7.674708 7.114790 8.380316 9.585336 10.534562 11.210408 11.702617 11.995942 12.158294 12.148872 12.019271 11.713485 11.267840 10.614740 9.780751 8.733957 7.662832 7.103085 8.367870 9.571605 10.520560 11.195695 11.688133 11.981174 12.144092 12.134734 12.005962 11.700562 11.255975 10.603580 9.770875 8.725118 7.655410 7.096569 8.361529 9.565289 10.514600 11.190063 11.683066 11.976651 12.140286 12.131664 12.003767 11.699318 11.255796 10.604607 9.773203 8.728989 7.661091 7.105050 8.374707 9.584003 10.539140 11.221562 11.722022 12.024766 12.198228 12.201676 12.086550 11.797508 11.369819 10.737121 9.924047 8.901528 7.859511 7.351563 8.720160 10.039528 11.105350 11.908561 12.533272 12.975590 13.293694 13.459702 13.510960 13.404862 13.157897 12.714689 12.078509 11.242064 10.427312 10.388869 12.864764 15.367854 17.606934 19.619213 21.486094 23.262939 25.000000 
25.000000 24.283804 23.563147 22.827993 22.079033 21.300438 20.497232 19.647619 18.759695 17.805691 16.795921 15.699600 14.536453 13.297719 12.071687 11.001421 10.442071 10.700357 11.230959 11.727464 12.136806 12.400652 12.560948 12.578832 12.502342 12.286210 11.975704 11.522411 10.974979 10.305788 9.617880 9.017624 8.832900 9.313005 10.006353 10.634149 11.167460 11.541061 11.807493 11.918679 11.931480 11.792994 11.556306 11.167068 10.680454 10.064221 9.425911 8.867127 8.716165 9.216840 9.925907 10.565708 11.110077 11.492714 11.767615 11.885714 11.904921 11.771650 11.539743 11.154439 10.671394 10.058180 9.422567 8.866144 8.717170 9.219590 9.930048 10.571273 11.116714 11.500589 11.776314 11.895497 11.915298 11.782975 11.551448 11.166956 10.684086 10.071563 9.435977 8.880293 8.731612 9.235531 9.946746 10.589513 11.135357 11.520464 11.796125 11.916144 11.935408 11.803474 11.570949 11.186378 10.702102 10.089054 9.451790 8.895359 8.745244 9.249002 9.959320 10.601872 11.146617 11.531178 11.805510 11.924652 11.942411 11.809297 11.575161 11.189152 10.703237 10.088553 9.449693 8.891459 8.739746 9.241390 9.950140 10.590598 11.134148 11.516843 11.790440 11.908050 11.925556 11.791310 11.557390 11.170686 10.685406 10.070447 9.432499 8.874163 8.723055 9.223840 9.932563 10.572183 11.115975 11.498197 11.772372 11.889887 11.908276 11.774299 11.541517 11.155414 10.671468 10.057385 9.420862 8.863488 8.713531 9.214794 9.924184 10.564238 11.108739 11.491543 11.766533 11.884808 11.904149 11.771151 11.539517 11.154681 10.672174 10.059784 9.425212 8.870369 8.723615 9.229393 9.943921 10.590255 11.141578 11.532800 11.816936 11.946582 11.978240 11.860498 11.645287 11.280658 10.819954 10.234783 9.631401 9.119595 9.031120 9.623384 10.435979 11.194659 11.863990 12.389385 12.814450 13.105080 13.305698 13.380116 13.365553 13.227454 13.004313 12.693337 12.402480 12.310029 12.820636 14.309469 16.144257 18.012121 19.833576 21.591816 23.307846 25.000000 
25.000000 24.270309 23.533913 22.789822 22.025661 21.245974 20.433054 19.596699 18.714819 17.802855 16.837440 15.844177 14.810375 13.792743 12.828150 12.056705 11.595966 11.557510 11.727464 11.984580 12.201612 12.377661 12.450533 12.458215 12.350547 12.175407 11.885475 11.535830 11.091080 10.629893 10.162766 9.836332 9.733521 9.972353 10.351654 10.786257 11.150127 11.460641 11.648520 11.763724 11.748325 11.659739 11.443954 11.163845 10.778580 10.372803 9.952399 9.667703 9.597336 9.861979 10.260197 10.710870 11.087272 11.409039 11.605915 11.729309 11.720506 11.637918 11.427012 11.151319 10.769732 10.367250 9.949704 9.667501 9.599396 9.865900 10.265947 10.718050 11.096027 11.418912 11.617178 11.741418 11.733849 11.651861 11.442063 11.166768 10.786214 10.384004 9.967528 9.685640 9.618905 9.886016 10.287770 10.740406 11.119971 11.442988 11.642483 11.766335 11.759512 11.676594 11.467017 11.190304 10.809485 10.405516 9.988443 9.704734 9.637420 9.903025 10.304362 10.755555 11.134510 11.455929 11.654486 11.776551 11.768430 11.683565 11.472342 11.193585 10.810813 10.404780 9.985500 9.699765 9.630014 9.893664 10.292441 10.741975 11.118514 11.438754 11.635221 11.756666 11.746889 11.661968 11.449566 11.171244 10.787729 10.382463 9.962712 9.677773 9.607435 9.871497 10.269429 10.719325 11.095204 11.416055 11.612225 11.734602 11.724944 11.641265 11.429380 11.152542 10.769864 10.366200 9.947453 9.664025 9.594581 9.859795 10.258395 10.709262 11.085826 11.407647 11.604626 11.728066 11.719414 11.636971 11.426373 11.151048 10.770074 10.368382 9.952026 9.671422 9.605641 9.875200 10.279285 10.736246 11.120387 11.450531 11.657927 11.792800 11.798494 11.731805 11.540968 11.287478 10.934075 10.563658 10.187984 9.956295 9.956491 10.306239 10.808864 11.373281 11.882419 12.345797 12.707389 13.006448 13.202106 13.338237 13.382203 13.382038 13.325686 13.288034 13.322308 13.589683 14.245135 15.408215 16.866522 18.463711 20.097942 21.739742 23.372114 25.000000 
