25.000000 25.000000 25.000000 25.000000 25.000000 25.000000 25.000000 25.000000 25.000000 25.000000 25.000000 25.000000 25.000000 25.000000 25.000000 25.000000 25.000000 25.000000 25.000000 25.000000 25.000000 25.000000 25.000000 25.000000 25.000000 25.000000 25.000000 25.000000 25.000000 25.000000 25.000000 25.000000 25.000000 25.000000 25.000000 25.000000 25.000000 25.000000 25.000000 25.000000 25.000000 25.000000 25.000000 25.000000 25.000000 25.000000 25.000000 25.000000 25.000000 25.000000 25.000000 25.000000 25.000000 25.000000 25.000000 25.000000 25.000000 25.000000 25.000000 25.000000 25.000000 25.000000 25.000000 25.000000 25.000000 25.000000 25.000000 25.000000 25.000000 25.000000 25.000000 25.000000 25.000000 25.000000 25.000000 25.000000 25.000000 25.000000 25.000000 25.000000 25.000000 25.000000 25.000000 25.000000 25.000000 25.000000 25.000000 25.000000 25.000000 25.000000 25.000000 25.000000 25.000000 25.000000 25.000000 25.000000 25.000000 25.000000 25.000000 25.000000 25.000000 25.000000 25.000000 25.000000 25.000000 25.000000 25.000000 25.000000 25.000000 25.000000 25.000000 25.000000 25.000000 25.000000 25.000000 25.000000 25.000000 25.000000 25.000000 25.000000 25.000000 25.000000 25.000000 25.000000 25.000000 25.000000 25.000000 25.000000 25.000000 25.000000 25.000000 25.000000 25.000000 25.000000 25.000000 25.000000 25.000000 25.000000 25.000000 25.000000 25.000000 25.000000 25.000000 25.000000 25.000000 25.000000 25.000000 25.000000 25.000000 25.000000 25.000000 25.000000 25.000000 25.000000 25.000000 25.000000 25.000000 25.000000 25.000000 25.000000 25.000000 25.000000 25.000000 25.000000 25.000000 25.000000 25.000000 25.000000 25.000000 25.000000 25.000000 25.000000 25.000000 25.000000 25.000000 25.000000 25.000000 25.000000 25.000000 25.000000 25.000000 25.000000 25.000000 25.000000 25.000000 25.000000 25.000000 25.000000 25.000000 25.000000 25.000000 25.000000 25.000000 25.000000 25.000000 25.000000 25.000000 25.000000 25.000000 25.000000 
25.000000 24.946192 24.892288 24.838402 24.784306 24.730389 24.676371 24.622972 24.569923 24.518311 24.467882 24.420044 24.374483 24.332750 24.294264 24.260477 24.230297 24.204884 24.182554 24.164219 24.147772 24.134115 24.121027 24.109680 24.097996 24.087564 24.076565 24.066984 24.057188 24.049391 24.041939 24.037008 24.032684 24.030910 24.029406 24.029886 24.029816 24.030878 24.030521 24.030622 24.028820 24.027304 24.024000 24.021381 24.017593 24.015224 24.012449 24.011715 24.011005 24.012430 24.013695 24.016573 24.018627 24.021461 24.022755 24.024145 24.023661 24.023069 24.020859 24.018875 24.016033 24.014069 24.012133 24.011606 24.011642 24.013102 24.015013 24.017776 24.020350 24.022943 24.024605 24.025665 24.025377 24.024412 24.022221 24.019876 24.016886 24.014624 24.012403 24.011686 24.011345 24.012751 24.014233 24.017084 24.019230 24.022041 24.023312 24.024691 24.024076 24.023489 24.021048 24.019098 24.015932 24.014044 24.011711 24.011316 24.010906 24.012566 24.014009 24.017044 24.019161 24.022091 24.023335 24.024775 24.024128 24.023558 24.021074 24.019112 24.015894 24.013971 24.011580 24.011141 24.010666 24.012278 24.013655 24.016647 24.018700 24.021595 24.022781 24.024199 24.023500 24.022921 24.020395 24.018433 24.015182 24.013264 24.010841 24.010410 24.009909 24.011532 24.012884 24.015888 24.017921 24.020834 24.022011 24.023457 24.022762 24.022221 24.019712 24.017797 24.014578 24.012716 24.010336 24.009970 24.009518 24.011215 24.012634 24.015728 24.017851 24.020876 24.022175 24.023769 24.023249 24.022909 24.020645 24.019012 24.016134 24.014664 24.012758 24.012930 24.013132 24.015560 24.017868 24.021952 24.025274 24.029634 24.032551 24.035950 24.037609 24.039719 24.040401 24.042086 24.043180 24.046177 24.049582 24.055689 24.062878 24.073065 24.084412 24.098482 24.113354 24.130457 24.148058 24.167696 24.188061 24.210932 24.235516 24.263786 24.295353 24.332142 24.373880 24.422064 24.476185 24.536997 24.603567 24.675844 24.752556 24.833023 24.915861 25.000000 
25.000000 24.892288 24.784555 24.676449 24.568430 24.459957 24.352118 24.244331 24.138411 24.033846 23.933176 23.835918 23.745134 23.660065 23.583830 23.514868 23.455824 23.403913 23.361113 23.323507 23.292749 23.264368 23.240311 23.216196 23.194735 23.172035 23.151709 23.130388 23.112377 23.094532 23.081354 23.069399 23.062817 23.057432 23.056822 23.056091 23.058495 23.058847 23.060585 23.058748 23.057346 23.051968 23.047298 23.039507 23.033737 23.026457 23.022799 23.019043 23.019772 23.020693 23.025606 23.029696 23.036205 23.040266 23.045017 23.046097 23.046873 23.043871 23.040737 23.034960 23.030216 23.024708 23.021654 23.019480 23.020451 23.022766 23.027597 23.032860 23.039007 23.043964 23.048134 23.049780 23.049837 23.047045 23.043158 23.037241 23.031822 23.025867 23.022310 23.019455 23.020170 23.021662 23.026522 23.030912 23.037369 23.041494 23.046206 23.047131 23.047895 23.044527 23.041426 23.035088 23.030445 23.024208 23.021355 23.018328 23.019621 23.021015 23.026312 23.030643 23.037395 23.041473 23.046358 23.047226 23.048063 23.044622 23.041519 23.035088 23.030394 23.024044 23.021109 23.017956 23.019154 23.020412 23.025616 23.029814 23.036486 23.040438 23.045263 23.046022 23.046825 23.043293 23.040180 23.033676 23.028986 23.022575 23.019653 23.016443 23.017658 23.018864 23.024088 23.028240 23.034941 23.038862 23.043734 23.044485 23.045355 23.041843 23.038818 23.032360 23.027779 23.021441 23.018641 23.015524 23.016878 23.018202 23.023588 23.027891 23.034790 23.038919 23.044046 23.045088 23.046305 23.043200 23.040651 23.034769 23.030849 23.025314 23.023430 23.021425 23.024031 23.026873 23.033955 23.040314 23.049500 23.056396 23.064610 23.069376 23.074764 23.076693 23.079802 23.080725 23.084459 23.088076 23.096455 23.106600 23.122753 23.141455 23.166098 23.192827 23.224476 23.257282 23.294079 23.331766 23.373611 23.417534 23.467344 23.521976 23.585484 23.657396 23.741316 23.836630 23.945681 24.067064 24.201427 24.346476 24.501352 24.663286 24.830423 25.000000 
25.000000 24.838402 24.676449 24.514404 24.351521 24.188892 24.025621 23.863827 23.702690 23.545488 23.391588 23.245321 23.106012 22.978544 22.861483 22.759338 22.668997 22.593836 22.528688 22.475948 22.429035 22.390299 22.352879 22.320057 22.285570 22.254129 22.220411 22.190481 22.159737 22.135008 22.111683 22.096415 22.083672 22.079178 22.076059 22.079157 22.080706 22.085423 22.085529 22.086428 22.081057 22.075901 22.064907 22.055563 22.042616 22.033981 22.024542 22.021730 22.019712 22.024700 22.029783 22.039974 22.047792 22.057735 22.062708 22.067415 22.065931 22.063507 22.055748 22.048294 22.038149 22.030725 22.023781 22.021605 22.021812 22.026926 22.033941 22.043800 22.053177 22.062408 22.068476 22.072193 22.071285 22.067728 22.060009 22.051449 22.040842 22.032497 22.024679 22.021902 22.020956 22.025875 22.031595 22.041695 22.049778 22.059645 22.064545 22.069204 22.067326 22.064899 22.056444 22.049065 22.037949 22.030724 22.022585 22.020773 22.019644 22.025326 22.030941 22.041588 22.049603 22.059814 22.064642 22.069477 22.067505 22.065123 22.056541 22.049114 22.037840 22.030508 22.022184 22.020233 22.018898 22.024433 22.029839 22.040350 22.048161 22.058266 22.062910 22.067675 22.065550 22.063137 22.054432 22.047005 22.035631 22.028315 22.019903 22.017975 22.016556 22.022116 22.027443 22.037987 22.045738 22.055895 22.060509 22.065355 22.063240 22.060946 22.052292 22.045017 22.033735 22.026598 22.018312 22.016582 22.015324 22.021107 22.026634 22.037443 22.045456 22.055944 22.060923 22.066212 22.064606 22.062916 22.054983 22.048546 22.038277 22.032299 22.025425 22.025293 22.025974 22.033932 22.042093 22.055834 22.067392 22.081827 22.091564 22.102169 22.106977 22.112482 22.113220 22.116543 22.117992 22.125202 22.134039 22.151501 22.172909 22.203899 22.238888 22.282244 22.328007 22.380110 22.433203 22.491673 22.551582 22.618244 22.689442 22.771290 22.862984 22.970640 23.093870 23.237459 23.400131 23.584154 23.786669 24.007277 24.241934 24.488344 24.742159 25.000000 
25.000000 24.784306 24.568430 24.351521 24.134356 23.915724 23.697647 23.478905 23.263037 23.049129 22.842363 22.642170 22.455051 22.280155 22.124214 21.984688 21.866985 21.765566 21.683859 21.613554 21.557142 21.505157 21.460844 21.415203 21.373356 21.327639 21.285324 21.240160 21.201082 21.162544 21.133951 21.109070 21.096273 21.087383 21.089071 21.091263 21.099743 21.103785 21.109673 21.107346 21.104527 21.092558 21.080820 21.062138 21.047087 21.029327 21.019480 21.010752 21.012342 21.015841 21.028357 21.039978 21.056471 21.067743 21.079500 21.082857 21.084288 21.076958 21.068235 21.053503 21.040485 21.026211 21.017590 21.011986 21.014097 21.020367 21.032761 21.046717 21.062519 21.075565 21.086176 21.090641 21.090626 21.083687 21.073423 21.058378 21.043953 21.028749 21.019054 21.012058 21.013592 21.018188 21.030581 21.042784 21.059155 21.070549 21.082207 21.085249 21.086622 21.078560 21.069853 21.054001 21.041124 21.025398 21.017103 21.009804 21.012489 21.016924 21.030184 21.042292 21.059250 21.070562 21.082558 21.085493 21.087002 21.078793 21.070070 21.054026 21.041033 21.025070 21.016596 21.009027 21.011509 21.015654 21.028713 21.040533 21.057318 21.068361 21.080231 21.082939 21.084377 21.075981 21.067242 21.051050 21.038073 21.021990 21.013546 21.005861 21.008375 21.012405 21.025497 21.037214 21.054050 21.065023 21.076981 21.079668 21.081245 21.072889 21.064339 21.048248 21.035501 21.019569 21.011387 21.003895 21.006693 21.010958 21.024372 21.036388 21.053614 21.064993 21.077454 21.080706 21.082964 21.075407 21.067793 21.052830 21.041388 21.027035 21.020655 21.015352 21.020618 21.027876 21.044630 21.060678 21.082386 21.099165 21.117634 21.128128 21.138479 21.140686 21.144043 21.142296 21.145754 21.149265 21.162987 21.181547 21.213470 21.251965 21.303301 21.359404 21.425186 21.492678 21.566940 21.641554 21.722797 21.806648 21.900888 22.003948 22.124519 22.262568 22.426065 22.614599 22.833225 23.079306 23.353813 23.651741 23.970762 24.304855 24.649870 25.000000 
25.000000 24.730389 24.459957 24.188892 23.915724 23.642000 23.366032 23.091110 22.815836 22.545628 22.279783 22.025946 21.783939 21.562813 21.361479 21.188215 21.038494 20.917585 20.816301 20.737267 20.668432 20.612343 20.556829 20.506556 20.450974 20.397745 20.338509 20.283749 20.226900 20.180136 20.137148 20.109638 20.089199 20.085003 20.085342 20.097073 20.106512 20.120289 20.124956 20.128738 20.119873 20.108940 20.086390 20.064995 20.037096 20.016592 19.996298 19.989147 19.986214 19.997448 20.011093 20.034281 20.053823 20.076010 20.088491 20.098402 20.095798 20.089281 20.071964 20.053659 20.030317 20.011829 19.995615 19.989569 19.990318 20.001820 20.018686 20.041368 20.063501 20.084528 20.098810 20.107075 20.105391 20.096952 20.079651 20.059420 20.035254 20.015123 19.997400 19.990240 19.989004 20.000090 20.014748 20.037767 20.057735 20.079769 20.092125 20.101912 20.098650 20.092062 20.073584 20.055315 20.030359 20.012089 19.993898 19.988338 19.986856 19.999203 20.013737 20.037655 20.057537 20.080133 20.092384 20.102448 20.099031 20.092501 20.073805 20.055435 20.030203 20.011728 19.993208 19.987389 19.985537 19.997610 20.011763 20.035427 20.054941 20.077335 20.089264 20.099199 20.095516 20.088932 20.070030 20.051668 20.026272 20.007839 19.989172 19.983397 19.981394 19.993502 20.007502 20.031210 20.050598 20.073072 20.084929 20.095005 20.091331 20.084963 20.066154 20.048071 20.022842 20.004734 19.986290 19.980865 19.979134 19.991619 20.005945 20.030087 20.049902 20.072918 20.085361 20.096157 20.093309 20.087923 20.070282 20.053562 20.029980 20.013765 19.997625 19.994814 19.996254 20.012297 20.030920 20.059837 20.085398 20.114784 20.134890 20.154205 20.161619 20.167719 20.163935 20.162830 20.158062 20.163103 20.172405 20.198214 20.233475 20.287174 20.349640 20.426870 20.508057 20.598465 20.688530 20.784796 20.880589 20.984655 21.093870 21.219086 21.360291 21.529037 21.726412 21.961639 22.233580 22.546026 22.893778 23.275108 23.682276 24.110443 24.551722 25.000000 
25.000000 24.676371 24.352118 24.025621 23.697647 23.366032 23.033365 22.697550 22.363565 22.030134 21.705198 21.388845 21.091948 20.815266 20.570671 20.356401 20.181192 20.036755 19.926495 19.836164 19.766977 19.703074 19.647572 19.586308 19.526239 19.456184 19.387215 19.311218 19.242636 19.175318 19.124868 19.084051 19.065876 19.058443 19.070219 19.084900 19.108934 19.125065 19.141106 19.141556 19.137251 19.115601 19.090727 19.053129 19.019564 18.982655 18.959694 18.942564 18.945427 18.956030 18.983480 19.011744 19.047277 19.073755 19.098192 19.106781 19.108587 19.093611 19.073120 19.041239 19.010687 18.978861 18.957773 18.945301 18.948992 18.963858 18.991110 19.022984 19.057430 19.086586 19.109285 19.119503 19.119108 19.104687 19.081770 19.049372 19.016531 18.983234 18.960361 18.945665 18.948372 18.960531 18.987772 19.016872 19.052200 19.078854 19.103102 19.111219 19.112860 19.096792 19.076204 19.042652 19.012154 18.978161 18.957390 18.942329 18.946754 18.958748 18.987272 19.016287 19.052473 19.079037 19.103762 19.111734 19.113550 19.097258 19.076614 19.042757 19.012051 18.977676 18.956598 18.941095 18.945169 18.956682 18.984861 19.013393 19.049282 19.075403 19.099916 19.107517 19.109222 19.092640 19.071983 19.037909 19.007250 18.972698 18.951685 18.936005 18.940121 18.951435 18.979643 19.007980 19.043926 19.069904 19.094545 19.102095 19.104021 19.087503 19.067162 19.033260 19.002989 18.968695 18.948109 18.932735 18.937298 18.948965 18.977650 19.006422 19.042934 19.069496 19.094868 19.103233 19.106150 19.090786 19.071810 19.039541 19.011169 18.979176 18.961227 18.949062 18.957251 18.973303 19.006880 19.041531 19.084549 19.118906 19.152903 19.171616 19.186045 19.184544 19.181128 19.167650 19.160540 19.154188 19.165297 19.187838 19.235022 19.296879 19.381191 19.474449 19.581692 19.689541 19.803909 19.914524 20.030094 20.144852 20.270845 20.407150 20.568512 20.757574 20.988895 21.264534 21.593420 21.971907 22.400162 22.868971 23.372786 23.901094 24.446571 25.000000 
25.000000 24.622972 24.244331 23.863827 23.478905 23.091110 22.697550 22.302156 21.902613 21.506145 21.112215 20.732288 20.368334 20.035627 19.736538 19.485525 19.278458 19.121748 19.000378 18.913918 18.842218 18.785404 18.724665 18.664860 18.591024 18.513538 18.421770 18.331272 18.235449 18.153631 18.080853 18.035818 18.009123 18.012671 18.028740 18.063362 18.095016 18.129911 18.147974 18.159098 18.146803 18.125422 18.082668 18.037104 17.980547 17.934534 17.892786 17.875555 17.872660 17.897028 17.930908 17.980755 18.025759 18.071743 18.100107 18.119337 18.115339 18.099867 18.064100 18.022745 17.972324 17.929132 17.893063 17.877392 17.880022 17.904573 17.943541 17.992239 18.041210 18.085218 18.116184 18.132963 18.130310 18.111965 18.076292 18.031916 17.980314 17.934486 17.896076 17.878664 17.877972 17.902090 17.937319 17.986923 18.032513 18.078255 18.106453 18.125431 18.120527 18.104816 18.067438 18.025938 17.973267 17.930147 17.891193 17.876040 17.875122 17.900978 17.936127 17.986956 18.032484 18.078974 18.107056 18.126379 18.121262 18.105587 18.067888 18.026199 17.973108 17.929653 17.890192 17.874617 17.873121 17.898527 17.933067 17.983480 18.028425 18.074589 18.102161 18.121284 18.115765 18.100023 18.062035 18.020390 17.967087 17.923725 17.884069 17.868567 17.866838 17.892269 17.926538 17.976971 18.021677 18.067926 18.095360 18.114683 18.109167 18.093758 18.055923 18.014727 17.961702 17.918861 17.879560 17.864594 17.863256 17.889223 17.923937 17.974957 18.020226 18.067204 18.095415 18.115707 18.111294 18.097212 18.060942 18.021582 17.970772 17.930494 17.894316 17.882914 17.885908 17.916742 17.957312 18.014818 18.067839 18.123348 18.161745 18.193281 18.202333 18.203251 18.185059 18.166084 18.139965 18.127794 18.125586 18.152802 18.201784 18.284105 18.384624 18.508026 18.636463 18.774080 18.905874 19.039282 19.164623 19.293800 19.423445 19.570147 19.736982 19.943842 20.197216 20.514172 20.896072 21.348013 21.860622 22.427826 23.035604 23.674574 24.332405 25.000000 
25.000000 24.569923 24.138411 23.702690 23.263037 22.815836 22.363565 21.902613 21.438585 20.969345 20.505226 20.047678 19.613474 19.208551 18.854324 18.555050 18.325361 18.153769 18.039352 17.957254 17.902575 17.850176 17.800823 17.734526 17.659458 17.561291 17.455055 17.332203 17.214256 17.098064 17.009090 16.943903 16.922125 16.928207 16.968708 17.017603 17.077841 17.123461 17.161757 17.171329 17.165390 17.127771 17.077316 17.003548 16.930796 16.854141 16.801001 16.766628 16.771988 16.801069 16.861309 16.927132 17.001610 17.060013 17.108706 17.128387 17.130110 17.100866 17.056007 16.989487 16.920675 16.850727 16.800055 16.772690 16.778738 16.815269 16.873924 16.946167 17.017553 17.080236 17.125648 17.147844 17.146166 17.118097 17.069376 17.002474 16.929825 16.857725 16.804174 16.772764 16.777760 16.808779 16.868748 16.935669 17.009888 17.068548 17.116936 17.136019 17.137381 17.106709 17.061497 16.992762 16.923729 16.850698 16.800211 16.768463 16.775774 16.806715 16.868347 16.935255 17.010559 17.069157 17.118120 17.137026 17.138557 17.107573 17.062227 16.993052 16.923676 16.850086 16.799120 16.766705 16.773462 16.803663 16.864740 16.930902 17.005732 17.063648 17.112282 17.130632 17.132008 17.100616 17.055283 16.985838 16.916590 16.842802 16.791969 16.759321 16.766123 16.795996 16.857048 16.922853 16.997696 17.055344 17.104120 17.122370 17.124062 17.092773 17.047926 16.978769 16.910133 16.836760 16.786585 16.754393 16.761826 16.792162 16.853838 16.920177 16.995737 17.054108 17.103815 17.123091 17.126047 17.096214 17.053106 16.986015 16.919796 16.849354 16.802572 16.774523 16.786674 16.822718 16.890757 16.964691 17.048594 17.116863 17.177410 17.209570 17.226721 17.213879 17.189741 17.145582 17.105419 17.066729 17.056431 17.072624 17.135189 17.230877 17.365150 17.515263 17.682030 17.844170 18.006203 18.153164 18.295303 18.425106 18.558973 18.698017 18.865416 19.071089 19.341949 19.688978 20.128675 20.656137 21.266489 21.941284 22.667231 23.426796 24.208471 25.000000 
25.000000 24.518311 24.033846 23.545488 23.049129 22.545628 22.030134 21.506145 20.969345 20.427423 19.879213 19.339724 18.815008 18.330780 17.900938 17.554991 17.295813 17.128611 17.025290 16.973175 16.937626 16.911903 16.868979 16.812958 16.724699 16.617113 16.477924 16.328226 16.163944 16.015280 15.885872 15.808574 15.778890 15.809325 15.870708 15.960492 16.044392 16.124311 16.172356 16.199036 16.183331 16.142881 16.063181 15.968822 15.853533 15.749948 15.659778 15.617435 15.617278 15.673043 15.755687 15.863397 15.962901 16.055773 16.115908 16.152189 16.146366 16.113075 16.041809 15.952675 15.845088 15.745054 15.663362 15.622514 15.633216 15.686871 15.780875 15.882697 15.990335 16.076794 16.141569 16.172810 16.169909 16.131664 16.061769 15.967052 15.858323 15.753393 15.667207 15.623926 15.626342 15.681713 15.766045 15.873528 15.973832 16.066410 16.126387 16.162237 16.155296 16.121471 16.048157 15.958496 15.847793 15.747499 15.660637 15.620705 15.623024 15.680644 15.765030 15.874004 15.974329 16.067780 16.127647 16.163853 16.156633 16.122766 16.049009 15.959022 15.847725 15.746916 15.659321 15.618744 15.620202 15.677116 15.760577 15.868893 15.968330 16.061270 16.120378 16.156286 16.148495 16.114559 16.040436 15.950582 15.839076 15.738492 15.650706 15.610264 15.611379 15.668247 15.751227 15.859451 15.958446 16.051420 16.110270 16.146429 16.138630 16.105186 16.031319 15.942160 15.831121 15.731347 15.644126 15.604466 15.606112 15.663672 15.747169 15.856099 15.955743 16.049597 16.109371 16.146719 16.140249 16.108427 16.036442 15.949515 15.841147 15.744499 15.661099 15.625875 15.632946 15.696648 15.787505 15.904548 16.013773 16.118055 16.190111 16.240828 16.250185 16.235764 16.184608 16.121056 16.041140 15.977245 15.934233 15.946054 16.010342 16.139038 16.305738 16.505819 16.709051 16.914339 17.099609 17.271852 17.417994 17.552330 17.671244 17.797520 17.940197 18.133141 18.398094 18.771105 19.264057 19.881365 20.601271 21.403589 22.261284 23.156910 24.073372 25.000000 
25.000000 24.467882 23.933176 23.391588 22.842363 22.279783 21.705198 21.112215 20.505226 19.879213 19.244476 18.602415 17.976057 17.382166 16.863657 16.449598 16.174288 16.018431 15.960023 15.948589 15.962847 15.964374 15.950226 15.895297 15.809269 15.675136 15.511302 15.309082 15.098017 14.883467 14.710544 14.595517 14.575533 14.628217 14.744302 14.876276 15.014913 15.122474 15.204296 15.233648 15.225964 15.161724 15.063588 14.920261 14.764343 14.598714 14.470308 14.393271 14.405895 14.485344 14.623757 14.774530 14.928885 15.050616 15.144087 15.184895 15.186059 15.131518 15.040041 14.905396 14.754276 14.598204 14.472507 14.409846 14.420846 14.519895 14.648765 14.816439 14.956911 15.088271 15.170951 15.217482 15.211205 15.161133 15.061760 14.928699 14.769217 14.609450 14.478088 14.404328 14.415785 14.497525 14.635699 14.787934 14.942106 15.064271 15.157332 15.197477 15.197989 15.141712 15.049432 14.911839 14.759959 14.598376 14.472797 14.398784 14.413684 14.495572 14.635794 14.788170 14.943576 15.065739 15.159398 15.199334 15.199937 15.143239 15.050676 14.912476 14.760063 14.597706 14.471418 14.396456 14.410506 14.491289 14.630636 14.781882 14.936543 15.057690 15.150844 15.189974 15.190363 15.133127 15.040649 14.902180 14.750078 14.587607 14.461637 14.386431 14.400503 14.480713 14.619846 14.770425 14.924945 15.045596 15.138869 15.177812 15.178638 15.121561 15.029823 14.891836 14.740704 14.578932 14.453983 14.379466 14.394382 14.475130 14.614972 14.766111 14.921445 15.042898 15.137270 15.177399 15.179728 15.124345 15.034648 14.899043 14.750717 14.592340 14.471392 14.401831 14.422527 14.510311 14.658014 14.818433 14.983844 15.117065 15.224107 15.279048 15.297379 15.260853 15.191838 15.081038 14.960807 14.837150 14.757174 14.739230 14.821060 14.982674 15.212927 15.467495 15.733994 15.979703 16.206018 16.393244 16.552473 16.673719 16.776134 16.862173 16.964697 17.108002 17.346174 17.721497 18.275072 18.995390 19.853634 20.804861 21.817402 22.863373 23.928108 25.000000 
25.000000 24.420044 23.835918 23.245321 22.642170 22.025946 21.388845 20.732288 20.047678 19.339724 18.602415 17.849400 17.088139 16.358168 15.703550 15.205458 14.912418 14.810802 14.823675 14.898312 14.973468 15.032519 15.042346 15.008737 14.910439 14.762858 14.550995 14.298781 14.003734 13.710027 13.445786 13.287418 13.267255 13.383704 13.567768 13.785389 13.979998 14.146358 14.250549 14.305260 14.286424 14.214382 14.071054 13.884129 13.648228 13.409942 13.194449 13.078867 13.093225 13.237673 13.444236 13.680447 13.891241 14.071225 14.188388 14.253662 14.245826 14.181996 14.048368 13.867640 13.641878 13.407808 13.208449 13.093347 13.136690 13.270999 13.510414 13.722371 13.954541 14.109921 14.238003 14.288090 14.289037 14.213924 14.087091 13.893289 13.667279 13.421388 13.210319 13.090602 13.107668 13.251275 13.460031 13.696255 13.908248 14.087998 14.205125 14.269744 14.260635 14.195805 14.059593 13.877641 13.646687 13.411654 13.199604 13.086476 13.103834 13.250667 13.459760 13.697703 13.909855 14.090505 14.207537 14.272427 14.262952 14.197913 14.061096 13.878609 13.646855 13.411077 13.198038 13.083970 13.100078 13.245804 13.453495 13.690398 13.901217 14.081078 14.196997 14.261442 14.251169 14.186076 14.048834 13.866673 13.634844 13.399623 13.186588 13.072836 13.088431 13.233860 13.440618 13.677115 13.887105 14.066851 14.182302 14.247046 14.236747 14.172370 14.035546 13.854471 13.623449 13.389544 13.177482 13.064911 13.081193 13.227386 13.434613 13.671829 13.882459 14.063186 14.179660 14.245788 14.236999 14.174496 14.039785 13.861217 13.633129 13.402687 13.194894 13.087470 13.110259 13.263998 13.480223 13.727270 13.949293 14.142200 14.272737 14.353827 14.362369 14.318385 14.205335 14.050418 13.850842 13.653340 13.487714 13.432604 13.523489 13.757648 14.068053 14.417217 14.752482 15.064436 15.325264 15.542612 15.700522 15.813923 15.875729 15.910326 15.930232 15.987986 16.142767 16.493624 17.108669 17.971483 19.005571 20.144817 21.335648 22.551067 23.774206 25.000000 
25.000000 24.374483 23.745134 23.106012 22.455051 21.783939 21.091948 20.368334 19.613474 18.815008 17.976057 17.088139 16.168926 15.240772 14.386917 13.736242 13.459127 13.465304 13.625564 13.820134 14.000193 14.119020 14.177900 14.153617 14.060888 13.880568 13.631039 13.297254 12.908111 12.474107 12.075151 11.808542 11.822362 12.037169 12.357673 12.680017 12.973318 13.192246 13.346255 13.408843 13.400033 13.296860 13.122005 12.857068 12.534272 12.160969 11.818259 11.598996 11.649695 11.891825 12.233749 12.573866 12.882318 13.115396 13.281491 13.356299 13.357285 13.264913 13.097788 12.843407 12.526483 12.168662 11.829146 11.642538 11.689446 11.985045 12.298520 12.682657 12.945978 13.200978 13.332930 13.421507 13.403450 13.324964 13.139907 12.892475 12.555129 12.189092 11.835066 11.618193 11.665107 11.909970 12.251885 12.594164 12.902772 13.136656 13.302278 13.376452 13.376370 13.281940 13.113252 12.854467 12.535560 12.166182 11.825789 11.609479 11.662860 11.908486 12.253090 12.595788 12.905687 13.139652 13.305774 13.379684 13.379500 13.284490 13.115275 12.855669 12.535978 12.165599 11.824248 11.606669 11.658756 11.902704 12.245904 12.586886 12.895622 13.128085 13.293437 13.366190 13.365704 13.269980 13.100979 12.841186 12.522211 12.152105 11.811641 11.594081 11.646039 11.888815 12.231229 12.570898 12.879135 13.110714 13.276111 13.348536 13.348645 13.253167 13.085277 12.826293 12.508884 12.140058 11.801338 11.584973 11.637969 11.881164 12.224153 12.564226 12.873265 13.105655 13.272295 13.346046 13.347892 13.254305 13.088694 12.832260 12.517820 12.152489 11.817965 11.607046 11.666983 11.918852 12.271550 12.622827 12.943799 13.189792 13.370757 13.460855 13.479828 13.405787 13.260654 13.027788 12.738768 12.404464 12.107707 11.949873 12.082616 12.427369 12.884399 13.351810 13.794261 14.171574 14.487967 14.724002 14.893064 14.980752 15.002517 14.951716 14.857909 14.753751 14.743277 14.988715 15.694494 16.767090 18.052343 19.427092 20.829302 22.227970 23.617647 25.000000 
25.000000 24.332750 23.660065 22.978544 22.280155 21.562813 20.815266 20.035627 19.208551 18.330780 17.382166 16.358168 15.240772 14.049076 12.848172 11.893465 11.700952 11.965724 12.366776 12.756470 13.057120 13.265465 13.362150 13.366941 13.262607 13.067486 12.758862 12.351083 11.822330 11.203137 10.539322 10.049236 10.143245 10.584932 11.108595 11.603678 11.999793 12.303035 12.489522 12.583786 12.563371 12.450942 12.219584 11.887716 11.430378 10.881111 10.282000 9.848617 9.979211 10.445176 10.986866 11.497268 11.907729 12.223969 12.423559 12.529074 12.520589 12.417513 12.197351 11.873121 11.429821 10.886371 10.314735 9.883416 10.080899 10.533683 11.152367 11.604881 12.059095 12.310699 12.530210 12.597597 12.609025 12.482304 12.279375 11.926943 11.483386 10.911692 10.314366 9.867906 10.000462 10.465121 11.010101 11.521255 11.933661 12.249880 12.449699 12.554267 12.544400 12.439600 12.215977 11.889054 11.436599 10.889703 10.293009 9.861003 9.995543 10.465417 11.011366 11.524489 11.937256 12.254266 12.453985 12.558597 12.548215 12.442909 12.218442 11.890675 11.437173 10.889293 10.291429 9.858230 9.990914 10.458955 11.002715 11.514183 11.924960 12.240767 12.438869 12.542812 12.531301 12.425937 12.200965 11.873841 11.420626 10.874137 10.277213 9.845206 9.976886 10.443633 10.985343 11.495656 11.904921 12.220345 12.417676 12.521976 12.510407 12.406064 12.181746 11.856286 11.404476 10.860270 10.265356 9.835529 9.967896 10.435022 10.976748 11.487537 11.897289 12.213758 12.412193 12.518105 12.508241 12.406039 12.184017 11.861224 11.412325 10.871409 10.280416 9.855707 9.995989 10.472818 11.025833 11.548627 11.971832 12.302352 12.516618 12.638950 12.647554 12.564231 12.363139 12.061272 11.635335 11.118005 10.556909 10.176538 10.400458 10.984788 11.660547 12.311340 12.870630 13.339611 13.700929 13.972344 14.138762 14.213490 14.176933 14.036102 13.775470 13.425824 13.072563 13.023462 13.902652 15.350031 17.001976 18.681906 20.321814 21.913864 23.466824 25.000000 
25.000000 24.294264 23.583830 22.861483 22.124214 21.361479 20.570671 19.736538 18.854324 17.900938 16.863657 15.703550 14.386917 12.848172 11.063231 9.269757 9.485491 10.306009 11.119347 11.751729 12.206355 12.488591 12.638294 12.651429 12.555112 12.328969 11.985838 11.488153 10.826992 9.942490 8.829761 7.675144 8.116447 9.015959 9.888092 10.585382 11.119129 11.485247 11.724983 11.825996 11.818669 11.676842 11.417569 10.999497 10.418220 9.612023 8.579658 7.500683 7.972660 8.886422 9.769989 10.479175 11.025290 11.404587 11.656636 11.770597 11.774250 11.644580 11.394753 10.990103 10.417512 9.632842 8.604770 7.565938 8.061053 9.086037 9.931939 10.720469 11.176322 11.586291 11.766144 11.901005 11.868517 11.765230 11.483714 11.090528 10.476848 9.674389 8.613523 7.527863 7.993534 8.911798 9.796894 10.509603 11.056540 11.437216 11.688699 11.802129 11.804101 11.671929 11.419114 11.007578 10.429591 9.626243 8.593517 7.514122 7.990966 8.911569 9.800124 10.513717 11.061876 11.442709 11.694425 11.807467 11.808979 11.675965 11.422221 11.009542 10.430431 9.625886 8.592158 7.511610 7.986221 8.904003 9.790203 10.501181 11.047565 11.426214 11.676782 11.788157 11.789197 11.655171 11.401747 10.988959 10.411223 9.607955 8.577096 7.499035 7.972098 8.886532 9.770318 10.478745 11.024034 11.401268 11.651807 11.762689 11.764542 11.630860 11.379022 10.967479 10.392205 9.591353 8.564106 7.489454 7.962929 8.876605 9.760152 10.468487 11.014468 11.392501 11.644496 11.756898 11.760814 11.629277 11.380011 10.971131 10.398762 9.600827 8.576513 7.505522 7.988393 8.914037 9.810276 10.532365 11.092491 11.486186 11.754353 11.884822 11.907149 11.795850 11.566349 11.177949 10.623255 9.840451 8.825356 7.770405 8.357870 9.421780 10.461639 11.331000 12.037289 12.583054 13.003771 13.294428 13.476133 13.529001 13.455610 13.216109 12.782034 12.083051 11.097684 10.117599 11.542615 13.719580 15.923620 17.970556 19.862179 21.635622 23.335779 25.000000 
25.000000 24.260477 23.514868 22.759338 21.984688 21.188215 20.356401 19.485525 18.555050 17.554991 16.449598 15.205458 13.736242 11.893465 9.269757 4.636844 6.646385 8.653476 10.025183 10.924744 11.493406 11.844252 12.011982 12.045368 11.936271 11.707441 11.326475 10.788695 10.017367 8.910068 7.131784 3.705130 5.602666 7.474359 8.803850 9.730623 10.360394 10.793823 11.049607 11.176510 11.157887 11.020118 10.725571 10.274360 9.587336 8.568890 6.889871 3.601427 5.493596 7.356983 8.687808 9.622565 10.263920 10.709987 10.979473 11.118925 11.113649 10.987125 10.706244 10.266294 9.599328 8.592462 6.937357 3.619859 5.647669 7.550357 9.007407 9.862517 10.555785 10.893117 11.178728 11.255230 11.276865 11.116894 10.860057 10.374985 9.698799 8.638215 6.946970 3.618045 5.517328 7.385166 8.722136 9.659141 10.303383 10.749591 11.019611 11.157643 11.150859 11.021427 10.735607 10.289456 9.607358 8.589622 6.908883 3.609273 5.513711 7.387435 8.726380 9.665394 10.310231 10.756931 11.026773 11.164428 11.156860 11.026423 10.739359 10.291849 9.608300 8.589285 6.907581 3.608360 5.508849 7.378941 8.714348 9.650805 10.292770 10.737719 11.005255 11.141905 11.132687 11.002067 10.714211 10.267564 9.584588 8.568283 6.890551 3.601135 5.495082 7.359485 8.690263 9.624354 10.263956 10.708302 10.974764 11.111914 11.102607 10.973376 10.686392 10.242049 9.561155 8.548582 6.875551 3.595113 5.486153 7.348180 8.677565 9.611648 10.251570 10.697144 10.964905 11.104051 11.096775 10.970131 10.685780 10.244429 9.566445 8.556546 6.884883 3.601424 5.507154 7.384604 8.729116 9.678002 10.333731 10.795485 11.081201 11.238770 11.251910 11.145611 10.882843 10.460875 9.799581 8.795156 7.103788 3.721836 5.813707 7.882800 9.402652 10.513710 11.330821 11.951525 12.402729 12.725445 12.910327 12.970757 12.872213 12.590679 12.030993 11.026652 9.102656 4.806634 8.421571 12.062050 14.995035 17.414518 19.515863 21.430662 23.238977 25.000000 
25.000000 24.230297 23.455824 22.668997 21.866985 21.038494 20.181192 19.278458 18.325361 17.295813 16.174288 14.912418 13.459127 11.700952 9.485491 6.646385 3.809731 7.613576 9.403163 10.395612 10.998276 11.343672 11.520014 11.538871 11.437160 11.194092 10.823926 10.280725 9.543715 8.513145 7.082179 5.110559 3.114726 6.442358 8.122320 9.128215 9.797990 10.229133 10.503090 10.618978 10.616207 10.466977 10.190156 9.735539 9.087735 8.145678 6.809319 4.939811 3.042877 6.326049 8.000577 9.013936 9.695939 10.141397 10.429527 10.560179 10.570569 10.435765 10.171843 9.736384 9.106954 8.202584 6.890290 5.073537 3.185374 6.659088 8.323778 9.424216 9.988217 10.445752 10.633364 10.777007 10.743878 10.639155 10.337575 9.905663 9.211899 8.261160 6.880121 4.989315 3.065160 6.363279 8.042707 9.060692 9.743768 10.190995 10.478186 10.608395 10.616183 10.478216 10.208645 9.761731 9.117433 8.178658 6.840811 4.968039 3.065352 6.366550 8.049415 9.068905 9.752929 10.200319 10.487258 10.616826 10.623567 10.484315 10.213149 9.764501 9.118384 8.177772 6.838384 4.964275 3.060469 6.356102 8.035257 9.051039 9.732582 10.176941 10.462241 10.589428 10.595382 10.454542 10.183554 9.734395 9.089749 8.150393 6.814748 4.945232 3.047089 6.331849 8.006177 9.018235 9.698407 10.140977 10.426374 10.552949 10.560028 10.419593 10.150652 9.702976 9.061430 8.125036 6.794194 4.930189 3.038276 6.317315 7.990123 9.001770 9.682860 10.126464 10.413783 10.542268 10.551971 10.414174 10.148432 9.703979 9.065948 8.132884 6.804990 4.943140 3.054156 6.354071 8.043522 9.071473 9.768878 10.230350 10.536128 10.685237 10.716045 10.601480 10.358484 9.937443 9.318993 8.400365 7.072780 5.193298 3.292307 6.866337 8.752436 9.956367 10.820740 11.453344 11.930157 12.258993 12.468954 12.539260 12.471795 12.216264 11.724599 10.870223 9.479649 7.365357 5.274983 11.104467 14.579952 17.170227 19.356094 21.328674 23.189470 25.000000 
25.000000 24.204884 23.403913 22.593836 21.765566 20.917585 20.036755 19.121748 18.153769 17.128611 16.018431 14.810802 13.465304 11.965724 10.306009 8.653476 7.613576 8.587935 9.547927 10.256263 10.721472 11.012147 11.141500 11.152943 11.032894 10.807841 10.448081 9.966561 9.320857 8.516618 7.539692 6.540203 5.999153 7.058027 8.072725 8.861920 9.422747 9.821613 10.058712 10.180076 10.163860 10.041375 9.777293 9.389816 8.832782 8.116617 7.224130 6.305417 5.826994 6.903093 7.930954 8.735291 9.312502 9.727962 9.981816 10.118679 10.118288 10.010130 9.763647 9.394818 8.871712 8.192095 7.374052 6.508301 6.150109 7.275229 8.424960 9.149491 9.746520 10.035051 10.276892 10.344685 10.364434 10.227897 9.998991 9.576602 9.016681 8.247861 7.332628 6.377314 5.884768 6.956571 7.987501 8.792678 9.372614 9.787679 10.042211 10.176891 10.174866 10.062118 9.808610 9.427187 8.876951 8.163114 7.273564 6.354253 5.878343 6.960880 7.996159 8.803631 9.384410 9.799455 10.053596 10.187228 10.183972 10.069444 9.814027 9.430357 8.877762 8.161524 7.269429 6.347738 5.868751 6.947453 7.978409 8.782668 9.359649 9.772337 10.023300 10.155459 10.149773 10.034718 9.777783 9.394638 8.841684 8.127207 7.236145 6.317074 5.838317 6.913852 7.940707 8.743102 9.317616 9.729989 9.979761 10.112751 10.106959 9.993705 9.737710 9.357285 8.806376 8.095583 7.207744 6.292984 5.816957 6.892519 7.919001 8.722264 9.297625 9.711892 9.963454 10.099110 10.095922 9.986023 9.733416 9.356989 8.810192 8.103960 7.220984 6.311938 5.844156 6.933947 7.976096 8.795421 9.388319 9.820841 10.092896 10.249934 10.270839 10.185719 9.960553 9.611369 9.093524 8.414492 7.560567 6.686251 6.288154 7.537787 8.751123 9.738557 10.504519 11.110935 11.567250 11.911399 12.131118 12.245520 12.227621 12.077969 11.755442 11.249985 10.563842 9.900157 9.990695 12.500885 15.042274 17.330341 19.404119 21.338470 23.188295 25.000000 
25.000000 24.182554 23.361113 22.528688 21.683859 20.816301 19.926495 19.000378 18.039352 17.025290 15.960023 14.823675 13.625564 12.366776 11.119347 10.025183 9.403163 9.547927 9.944345 10.321901 10.619201 10.797419 10.880899 10.850139 10.733632 10.506516 10.193994 9.768013 9.256534 8.648553 8.019767 7.474137 7.283656 7.676208 8.248631 8.772191 9.209455 9.518131 9.730053 9.818356 9.817754 9.697177 9.487767 9.156619 8.736856 8.213434 7.664986 7.189699 7.056216 7.484396 8.083938 8.630529 9.089232 9.418073 9.648745 9.755162 9.771022 9.667817 9.475910 9.170791 8.783913 8.322916 7.841594 7.487072 7.429905 7.998208 8.589902 9.182139 9.525319 9.821333 9.950724 10.048290 10.031477 9.950461 9.728496 9.407077 8.939513 8.389641 7.791264 7.291213 7.134696 7.557765 8.154146 8.702956 9.161350 9.491889 9.720871 9.826962 9.839092 9.732220 9.531441 9.210134 8.795296 8.278249 7.731798 7.260756 7.129029 7.563402 8.165901 8.717237 9.176213 9.506790 9.734776 9.839800 9.850018 9.741186 9.537819 9.213836 8.796000 8.275767 7.726133 7.251465 7.116239 7.546111 8.144838 8.691661 9.147515 9.474068 9.699814 9.801514 9.810463 9.699156 9.495529 9.170022 8.752909 8.232093 7.683865 7.208859 7.074077 7.501225 8.098548 8.642607 9.097902 9.422712 9.648995 9.750049 9.760560 9.649683 9.448550 9.124507 8.710700 8.192264 7.647851 7.175537 7.043808 7.471962 8.070868 8.615920 9.073271 9.399813 9.628840 9.732440 9.746419 9.638961 9.442076 9.122413 8.713751 8.200876 7.662955 7.198390 7.076519 7.517761 8.131420 8.693082 9.168059 9.514504 9.764605 9.892235 9.931585 9.853085 9.686580 9.401490 9.029194 8.558657 8.068709 7.668320 7.636246 8.210924 8.975688 9.702485 10.347817 10.877500 11.316487 11.648438 11.898582 12.047777 12.115189 12.081657 11.969203 11.786786 11.625568 11.665711 12.286753 13.855754 15.757919 17.696899 19.591568 21.428610 23.225243 25.000000 
25.000000 24.164219 23.323507 22.475948 21.613554 20.737267 19.836164 18.913918 17.957254 16.973175 15.948589 14.898312 13.820134 12.756470 11.751729 10.924744 10.395612 10.256263 10.321901 10.467797 10.591393 10.677425 10.685003 10.633080 10.492662 10.290596 10.000479 9.654962 9.237494 8.801292 8.368822 8.052922 7.938474 8.114515 8.420277 8.768751 9.065438 9.311393 9.461961 9.545523 9.527375 9.441780 9.257042 9.011974 8.685426 8.335157 7.979095 7.731927 7.673395 7.893776 8.234271 8.612586 8.935170 9.204637 9.376755 9.479930 9.480677 9.412914 9.249234 9.029814 8.746825 8.455167 8.199731 8.051612 8.137462 8.423195 8.848241 9.167423 9.459743 9.612602 9.738360 9.785303 9.793838 9.714080 9.555136 9.283988 8.936205 8.530485 8.137399 7.851103 7.774671 7.982977 8.322246 8.698961 9.023773 9.292015 9.465042 9.565171 9.564403 9.490380 9.318578 9.080836 8.763480 8.417210 8.067633 7.822586 7.769669 7.992152 8.338010 8.716989 9.042717 9.310141 9.482388 9.580520 9.577867 9.500986 9.326342 9.085119 8.764149 8.414021 8.060225 7.811098 7.753388 7.971603 8.312302 8.687373 9.008196 9.272522 9.440485 9.536527 9.530420 9.452516 9.275337 9.034081 8.711431 8.361987 8.006988 7.758543 7.699076 7.916871 8.254935 8.629503 8.948144 9.212765 9.379514 9.476867 9.470657 9.395071 9.218884 8.980811 8.660089 8.314393 7.961864 7.717112 7.659799 7.880347 8.219934 8.597012 8.917471 9.185013 9.354263 9.455190 9.452353 9.381151 9.209381 8.976688 8.661679 8.322719 7.977786 7.742053 7.695618 7.929071 8.283748 8.677345 9.016650 9.304430 9.496914 9.622739 9.648688 9.608383 9.472545 9.278758 9.009699 8.722184 8.440922 8.282039 8.336484 8.693944 9.195523 9.747850 10.262712 10.734733 11.129455 11.467263 11.726480 11.931804 12.067817 12.164258 12.223303 12.302377 12.463744 12.850361 13.619626 14.877457 16.425758 18.107763 19.829769 21.559158 23.281717 25.000000 
