25.000000 25.000000 25.000000 25.000000 25.000000 25.000000 25.000000 25.000000 25.000000 25.000000 25.000000 25.000000 25.000000 25.000000 25.000000 25.000000 25.000000 25.000000 25.000000 25.000000 25.000000 25.000000 25.000000 25.000000 25.000000 25.000000 25.000000 25.000000 25.000000 25.000000 25.000000 25.000000 25.000000 25.000000 25.000000 25.000000 25.000000 25.000000 25.000000 25.000000 25.000000 25.000000 25.000000 25.000000 25.000000 25.000000 25.000000 25.000000 25.000000 25.000000 25.000000 25.000000 25.000000 25.000000 25.000000 25.000000 25.000000 25.000000 25.000000 25.000000 25.000000 25.000000 25.000000 25.000000 25.000000 25.000000 25.000000 25.000000 25.000000 25.000000 25.000000 25.000000 25.000000 25.000000 25.000000 25.000000 25.000000 25.000000 25.000000 25.000000 25.000000 25.000000 25.000000 25.000000 25.000000 25.000000 25.000000 25.000000 25.000000 25.000000 25.000000 25.000000 25.000000 25.000000 25.000000 25.000000 25.000000 25.000000 25.000000 25.000000 25.000000 25.000000 25.000000 25.000000 25.000000 25.000000 25.000000 25.000000 25.000000 25.000000 25.000000 25.000000 25.000000 25.000000 25.000000 25.000000 25.000000 25.000000 25.000000 25.000000 25.000000 25.000000 25.000000 25.000000 25.000000 25.000000 25.000000 25.000000 25.000000 25.000000 25.000000 25.000000 25.000000 25.000000 25.000000 25.000000 25.000000 25.000000 25.000000 25.000000 25.000000 25.000000 25.000000 25.000000 25.000000 25.000000 25.000000 25.000000 25.000000 25.000000 25.000000 25.000000 25.000000 25.000000 25.000000 25.000000 25.000000 25.000000 25.000000 25.000000 25.000000 25.000000 25.000000 25.000000 25.000000 25.000000 25.000000 25.000000 25.000000 25.000000 25.000000 25.000000 25.000000 25.000000 25.000000 25.000000 25.000000 25.000000 25.000000 25.000000 25.000000 25.000000 25.000000 25.000000 25.000000 25.000000 25.000000 25.000000 25.000000 25.000000 25.000000 25.000000 25.000000 25.000000 25.000000 25.000000 25.000000 25.000000 25.000000 25.000000 
25.000000 24.958626 24.916977 24.875351 24.833006 24.790876 24.747856 24.705582 24.662682 24.621496 24.580435 24.542459 24.505678 24.473459 24.443390 24.418924 24.396866 24.380526 24.365845 24.356020 24.346355 24.340212 24.332642 24.327467 24.319841 24.314194 24.305937 24.300049 24.292139 24.287479 24.281630 24.279800 24.277201 24.278721 24.279083 24.282877 24.284479 24.288439 24.289106 24.291286 24.289587 24.289221 24.285175 24.283037 24.278090 24.276062 24.272272 24.272266 24.271076 24.273838 24.275145 24.279766 24.281988 24.286488 24.287556 24.290083 24.288635 24.288488 24.284601 24.282598 24.277750 24.275806 24.272074 24.272120 24.270964 24.273756 24.275084 24.279722 24.281958 24.286469 24.287544 24.290077 24.288633 24.288488 24.284605 24.282604 24.277756 24.275814 24.272085 24.272131 24.270977 24.273769 24.275099 24.279737 24.281975 24.286486 24.287561 24.290094 24.288652 24.288507 24.284624 24.282623 24.277775 24.275831 24.272102 24.272146 24.270992 24.273785 24.275114 24.279753 24.281988 24.286497 24.287575 24.290104 24.288662 24.288515 24.284630 24.282627 24.277777 24.275831 24.272099 24.272142 24.270987 24.273775 24.275103 24.279737 24.281973 24.286480 24.287556 24.290085 24.288641 24.288494 24.284607 24.282602 24.277754 24.275806 24.272076 24.272118 24.270960 24.273748 24.275076 24.279707 24.281942 24.286448 24.287521 24.290049 24.288605 24.288452 24.284571 24.282558 24.277714 24.275759 24.272034 24.272066 24.270918 24.273697 24.275034 24.279659 24.281906 24.286404 24.287495 24.290018 24.288597 24.288450 24.284594 24.282602 24.277796 24.275877 24.272211 24.272306 24.271252 24.274137 24.275623 24.280422 24.282907 24.287687 24.289156 24.292128 24.291304 24.291859 24.288939 24.288033 24.284660 24.284397 24.282887 24.285450 24.287569 24.294058 24.300127 24.310095 24.319088 24.331184 24.341784 24.355001 24.366844 24.381598 24.396038 24.414522 24.434538 24.460188 24.489393 24.525534 24.566612 24.614891 24.668270 24.727798 24.791367 24.858986 24.928793 25.000000 
25.000000 24.916977 24.833933 24.749809 24.665794 24.580004 24.494968 24.408197 24.323650 24.238400 24.157785 24.078442 24.006796 23.938730 23.881176 23.828678 23.788013 23.751944 23.726831 23.703800 23.689192 23.673218 23.662884 23.648319 23.637701 23.621618 23.609507 23.592527 23.581030 23.566406 23.559238 23.550497 23.550280 23.548582 23.554735 23.557768 23.566599 23.569855 23.576702 23.576056 23.577839 23.571699 23.568443 23.558496 23.553259 23.543554 23.540758 23.535412 23.538197 23.538799 23.546974 23.551535 23.561697 23.565945 23.573654 23.573639 23.575972 23.570230 23.567318 23.557617 23.552591 23.543037 23.540371 23.535114 23.537979 23.538635 23.546856 23.551447 23.561638 23.565905 23.573629 23.573626 23.575966 23.570230 23.567324 23.557629 23.552605 23.543056 23.540390 23.535139 23.538004 23.538664 23.546886 23.551483 23.561672 23.565943 23.573668 23.573666 23.576006 23.570272 23.567364 23.557669 23.552643 23.543095 23.540426 23.535175 23.538036 23.538696 23.546917 23.551512 23.561701 23.565969 23.573690 23.573689 23.576025 23.570288 23.567375 23.557676 23.552647 23.543093 23.540422 23.535164 23.538023 23.538677 23.546892 23.551483 23.561668 23.565931 23.573652 23.573647 23.575981 23.570244 23.567327 23.557629 23.552597 23.543043 23.540371 23.535112 23.537968 23.538624 23.546833 23.551424 23.561602 23.565868 23.573580 23.573576 23.575901 23.570169 23.567242 23.557550 23.552505 23.542963 23.540272 23.535028 23.537867 23.538538 23.546734 23.551344 23.561510 23.565802 23.573505 23.573538 23.575867 23.570181 23.567276 23.557650 23.552656 23.543209 23.540613 23.535519 23.538519 23.539427 23.547892 23.552877 23.563484 23.568373 23.576780 23.577759 23.581202 23.577002 23.575836 23.568514 23.566193 23.560253 23.561687 23.561811 23.570761 23.579277 23.596346 23.612215 23.635067 23.655300 23.680941 23.703318 23.730770 23.756107 23.788025 23.820930 23.863441 23.911192 23.971853 24.041553 24.126022 24.221222 24.330391 24.449240 24.578680 24.714626 24.856182 25.000000 
25.000000 24.875351 24.749809 24.624159 24.496115 24.368376 24.237600 24.108587 23.977283 23.850664 23.724157 23.606724 23.493082 23.393492 23.301186 23.226601 23.160444 23.112404 23.070282 23.043158 23.016745 23.000584 22.979715 22.965225 22.942638 22.925070 22.899052 22.879524 22.853825 22.837873 22.818939 22.812666 22.805084 22.810591 22.813438 22.826862 22.833914 22.847679 22.851171 22.858391 22.853289 22.851295 22.837704 22.829247 22.812300 22.804138 22.791296 22.790422 22.787008 22.796188 22.801828 22.817698 22.826578 22.841938 22.846607 22.854849 22.850489 22.849140 22.836012 22.827957 22.811296 22.803383 22.790714 22.789989 22.786680 22.795950 22.801651 22.817572 22.826490 22.841879 22.846571 22.854830 22.850485 22.849144 22.836025 22.827976 22.811323 22.803411 22.790749 22.790026 22.786724 22.795994 22.801704 22.817625 22.826551 22.841940 22.846638 22.854895 22.850552 22.849211 22.836092 22.828039 22.811386 22.803471 22.790808 22.790081 22.786779 22.796045 22.801754 22.817673 22.826595 22.841982 22.846678 22.854929 22.850582 22.849236 22.836111 22.828053 22.811392 22.803471 22.790800 22.790066 22.786755 22.796015 22.801714 22.817627 22.826542 22.841925 22.846613 22.854862 22.850512 22.849161 22.836037 22.827976 22.811314 22.803391 22.790720 22.789982 22.786671 22.795925 22.801626 22.817530 22.826447 22.841816 22.846508 22.854746 22.850401 22.849035 22.835920 22.827841 22.811193 22.803247 22.790594 22.789833 22.786545 22.795776 22.801502 22.817387 22.826338 22.841692 22.846428 22.854662 22.850376 22.849028 22.835993 22.827965 22.811436 22.803595 22.791119 22.790543 22.787531 22.797075 22.803244 22.819639 22.829290 22.845472 22.851322 22.860870 22.858343 22.859062 22.848778 22.843954 22.831654 22.828701 22.822601 22.829327 22.835718 22.855927 22.875658 22.907337 22.936222 22.973999 23.006781 23.046547 23.081385 23.124025 23.165073 23.217726 23.274927 23.349281 23.435118 23.542805 23.666718 23.813583 23.977098 24.160091 24.356041 24.564653 24.780157 25.000000 
25.000000 24.833006 24.665794 24.496115 24.326130 24.151968 23.978468 23.800640 23.626234 23.449606 23.281456 23.115641 22.965313 22.823177 22.703474 22.596182 22.514759 22.444983 22.398737 22.357925 22.334045 22.307117 22.290171 22.263390 22.242556 22.209223 22.182104 22.144358 22.116869 22.083599 22.065981 22.047043 22.046799 22.045715 22.061563 22.072287 22.094513 22.105282 22.121912 22.122284 22.125626 22.111671 22.101826 22.077806 22.062555 22.038918 22.029863 22.017584 22.023226 22.026649 22.046452 22.060156 22.084982 22.097683 22.115990 22.117590 22.121996 22.108812 22.099634 22.076094 22.061255 22.037912 22.029110 22.017008 22.022802 22.026333 22.046227 22.059992 22.084871 22.097609 22.115948 22.117571 22.121994 22.108826 22.099655 22.076124 22.061293 22.037958 22.029160 22.017067 22.022863 22.026403 22.046299 22.060078 22.084955 22.097704 22.116039 22.117670 22.122091 22.108927 22.099752 22.076223 22.061384 22.038050 22.029245 22.017151 22.022942 22.026482 22.046371 22.060148 22.085020 22.097767 22.116096 22.117723 22.122135 22.108963 22.099779 22.076242 22.061394 22.038048 22.029234 22.017128 22.022907 22.026436 22.046316 22.060080 22.084948 22.097679 22.116005 22.117622 22.122032 22.108856 22.099670 22.076130 22.061281 22.037933 22.029118 22.017010 22.022787 22.026312 22.046185 22.059948 22.084803 22.097540 22.115849 22.117474 22.121864 22.108698 22.099491 22.075968 22.061092 22.037769 22.028923 22.016842 22.022589 22.026146 22.045990 22.059793 22.084623 22.097410 22.115707 22.117397 22.121798 22.108721 22.099558 22.076160 22.061384 22.038248 22.029587 22.017796 22.023861 22.027878 22.048248 22.062782 22.088467 22.102411 22.122076 22.125603 22.132162 22.121973 22.116188 22.097277 22.087711 22.071423 22.070650 22.069092 22.086821 22.105764 22.142996 22.178839 22.228460 22.272362 22.325617 22.370840 22.424185 22.471613 22.530510 22.590485 22.669258 22.759266 22.876524 23.014349 23.184460 23.379118 23.604328 23.851183 24.120739 24.404385 24.699795 25.000000 
25.000000 24.790876 24.580004 24.368376 24.151968 23.934898 23.711462 23.489273 23.261665 23.040070 22.817471 22.609070 22.407433 22.230431 22.068609 21.939894 21.829924 21.754030 21.691595 21.655760 21.621815 21.603672 21.575886 21.555609 21.518944 21.487164 21.438828 21.398935 21.348173 21.313673 21.276386 21.262722 21.250877 21.263906 21.275669 21.306204 21.326723 21.357021 21.368532 21.383205 21.374657 21.367941 21.339621 21.317598 21.280993 21.259115 21.231716 21.226822 21.221746 21.240730 21.257013 21.291492 21.314960 21.347818 21.361216 21.377523 21.370167 21.364481 21.336903 21.315525 21.279379 21.257898 21.230782 21.226128 21.221224 21.240351 21.256737 21.291300 21.314827 21.347736 21.361172 21.377508 21.370173 21.364502 21.336941 21.315571 21.279438 21.257961 21.230856 21.226208 21.221315 21.240446 21.256847 21.291414 21.314957 21.347864 21.361311 21.377645 21.370317 21.364643 21.337086 21.315708 21.279575 21.258089 21.230982 21.226324 21.221432 21.240553 21.256952 21.291512 21.315052 21.347950 21.361393 21.377716 21.370382 21.364695 21.337126 21.315735 21.279587 21.258087 21.230965 21.226292 21.221382 21.240490 21.256870 21.291418 21.314941 21.347834 21.361259 21.377579 21.370234 21.364544 21.336971 21.315578 21.279430 21.257931 21.230806 21.226130 21.221218 21.240320 21.256701 21.291235 21.314758 21.347633 21.361067 21.377367 21.370033 21.364321 21.336763 21.315346 21.279219 21.257689 21.230595 21.225885 21.221008 21.240076 21.256498 21.291002 21.314579 21.347431 21.360933 21.377230 21.369989 21.364307 21.336878 21.315544 21.279606 21.258244 21.231438 21.227028 21.222599 21.242172 21.259304 21.294632 21.319334 21.353510 21.368795 21.387190 21.382765 21.380384 21.357361 21.341169 21.312038 21.298569 21.282084 21.289520 21.300367 21.337275 21.376429 21.436527 21.492334 21.561350 21.620008 21.686993 21.742640 21.807718 21.867506 21.944439 22.028528 22.141989 22.277550 22.453604 22.662123 22.914097 23.198793 23.519573 23.864668 24.232353 24.612410 25.000000 
25.000000 24.747856 24.494968 24.237600 23.978468 23.711462 23.443205 23.166059 22.891085 22.610168 22.339287 22.070648 21.824917 21.593931 21.400639 21.232880 21.111010 21.014257 20.957850 20.913115 20.893784 20.868464 20.854090 20.820656 20.790443 20.736679 20.687107 20.618597 20.563217 20.500269 20.463169 20.429806 20.430082 20.435822 20.471003 20.501638 20.549150 20.578167 20.611990 20.617443 20.621857 20.595867 20.571117 20.522388 20.484703 20.435724 20.411066 20.387386 20.396210 20.408487 20.449379 20.484306 20.535545 20.567320 20.603533 20.610733 20.616663 20.591770 20.567972 20.519928 20.482836 20.434280 20.409986 20.386566 20.395611 20.408043 20.449066 20.484087 20.535402 20.567232 20.603491 20.610727 20.616682 20.591812 20.568029 20.520002 20.482918 20.434376 20.410089 20.386684 20.395733 20.408186 20.449213 20.484255 20.535572 20.567421 20.603680 20.610929 20.616879 20.592016 20.568224 20.520199 20.483101 20.434559 20.410255 20.386848 20.395885 20.408337 20.449352 20.484394 20.535700 20.567547 20.603788 20.611032 20.616964 20.592093 20.568279 20.520239 20.483120 20.434557 20.410233 20.386803 20.395821 20.408245 20.449245 20.484261 20.535553 20.567375 20.603611 20.610836 20.616766 20.591881 20.568069 20.520023 20.482908 20.434341 20.410023 20.386589 20.395603 20.408026 20.449015 20.484028 20.535305 20.567129 20.603346 20.610580 20.616488 20.591619 20.567783 20.519760 20.482616 20.434082 20.409729 20.386333 20.395309 20.407778 20.448729 20.483797 20.535044 20.566938 20.603138 20.610466 20.616386 20.591646 20.567873 20.520031 20.483028 20.434767 20.410679 20.387707 20.397142 20.410273 20.451982 20.488098 20.540567 20.574118 20.612265 20.622204 20.631193 20.610558 20.591593 20.550154 20.520620 20.482212 20.469526 20.461397 20.487803 20.522652 20.588877 20.655897 20.742966 20.819679 20.906048 20.975735 21.051649 21.113497 21.187346 21.259636 21.358421 21.475748 21.638073 21.838715 22.096331 22.400059 22.757174 23.152788 23.586006 24.042521 24.517490 25.000000 
25.000000 24.705582 24.408197 24.108587 23.800640 23.489273 23.166059 22.840672 22.503635 22.170229 21.831545 21.509319 21.196230 20.919737 20.671755 20.479973 20.327587 20.234137 20.169018 20.145065 20.124601 20.122311 20.101171 20.082481 20.033209 19.982004 19.900860 19.825130 19.731829 19.661018 19.591824 19.563250 19.548712 19.578297 19.614620 19.680199 19.732525 19.794504 19.825281 19.852718 19.840563 19.822552 19.768002 19.716137 19.641823 19.588013 19.532177 19.515450 19.510050 19.547628 19.589994 19.660810 19.717031 19.782379 19.815632 19.845213 19.834618 19.817963 19.764393 19.713381 19.639677 19.586397 19.530939 19.514538 19.509367 19.547142 19.589645 19.660578 19.716883 19.782299 19.815603 19.845224 19.834663 19.818029 19.764484 19.713484 19.639799 19.586525 19.531088 19.514692 19.509546 19.547329 19.589861 19.660799 19.717133 19.782551 19.815878 19.845493 19.834948 19.818304 19.764763 19.713743 19.640059 19.586763 19.531322 19.514906 19.509758 19.547525 19.590057 19.660980 19.717314 19.782713 19.816036 19.845631 19.835073 19.818401 19.764845 19.713797 19.640087 19.586763 19.531292 19.514849 19.509666 19.547407 19.589903 19.660805 19.717102 19.782490 19.815781 19.845369 19.834789 19.818123 19.764551 19.713512 19.639797 19.586483 19.531010 19.514570 19.509382 19.547117 19.589607 19.660498 19.716791 19.782160 19.815456 19.845024 19.834459 19.817770 19.764223 19.713160 19.639477 19.586134 19.530701 19.514225 19.509087 19.546782 19.589327 19.660177 19.716541 19.781883 19.815269 19.844837 19.834394 19.817743 19.764368 19.713415 19.639984 19.586864 19.531816 19.515743 19.511206 19.549578 19.593069 19.665018 19.722874 19.789961 19.825697 19.858013 19.851257 19.838926 19.791323 19.747126 19.682680 19.640045 19.598797 19.598669 19.614761 19.676598 19.749853 19.855177 19.954756 20.068323 20.161674 20.258226 20.330729 20.407263 20.468996 20.548332 20.635300 20.764502 20.931786 21.166845 21.462244 21.832626 22.261236 22.748398 23.274574 23.834230 24.411873 25.000000 
25.000000 24.662682 24.323650 23.977283 23.626234 23.261665 22.891085 22.503635 22.112555 21.706940 21.307341 20.905499 20.530947 20.179279 19.886667 19.645470 19.485228 19.378780 19.339022 19.321947 19.337248 19.339327 19.345802 19.316185 19.277905 19.196789 19.109198 18.988050 18.877947 18.758772 18.679855 18.620842 18.623220 18.651064 18.728981 18.807339 18.906244 18.975771 19.041912 19.060400 19.065123 19.018629 18.962202 18.866039 18.778437 18.677135 18.614180 18.567610 18.580910 18.617058 18.702158 18.785872 18.889391 18.962320 19.031403 19.052040 19.058634 19.013498 18.958256 18.862947 18.776093 18.675325 18.612835 18.566593 18.580177 18.616526 18.701796 18.785631 18.889252 18.962255 19.031397 19.052084 19.058712 19.013609 18.958384 18.863100 18.776255 18.675508 18.613028 18.566813 18.580408 18.616793 18.702074 18.785950 18.889578 18.962618 19.031759 19.052473 19.059088 19.014000 18.958752 18.863470 18.776594 18.675844 18.613329 18.567112 18.580681 18.617065 18.702328 18.786207 18.889814 18.962851 19.031965 19.052668 19.059250 19.014143 18.958858 18.863548 18.776632 18.675846 18.613293 18.567032 18.580563 18.616898 18.702127 18.785954 18.889538 18.962530 19.031631 19.052298 19.058880 19.013748 18.958475 18.863153 18.776257 18.675467 18.612930 18.566664 18.580198 18.616526 18.701746 18.785563 18.889130 18.962118 19.031202 19.051878 19.058443 19.013332 18.958042 18.862755 18.775837 18.675091 18.612526 18.566313 18.579809 18.616194 18.701372 18.785255 18.888788 18.961861 19.030930 19.051720 19.058304 19.013353 18.958139 18.863081 18.776340 18.675938 18.613708 18.568027 18.582111 18.619335 18.705477 18.790682 18.895746 18.970888 19.042364 19.066383 19.076735 19.036825 18.987509 18.900330 18.822824 18.734713 18.686857 18.660055 18.695908 18.761055 18.878712 19.003458 19.152517 19.282169 19.414072 19.512537 19.605757 19.667770 19.733032 19.786898 19.869932 19.979307 20.157713 20.405958 20.753168 21.185574 21.706745 22.290791 22.929659 23.600864 24.295769 25.000000 
25.000000 24.621496 24.238400 23.850664 23.449606 23.040070 22.610168 22.170229 21.706940 21.237633 20.750917 20.274385 19.803547 19.379766 19.006279 18.730011 18.540091 18.456732 18.431814 18.466452 18.503302 18.551945 18.562481 18.558552 18.498709 18.418047 18.283255 18.139929 17.965284 17.816267 17.680258 17.617043 17.603745 17.673756 17.772430 17.913933 18.036524 18.160425 18.231623 18.281845 18.265779 18.224642 18.121767 18.007380 17.855970 17.727909 17.608465 17.559896 17.557833 17.637531 17.743435 17.891123 18.018272 18.146105 18.220184 18.272913 18.258677 18.219139 18.117428 18.004061 17.853390 17.725973 17.606993 17.558825 17.557045 17.636986 17.743063 17.890896 18.018154 18.146070 18.220219 18.272999 18.258810 18.219299 18.117622 18.004269 17.853622 17.726213 17.607262 17.559105 17.557367 17.637327 17.743460 17.891310 18.018623 18.146545 18.220739 18.273510 18.259348 18.219814 18.118145 18.004753 17.854101 17.726645 17.607681 17.559483 17.557745 17.637676 17.743813 17.891642 18.018955 18.146849 18.221031 18.273764 18.259581 18.219999 18.118298 18.004854 17.854158 17.726650 17.607635 17.559385 17.557581 17.637463 17.743528 17.891315 18.018562 18.146429 18.220558 18.273279 18.259058 18.219486 18.117764 18.004345 17.853645 17.726168 17.607151 17.558922 17.557108 17.636988 17.743036 17.890808 18.018040 18.145891 18.220018 18.272730 18.258524 18.218943 18.117252 18.003826 17.853172 17.725681 17.606724 17.558468 17.556715 17.636557 17.742670 17.890402 18.017714 18.145538 18.219770 18.272482 18.258421 18.218891 18.117405 18.004108 17.853756 17.726534 17.608038 17.560272 17.559252 17.639923 17.747192 17.896255 18.025366 18.155272 18.232288 18.288233 18.278484 18.243969 18.149183 18.043726 17.903870 17.789019 17.687046 17.658705 17.683109 17.792938 17.937117 18.127378 18.307533 18.493736 18.639894 18.772072 18.855713 18.925018 18.957705 18.996283 19.034529 19.125076 19.278109 19.546099 19.931435 20.449749 21.069941 21.778353 22.540781 23.343800 24.166466 25.000000 
25.000000 24.580435 24.157785 23.724157 23.281456 22.817471 22.339287 21.831545 21.307341 20.750917 20.184307 19.597578 19.029085 18.485304 18.028673 17.678503 17.488388 17.420456 17.465052 17.546431 17.657558 17.734636 17.793623 17.784809 17.740330 17.619516 17.465845 17.249157 17.026995 16.787642 16.607866 16.490370 16.500957 16.593065 16.773050 16.961609 17.165489 17.317038 17.442308 17.487272 17.491510 17.410332 17.292847 17.105530 16.910156 16.692337 16.531874 16.429430 16.452990 16.554768 16.742924 16.937473 17.146473 17.301779 17.430315 17.477674 17.484020 17.404383 17.288258 17.101931 16.907433 16.690245 16.530336 16.428293 16.452192 16.554214 16.742573 16.937273 17.146393 17.301796 17.430405 17.477831 17.484221 17.404629 17.288523 17.102230 16.907738 16.690580 16.530678 16.428677 16.452599 16.554689 16.743082 16.937860 17.147003 17.302475 17.431084 17.478559 17.484926 17.405357 17.289207 17.102913 16.908356 16.691179 16.531208 16.429193 16.453068 16.555166 16.743530 16.938320 17.147432 17.302900 17.431465 17.478918 17.485228 17.405622 17.289406 17.103060 16.908434 16.691193 16.531155 16.429058 16.452864 16.554867 16.743168 16.937860 17.146925 17.302309 17.430849 17.478237 17.484549 17.404903 17.288715 17.102354 16.907776 16.690540 16.530550 16.428453 16.452274 16.554255 16.742538 16.937202 17.146248 17.301617 17.430147 17.477543 17.483852 17.404234 17.288052 17.101742 16.907171 16.690001 16.530008 16.427980 16.451778 16.553822 16.742069 16.936802 17.145815 17.301275 17.429794 17.477320 17.483658 17.404221 17.288132 17.102079 16.907713 16.690933 16.531332 16.429930 16.454426 16.557470 16.746862 16.943157 17.153959 17.311813 17.443083 17.494267 17.504816 17.430983 17.321375 17.143986 16.959787 16.756723 16.613503 16.534170 16.584808 16.721697 16.949385 17.193275 17.456467 17.678398 17.879669 18.016062 18.119984 18.159842 18.176474 18.154116 18.146812 18.165174 18.283537 18.534964 18.976711 19.587042 20.344904 21.195353 22.111311 23.058811 24.026295 25.000000 
25.000000 24.542459 24.078442 23.606724 23.115641 22.609070 22.070648 21.509319 20.905499 20.274385 19.597578 18.902534 18.185041 17.503687 16.895250 16.466940 16.259230 16.271652 16.398649 16.596657 16.775528 16.935415 17.016481 17.046734 16.978989 16.853846 16.631594 16.363857 16.027502 15.699437 15.396547 15.235616 15.239388 15.424496 15.684228 15.993963 16.261522 16.499928 16.644926 16.733423 16.713463 16.632328 16.446165 16.211733 15.902589 15.599405 15.316447 15.172961 15.189764 15.385627 15.653124 15.969372 16.241686 16.484219 16.632259 16.723450 16.705475 16.626110 16.441246 16.207972 15.899673 15.597239 15.314829 15.171817 15.188959 15.385105 15.652809 15.969226 16.241673 16.484306 16.632441 16.723692 16.705784 16.626453 16.441637 16.208372 15.900105 15.597669 15.315292 15.172292 15.189510 15.385705 15.653520 15.969984 16.242537 16.485191 16.633406 16.724642 16.706785 16.627405 16.442602 16.209257 15.900968 15.598428 15.316011 15.172924 15.190138 15.386296 15.654135 15.970572 16.243134 16.485741 16.633940 16.725109 16.707209 16.627747 16.442881 16.209446 15.901081 15.598452 15.315943 15.172765 15.189859 15.385922 15.653626 15.969983 16.242420 16.484976 16.633072 16.724226 16.706255 16.626816 16.441917 16.208542 15.900180 15.597632 15.315145 15.172025 15.189101 15.385156 15.652806 15.969137 16.241533 16.484077 16.632162 16.723320 16.705370 16.625950 16.441099 16.207752 15.899467 15.596951 15.314553 15.171442 15.188591 15.384617 15.652330 15.968622 16.241100 16.483622 16.631819 16.722990 16.705196 16.625841 16.441214 16.208015 15.900053 15.597833 15.315945 15.173393 15.191395 15.388401 15.657470 15.975306 16.249846 16.494717 16.646025 16.740738 16.727623 16.653593 16.476009 16.250916 15.953810 15.664473 15.400308 15.279586 15.327437 15.559591 15.872970 16.239830 16.574074 16.883692 17.113230 17.292498 17.381264 17.417873 17.373943 17.296881 17.182232 17.105261 17.115067 17.333504 17.822674 18.576797 19.505671 20.546839 21.637327 22.753839 23.875563 25.000000 
25.000000 24.505678 24.006796 23.493082 22.965313 22.407433 21.824917 21.196230 20.530947 19.803547 19.029085 18.185041 17.304855 16.400572 15.581704 14.981635 14.809938 14.947208 15.261237 15.595513 15.912484 16.136467 16.290152 16.322968 16.275042 16.099840 15.842824 15.463208 15.019722 14.505596 14.043270 13.737874 13.796486 14.099895 14.545403 14.980947 15.386708 15.683366 15.904047 15.992549 15.996587 15.864501 15.647755 15.301481 14.889059 14.400568 13.961548 13.674322 13.747477 14.060967 14.514571 14.955913 15.366680 15.667051 15.891057 15.982040 15.988318 15.857895 15.642646 15.297481 14.886050 14.398294 13.959923 13.673173 13.746722 14.060496 14.514329 14.955850 15.366756 15.667252 15.891346 15.982423 15.988753 15.858400 15.643173 15.298054 14.886617 14.398884 13.960494 13.673794 13.747395 14.061313 14.515234 14.956913 15.367875 15.668499 15.892600 15.983766 15.990055 15.859743 15.644428 15.299296 14.887723 14.399925 13.961377 13.674617 13.748149 14.062103 14.516008 14.957726 15.368647 15.669271 15.893292 15.984418 15.990602 15.860220 15.644788 15.299562 14.887872 14.399966 13.961307 13.674413 13.747812 14.061589 14.515365 14.956902 15.367730 15.668198 15.892175 15.983180 15.989372 15.858916 15.643544 15.298304 14.886724 14.398862 13.960333 13.673474 13.746898 14.060597 14.514328 14.955781 15.366584 15.667007 15.890992 15.981999 15.988222 15.857809 15.642488 15.297327 14.885816 14.398067 13.959605 13.672855 13.746283 14.060039 14.513729 14.955245 15.366016 15.666538 15.890521 15.981668 15.987935 15.857716 15.642503 15.297612 14.886314 14.398964 13.960912 13.674836 13.749081 14.064015 14.519053 14.962366 15.375165 15.678358 15.905353 16.000452 16.011154 15.886726 15.677992 15.341582 14.939939 14.465635 14.043575 13.780787 13.885697 14.241573 14.743022 15.242679 15.716273 16.092236 16.397034 16.584995 16.694675 16.687773 16.604532 16.417507 16.179962 15.910166 15.737960 15.824708 16.403681 17.365288 18.554136 19.831326 21.137316 22.434725 23.722109 25.000000 
25.000000 24.473459 23.938730 23.393492 22.823177 22.230431 21.593931 20.919737 20.179279 19.379766 18.485304 17.503687 16.400572 15.212038 13.998960 13.067956 12.995152 13.446007 14.035657 14.611675 15.063510 15.407814 15.597978 15.679941 15.607915 15.427646 15.086721 14.626429 13.997140 13.259954 12.453876 11.876123 12.029954 12.633193 13.329833 13.997712 14.525862 14.942780 15.194903 15.336139 15.314150 15.181334 14.880141 14.457379 13.859653 13.152261 12.371210 11.815301 11.983063 12.596195 13.299484 13.973028 14.505425 14.926249 15.181352 15.325336 15.305424 15.174505 14.874731 14.453255 13.856491 13.149964 12.369571 11.814230 11.982386 12.595824 13.299348 13.973078 14.505639 14.926584 15.181813 15.325878 15.306066 15.175191 14.875490 14.454017 13.857287 13.150717 12.370317 11.814941 11.983251 12.596840 13.300601 13.974449 14.507210 14.928201 15.183575 15.327618 15.307894 15.176933 14.877253 14.455626 13.858831 13.152031 12.371480 11.815886 11.984207 12.597805 13.301659 13.975492 14.508288 14.929197 15.184544 15.328459 15.308656 15.177544 14.877749 14.455966 13.859037 13.152094 12.371402 11.815664 11.983767 12.597166 13.300764 13.974441 14.507005 14.927823 15.182980 15.326871 15.306935 15.175867 14.876012 14.454349 13.857453 13.150710 12.370145 11.814592 11.982633 12.595950 13.299390 13.972999 14.505466 14.926279 15.181406 15.325337 15.305428 15.174432 14.874653 14.453090 13.856323 13.149711 12.369319 11.813881 11.981994 12.595273 13.298744 13.972310 14.504851 14.925653 15.180904 15.324865 15.305129 15.174216 14.874671 14.453265 13.856815 13.150480 12.370561 11.815684 11.984789 12.599270 13.304343 13.979698 14.514569 14.937976 15.196625 15.344365 15.329531 15.203991 14.911325 14.497342 13.910343 13.214445 12.449008 11.914210 12.118850 12.777928 13.537563 14.271548 14.875441 15.371909 15.716945 15.955750 16.047966 16.033995 15.870288 15.588641 15.153001 14.617473 14.058800 13.823685 14.571136 15.926534 17.492289 19.087011 20.632359 22.125633 23.573559 25.000000 
25.000000 24.443390 23.881176 23.301186 22.703474 22.068609 21.400639 20.671755 19.886667 19.006279 18.028673 16.895250 15.581704 13.998960 12.134138 10.246840 10.656703 11.744530 12.823709 13.675495 14.322065 14.745404 15.014004 15.096464 15.049029 14.820190 14.449986 13.866603 13.082455 12.000408 10.636159 9.209714 9.814013 10.991899 12.143022 13.059922 13.776246 14.263474 14.596648 14.735354 14.742539 14.560042 14.234097 13.688157 12.939916 11.889212 10.555730 9.156068 9.773278 10.957697 12.114141 13.035226 13.755742 14.246335 14.582761 14.723989 14.733533 14.552822 14.228517 13.683812 12.936694 11.886856 10.554165 9.155132 9.772761 10.957472 12.114150 13.035441 13.756121 14.246879 14.583420 14.724786 14.734405 14.553806 14.229533 13.684901 12.937750 11.887897 10.555058 9.155912 9.773749 10.958836 12.115759 13.037363 13.758156 14.249142 14.585695 14.727217 14.736765 14.556244 14.231816 13.687160 12.939748 11.889714 10.556458 9.156965 9.774817 10.960113 12.117105 13.038820 13.759550 14.250535 14.586943 14.728384 14.737740 14.557085 14.232446 13.687620 12.940008 11.889801 10.556391 9.156740 9.774311 10.959242 12.115972 13.037352 13.757913 14.248617 14.584947 14.726171 14.735538 14.554747 14.230211 13.685359 12.937968 11.887909 10.554892 9.155570 9.773038 10.957664 12.114215 13.035394 13.755913 14.246533 14.582906 14.724128 14.733586 14.552856 14.228452 13.683726 12.936512 11.886665 10.553903 9.154875 9.772331 10.956923 12.113398 13.034608 13.755105 14.245830 14.582224 14.723606 14.733133 14.552617 14.228341 13.683889 12.936878 11.887369 10.554895 9.156360 9.774886 10.960983 12.119117 13.042416 13.765212 14.258907 14.598595 14.744240 14.758423 14.583836 14.265816 13.729024 12.989524 11.948517 10.623714 9.237427 9.897506 11.139696 12.357709 13.348784 14.141995 14.717606 15.143058 15.389156 15.507429 15.452425 15.253969 14.847285 14.225915 13.296617 12.056078 10.805419 12.130644 14.252300 16.401472 18.374357 20.179474 21.852612 23.446493 25.000000 
25.000000 24.418924 23.828678 23.226601 22.596182 21.939894 21.232880 20.479973 19.645470 18.730011 17.678503 16.466940 14.981635 13.067956 10.246840 5.128563 7.591609 10.051699 11.768901 12.944530 13.717122 14.237735 14.519241 14.642882 14.570273 14.354100 13.926829 13.307542 12.374932 11.023065 8.808311 4.512562 6.957138 9.377370 11.101722 12.322708 13.151690 13.738224 14.080802 14.266091 14.246806 14.082198 13.698627 13.121237 12.224793 10.908940 8.729759 4.479962 6.926475 9.347173 11.073459 12.297992 13.130378 13.720583 14.066144 14.254322 14.237267 14.074734 13.692735 13.116782 12.221438 10.906598 8.728264 4.479370 6.926198 9.347141 11.073666 12.298403 13.131001 13.721364 14.067110 14.255402 14.238508 14.076047 13.694179 13.118239 12.222957 10.907998 8.729462 4.479840 6.927363 9.348871 11.075922 12.300901 13.133847 13.724282 14.070274 14.258526 14.241788 14.079185 13.697367 13.121172 12.225781 10.910377 8.731348 4.480536 6.928590 9.350471 11.077817 12.302801 13.135804 13.726080 14.072005 14.260019 14.243130 14.080251 13.698221 13.121744 12.226113 10.910470 8.731266 4.480464 6.927969 9.349380 11.076233 12.300928 13.133527 13.723641 14.069237 14.257204 14.240074 14.077261 13.695105 13.118821 12.223237 10.907999 8.729270 4.479712 6.926520 9.347395 11.073814 12.298369 13.130791 13.720938 14.066485 14.254563 14.237472 14.074820 13.692775 13.116700 12.221318 10.906382 8.728061 4.479239 6.925824 9.346478 11.072829 12.297333 13.129828 13.719998 14.065692 14.253839 14.236949 14.074416 13.692631 13.116738 12.221663 10.906941 8.728834 4.479778 6.928018 9.350456 11.078808 12.305418 13.140555 13.733634 14.083094 14.275378 14.263802 14.106944 13.732200 13.163280 12.275895 10.966284 8.787524 4.514217 7.031041 9.525594 11.326303 12.623845 13.538288 14.213430 14.658560 14.950366 15.054182 15.014291 14.769313 14.320603 13.544971 12.286991 10.022244 5.211265 8.868237 12.550548 15.466151 17.829473 19.844730 21.658842 23.354967 25.000000 
25.000000 24.396866 23.788013 23.160444 22.514759 21.829924 21.111010 20.327587 19.485228 18.540091 17.488388 16.259230 14.809938 12.995152 10.656703 7.591609 4.529470 9.044198 11.255667 12.533895 13.364157 13.871612 14.182343 14.280161 14.235081 13.992231 13.595688 12.960585 12.086666 10.824122 9.061455 6.603950 4.124605 8.383969 10.563786 11.876182 12.769583 13.342240 13.722242 13.881389 13.896395 13.704639 13.356977 12.763230 11.929081 10.701575 8.974405 6.551755 4.105484 8.354317 10.534528 11.849771 12.747192 13.323364 13.706908 13.868843 13.886477 13.696727 13.350904 12.758555 11.925678 10.699169 8.972920 6.551068 4.105511 8.354509 10.534952 11.850461 12.748092 13.324507 13.708213 13.870368 13.888122 13.698568 13.352818 12.760629 11.927746 10.701298 8.974872 6.552814 4.106894 8.357015 10.537950 11.853977 12.751771 13.328550 13.712265 13.874679 13.892314 13.702908 13.356915 12.764733 11.931465 10.704810 8.977757 6.555089 4.108316 8.359363 10.540491 11.856681 12.754312 13.331050 13.714477 13.876731 13.894015 13.704359 13.357985 12.765486 11.931846 10.704850 8.977496 6.554554 4.107578 8.357808 10.538451 11.854069 12.751419 13.327682 13.710975 13.872851 13.890141 13.700227 13.354000 12.761395 11.928061 10.701195 8.974415 6.552047 4.105894 8.354947 10.535209 11.850500 12.747854 13.324003 13.707426 13.869304 13.886791 13.696967 13.350988 12.758560 11.925533 10.698957 8.972600 6.550729 4.105116 8.353740 10.533868 11.849187 12.746571 13.322855 13.706360 13.868434 13.886048 13.696478 13.350682 12.758572 11.925797 10.699591 8.973519 6.551988 4.106813 8.357838 10.540047 11.857769 12.757749 13.337372 13.724567 13.891437 13.914281 13.731389 13.392608 12.809037 11.984380 10.766679 9.045811 6.626483 4.186810 8.537881 10.798022 12.194567 13.173847 13.844791 14.327357 14.605976 14.744622 14.694753 14.488376 14.047239 13.346363 12.230270 10.534636 8.046047 5.580491 11.594371 15.083110 17.614649 19.711134 21.573139 23.314535 25.000000 
25.000000 24.380526 23.751944 23.112404 22.444983 21.754030 21.014257 20.234137 19.378780 18.456732 17.420456 16.271652 14.947208 13.446007 11.744530 10.051699 9.044198 10.339955 11.599928 12.571230 13.237664 13.702212 13.950440 14.060335 13.984774 13.784056 13.391840 12.852442 12.085509 11.125303 9.930946 8.717178 8.074992 9.470116 10.798028 11.848650 12.592680 13.138912 13.459731 13.640827 13.625886 13.482989 13.139199 12.645625 11.917287 10.993875 9.831306 8.647169 8.026936 9.430083 10.763266 11.819375 12.567986 13.118772 13.443182 13.627664 13.615311 13.474792 13.132801 12.640857 11.913767 10.991478 9.829809 8.646465 8.026869 9.430420 10.763968 11.820369 12.569301 13.120314 13.445015 13.629673 13.617591 13.477201 13.135462 12.643595 11.916723 10.994440 9.832927 8.649525 8.030173 9.434130 10.768308 11.824959 12.574395 13.125483 13.450573 13.635152 13.623336 13.482722 13.141108 12.648873 11.921961 10.999163 9.837415 8.653391 8.033817 9.437718 10.772073 11.828516 12.577938 13.128675 13.453606 13.637748 13.625650 13.484546 13.142544 12.649797 11.922418 10.999126 9.836868 8.652398 8.032243 9.435565 10.769178 11.825191 12.573953 13.124432 13.448807 13.632864 13.620342 13.479322 13.137052 12.644552 11.917083 10.994200 9.832061 8.648108 8.028043 9.431228 10.764463 11.820487 12.569062 13.119696 13.444022 13.628320 13.615859 13.475142 13.133028 12.640881 11.913663 10.991179 9.829384 8.645857 8.026093 9.429324 10.762610 11.818707 12.567423 13.118171 13.442698 13.627144 13.614938 13.474417 13.132627 12.640750 11.913946 10.991847 9.830606 8.647696 8.028968 9.433880 10.769276 11.827666 12.579321 13.133335 13.462140 13.651333 13.645319 13.511559 13.178432 12.695753 11.980415 11.070148 9.923897 8.759049 8.173065 9.641061 11.049303 12.182513 13.020199 13.664500 14.099947 14.401536 14.527853 14.531703 14.356881 14.033604 13.494034 12.753081 11.794981 10.857792 10.714507 13.163334 15.635572 17.834875 19.796665 21.608044 23.324617 25.000000 
25.000000 24.365845 23.726831 23.070282 22.398737 21.691595 20.957850 20.169018 19.339022 18.431814 17.465052 16.398649 15.261237 14.035657 12.823709 11.768901 11.255667 11.599928 12.232860 12.819263 13.313057 13.640182 13.856869 13.908758 13.859622 13.647999 13.335175 12.856728 12.277627 11.557268 10.819849 10.173326 9.988070 10.529492 11.309562 12.011764 12.613573 13.032610 13.336942 13.462721 13.483331 13.329703 13.071207 12.637685 12.100567 11.415022 10.709778 10.089128 9.925007 10.479197 11.269074 11.978382 12.586608 13.010547 13.319384 13.448586 13.472310 13.321032 13.064651 12.632734 12.097051 11.412623 10.708365 10.088519 9.925063 10.479797 11.270102 11.979837 12.588383 13.012704 13.321791 13.451348 13.475268 13.324331 13.068099 12.636515 12.100935 11.416840 10.712656 10.093185 9.929883 10.485232 11.275812 11.986189 12.594884 13.019755 13.328825 13.458801 13.482526 13.331848 13.075250 12.643754 12.107658 11.423490 10.718691 10.099055 9.935214 10.490583 11.280796 11.991155 12.599402 13.024117 13.332647 13.462320 13.485430 13.334306 13.077043 12.644972 12.108196 11.423347 10.717889 10.097488 9.933005 10.487487 11.277101 11.986579 12.594399 13.018331 13.326640 13.455674 13.478779 13.327192 13.070123 12.637774 12.101357 11.416405 10.711405 10.090987 9.926858 10.481094 11.270844 11.980092 12.588118 13.011940 13.320541 13.449594 13.473065 13.321615 13.064974 12.632869 12.096920 11.412292 10.707764 10.087690 9.923931 10.478367 11.268314 11.977747 12.585954 13.009997 13.318790 13.448109 13.471805 13.320683 13.064329 12.632646 12.097098 11.413046 10.709135 10.089964 9.927322 10.483437 11.275321 11.987288 12.598338 13.026131 13.339134 13.474020 13.503933 13.360980 13.113668 12.693771 12.171270 11.504409 10.820502 10.229847 10.105297 10.718554 11.575575 12.365544 13.059900 13.587165 14.006366 14.268311 14.433530 14.451172 14.373825 14.153566 13.843079 13.429214 13.034407 12.834837 13.256409 14.680519 16.460970 18.270916 20.032606 21.726128 23.375889 25.000000 
25.000000 24.356020 23.703800 23.043158 22.357925 21.655760 20.913115 20.145065 19.321947 18.466452 17.546431 16.596657 15.595513 14.611675 13.675495 12.944530 12.533895 12.571230 12.819263 13.159907 13.446080 13.688587 13.808201 13.858206 13.771648 13.613144 13.318905 12.961666 12.491321 12.006293 11.507758 11.168207 11.069015 11.350220 11.780238 12.275268 12.685677 13.041013 13.253716 13.389783 13.374126 13.281284 13.040833 12.733338 12.303581 11.855869 11.387421 11.074560 10.995407 11.292621 11.733930 12.238470 12.655890 13.017424 13.234767 13.374983 13.362435 13.272370 13.034009 12.728374 12.300044 11.853592 11.386156 11.074169 10.995763 11.293580 11.735466 12.240452 12.658373 13.020255 13.238060 13.378553 13.366448 13.276603 13.038680 12.733221 12.305350 11.859056 11.392135 11.080334 11.002569 11.300658 11.743312 12.248527 12.667187 13.029141 13.247562 13.387918 13.376247 13.286042 13.048348 12.742336 12.314504 11.867524 11.400511 11.087996 11.010131 11.307609 11.750199 12.254816 12.673319 13.034605 13.252713 13.392312 13.380151 13.289112 13.050747 12.743853 12.315187 11.867315 11.399333 11.085953 11.007008 11.303679 11.745134 12.249100 12.666532 13.027401 13.244589 13.384040 13.371163 13.280240 13.041388 12.734828 12.305876 11.858478 11.390341 11.077444 10.998329 11.295341 11.736555 12.240820 12.658077 13.019302 13.236444 13.376335 13.363561 13.273161 13.034548 12.728570 12.299966 11.853160 11.385417 11.073055 10.994295 11.291698 11.733190 12.237753 12.655279 13.016771 13.234205 13.374370 13.361936 13.271854 13.033665 12.728098 12.300056 11.853839 11.386916 11.075489 10.998054 11.297029 11.740647 12.247632 12.668381 13.033524 13.255829 13.401503 13.396409 13.314607 13.087408 12.794269 12.382764 11.955621 11.514608 11.234475 11.200532 11.552238 12.063073 12.644151 13.155130 13.617864 13.958428 14.231786 14.380832 14.465610 14.438700 14.363744 14.216303 14.086279 14.018817 14.190736 14.754473 15.841363 17.226789 18.755215 20.317778 21.887968 23.446333 25.000000 
