25.000000 25.000000 25.000000 25.000000 25.000000 25.000000 25.000000 25.000000 25.000000 25.000000 25.000000 25.000000 25.000000 25.000000 25.000000 25.000000 25.000000 25.000000 25.000000 25.000000 25.000000 25.000000 25.000000 25.000000 25.000000 25.000000 25.000000 25.000000 25.000000 25.000000 25.000000 25.000000 25.000000 25.000000 25.000000 25.000000 25.000000 25.000000 25.000000 25.000000 25.000000 25.000000 25.000000 25.000000 25.000000 25.000000 25.000000 25.000000 25.000000 25.000000 25.000000 25.000000 25.000000 25.000000 25.000000 25.000000 25.000000 25.000000 25.000000 25.000000 25.000000 25.000000 25.000000 25.000000 25.000000 25.000000 25.000000 25.000000 25.000000 25.000000 25.000000 25.000000 25.000000 25.000000 25.000000 25.000000 25.000000 25.000000 25.000000 25.000000 25.000000 25.000000 25.000000 25.000000 25.000000 25.000000 25.000000 25.000000 25.000000 25.000000 25.000000 25.000000 25.000000 25.000000 25.000000 25.000000 25.000000 25.000000 25.000000 25.000000 25.000000 25.000000 25.000000 25.000000 25.000000 25.000000 25.000000 25.000000 25.000000 25.000000 25.000000 25.000000 25.000000 25.000000 25.000000 25.000000 25.000000 25.000000 25.000000 25.000000 25.000000 25.000000 25.000000 25.000000 25.000000 25.000000 25.000000 25.000000 25.000000 25.000000 25.000000 25.000000 25.000000 25.000000 25.000000 25.000000 25.000000 25.000000 25.000000 25.000000 25.000000 25.000000 25.000000 25.000000 25.000000 25.000000 25.000000 25.000000 25.000000 25.000000 25.000000 25.000000 25.000000 25.000000 25.000000 25.000000 25.000000 25.000000 25.000000 25.000000 25.000000 25.000000 25.000000 25.000000 25.000000 25.000000 25.000000 25.000000 25.000000 25.000000 25.000000 25.000000 25.000000 25.000000 25.000000 25.000000 25.000000 25.000000 25.000000 25.000000 25.000000 25.000000 25.000000 25.000000 25.000000 25.000000 25.000000 25.000000 25.000000 25.000000 25.000000 25.000000 25.000000 25.000000 25.000000 25.000000 25.000000 25.000000 25.000000 25.000000 
25.000000 25.006809 25.013689 25.020468 25.027464 25.034250 25.041407 25.048237 25.055593 25.062511 25.070110 25.077147 25.085030 25.092220 25.100424 25.107803 25.116364 25.123960 25.132910 25.140753 25.150124 25.158234 25.168055 25.176455 25.186750 25.195456 25.206247 25.215267 25.226574 25.235920 25.247753 25.257427 25.269794 25.279799 25.292702 25.303028 25.316467 25.327103 25.341074 25.352003 25.366491 25.377691 25.392679 25.404127 25.419592 25.431252 25.447163 25.459000 25.475325 25.487297 25.503994 25.516054 25.533079 25.545176 25.562477 25.574556 25.592079 25.604082 25.621765 25.633629 25.651409 25.663069 25.680878 25.692265 25.710032 25.721079 25.738729 25.749367 25.766823 25.776979 25.794167 25.803770 25.820610 25.829592 25.846006 25.854298 25.870209 25.877745 25.893076 25.899792 25.914469 25.920307 25.934259 25.939167 25.952324 25.956249 25.968548 25.971445 25.982830 25.984661 25.995077 25.995810 26.005209 26.004818 26.013159 26.011625 26.018875 26.016190 26.022320 26.018480 26.023470 26.018480 26.022320 26.016190 26.018873 26.011623 26.013155 26.004812 26.005203 25.995804 25.995071 25.984653 25.982822 25.971436 25.968538 25.956236 25.952311 25.939152 25.934242 25.920290 25.914448 25.899771 25.893051 25.877718 25.870178 25.854265 25.845970 25.829552 25.820566 25.803722 25.794113 25.776920 25.766760 25.749296 25.738651 25.720997 25.709940 25.692165 25.680767 25.662949 25.651278 25.633488 25.621609 25.603914 25.591894 25.574358 25.562260 25.544941 25.532822 25.515778 25.503693 25.486973 25.474972 25.458620 25.446751 25.430807 25.419109 25.403610 25.392120 25.377092 25.365843 25.351307 25.340322 25.326300 25.315601 25.302103 25.291706 25.278736 25.268650 25.256210 25.246445 25.234529 25.225080 25.213682 25.204546 25.193651 25.184820 25.174410 25.165869 25.155922 25.147655 25.138144 25.130131 25.121027 25.113241 25.104513 25.096926 25.088541 25.081121 25.073042 25.065758 25.057943 25.050758 25.043171 25.036047 25.028643 25.021544 25.014280 25.007168 25.000000 
25.000000 25.013689 25.027277 25.041155 25.054718 25.068872 25.082487 25.097004 25.110750 25.125710 25.139664 25.155148 25.169378 25.185467 25.200041 25.216808 25.231787 25.249304 25.264746 25.283075 25.299034 25.318233 25.334751 25.354877 25.371990 25.393091 25.410824 25.432938 25.451315 25.474468 25.493504 25.517719 25.537413 25.562702 25.583046 25.609413 25.630392 25.657825 25.679409 25.707893 25.730045 25.759548 25.782219 25.812700 25.835833 25.867241 25.890762 25.923033 25.946869 25.979925 26.003988 26.037745 26.061935 26.096296 26.120506 26.155367 26.179483 26.214729 26.238630 26.274134 26.297691 26.333321 26.356403 26.392021 26.414492 26.449949 26.471668 26.506819 26.527645 26.562332 26.582125 26.616194 26.634811 26.668106 26.685411 26.717775 26.733631 26.764912 26.779192 26.809238 26.821819 26.850481 26.861250 26.888393 26.897245 26.922733 26.929573 26.953285 26.958029 26.979855 26.982430 27.002266 27.002615 27.020376 27.018456 27.034063 27.029846 27.043240 27.036711 27.047842 27.039003 27.047840 27.036709 27.043236 27.029842 27.034060 27.018450 27.020369 27.002605 27.002256 26.982416 26.979841 26.958010 26.953268 26.929550 26.922710 26.897217 26.888363 26.861219 26.850445 26.821779 26.809193 26.779144 26.764858 26.733574 26.717710 26.685339 26.668028 26.634724 26.616098 26.582018 26.562216 26.527517 26.506678 26.471516 26.449781 26.414309 26.391819 26.356186 26.333080 26.297430 26.273848 26.238321 26.214390 26.179117 26.154968 26.120073 26.095825 26.061424 26.037189 26.003389 25.979275 25.946167 25.922270 25.889940 25.866348 25.834873 25.811663 25.781103 25.758343 25.728752 25.706497 25.677914 25.656212 25.628666 25.607553 25.581062 25.560566 25.535135 25.515270 25.490898 25.471670 25.448341 25.429747 25.407438 25.389463 25.368145 25.350765 25.330397 25.313583 25.294117 25.277830 25.259209 25.243404 25.225569 25.210192 25.193075 25.178066 25.161596 25.146893 25.130993 25.116524 25.101118 25.086811 25.071815 25.057594 25.042925 25.028713 25.014280 25.000000 
25.000000 25.020468 25.041155 25.061527 25.082563 25.102957 25.124472 25.145004 25.167126 25.187910 25.210760 25.231909 25.255608 25.277222 25.301884 25.324064 25.349796 25.372631 25.399538 25.423107 25.451283 25.475658 25.505184 25.530428 25.561380 25.587542 25.619986 25.647099 25.681087 25.709179 25.744747 25.773827 25.811003 25.841068 25.879860 25.910892 25.951296 25.983259 26.025255 26.058104 26.101654 26.135321 26.180374 26.214777 26.261263 26.296309 26.344137 26.379715 26.428783 26.464767 26.514956 26.551207 26.602375 26.638739 26.690739 26.727049 26.779713 26.815792 26.868940 26.904602 26.958038 26.993088 27.046610 27.080843 27.134239 27.167448 27.220493 27.252468 27.304935 27.335463 27.387117 27.415989 27.466597 27.493599 27.542927 27.567856 27.615669 27.638327 27.684397 27.704594 27.748697 27.766256 27.808180 27.822935 27.862474 27.874277 27.911240 27.919954 27.954165 27.959675 27.990973 27.993181 28.021423 28.020256 28.045319 28.040720 28.062500 28.054440 28.072855 28.061321 28.076313 28.061319 28.072851 28.054434 28.062494 28.040712 28.045309 28.020245 28.021410 27.993166 27.990953 27.959652 27.954140 27.919926 27.911209 27.874241 27.862434 27.822891 27.808130 27.766203 27.748636 27.704529 27.684322 27.638247 27.615580 27.567757 27.542818 27.493479 27.466465 27.415844 27.386959 27.335289 27.304743 27.252260 27.220263 27.167198 27.133963 27.080544 27.046280 26.992729 26.957645 26.904175 26.868473 26.815287 26.779160 26.726450 26.690086 26.638033 26.601606 26.550377 26.514051 26.463795 26.427725 26.378574 26.342897 26.294975 26.259817 26.213224 26.178692 26.133516 26.099705 26.056015 26.022999 25.980846 25.948692 25.908112 25.876863 25.837873 25.807566 25.770166 25.740812 25.704996 25.676596 25.642332 25.614874 25.582119 25.555576 25.524281 25.498611 25.468706 25.443861 25.415268 25.391182 25.363815 25.340410 25.314175 25.291370 25.266161 25.243862 25.219568 25.197676 25.174181 25.152588 25.129770 25.108366 25.086100 25.064766 25.042927 25.021547 25.000000 
25.000000 25.027464 25.054718 25.082563 25.109766 25.138165 25.165474 25.194601 25.222172 25.252188 25.280172 25.311243 25.339781 25.372063 25.401293 25.434933 25.464977 25.500118 25.531092 25.567865 25.599871 25.638393 25.671518 25.711899 25.746218 25.788549 25.824118 25.868477 25.905338 25.951786 25.989964 26.038540 26.078039 26.128771 26.169575 26.222466 26.264540 26.319571 26.362860 26.419996 26.464426 26.523605 26.569077 26.630217 26.676613 26.739609 26.786791 26.851515 26.899326 26.965628 27.013891 27.081596 27.130116 27.199034 27.247595 27.317511 27.365885 27.436571 27.484512 27.555714 27.602970 27.674425 27.720730 27.792156 27.837233 27.908340 27.951912 28.022398 28.064178 28.133738 28.173445 28.241764 28.279116 28.345879 28.380598 28.445496 28.477312 28.540031 28.568687 28.628927 28.654179 28.711647 28.733263 28.787682 28.805452 28.856554 28.870287 28.917830 28.927357 28.971113 28.976295 29.016062 29.016783 29.052382 29.048552 29.079834 29.071396 29.098236 29.085163 29.107466 29.089762 29.107464 29.085159 29.098228 29.071388 29.079823 29.048538 29.052366 29.016764 29.016041 28.976269 28.971085 28.927324 28.917793 28.870245 28.856508 28.805399 28.787624 28.733200 28.711575 28.654100 28.628839 28.568592 28.539923 28.477194 28.445362 28.380453 28.345718 28.278940 28.241570 28.173233 28.133505 28.063925 28.022118 27.951605 27.908003 27.836866 27.791754 27.720291 27.673944 27.602449 27.555141 27.483892 27.435890 27.365150 27.316710 27.246727 27.198086 27.129093 27.080482 27.012690 26.964319 26.897919 26.849983 26.785145 26.737820 26.674692 26.628134 26.566841 26.521185 26.461834 26.417192 26.359863 26.316332 26.261080 26.218733 26.165594 26.124483 26.073471 26.033627 25.984735 25.946169 25.899372 25.862076 25.817326 25.781271 25.738504 25.703648 25.662785 25.629063 25.590008 25.557343 25.519985 25.488283 25.452501 25.421659 25.387318 25.357214 25.324171 25.294680 25.262779 25.233759 25.202847 25.174154 25.144064 25.115543 25.086107 25.057602 25.028648 25.000000 
25.000000 25.034250 25.068872 25.102957 25.138165 25.172285 25.208296 25.242647 25.279673 25.314447 25.352690 25.388073 25.427736 25.463898 25.505173 25.542280 25.585348 25.623549 25.668579 25.708012 25.755161 25.795942 25.845354 25.887587 25.939384 25.983152 26.037445 26.082806 26.139677 26.186678 26.246193 26.294846 26.357048 26.407351 26.472256 26.524176 26.591778 26.645256 26.715519 26.770477 26.843342 26.899670 26.975042 27.032608 27.110374 27.169014 27.249027 27.308558 27.390642 27.450851 27.534809 27.595465 27.681061 27.741907 27.828892 27.889648 27.977743 28.038115 28.127012 28.186687 28.276070 28.334721 28.424244 28.481533 28.570839 28.626417 28.715136 28.768648 28.856398 28.907492 28.993881 29.042202 29.126839 29.172037 29.254528 29.296259 29.376215 29.414148 29.491186 29.525005 29.598751 29.628159 29.698257 29.722975 29.789083 29.808861 29.870659 29.885273 29.942465 29.951719 30.004038 30.007772 30.054977 30.053062 30.094950 30.087296 30.123693 30.110245 30.141014 30.121758 30.146797 30.121754 30.141006 30.110237 30.123682 30.087282 30.094934 30.053043 30.054955 30.007744 30.004005 29.951681 29.942425 29.885225 29.870607 29.808802 29.789019 29.722902 29.698175 29.628069 29.598652 29.524895 29.491064 29.414013 29.376064 29.296095 29.254345 29.171837 29.126617 29.041960 28.993614 28.907202 28.856075 28.768299 28.714748 28.625996 28.570377 28.481030 28.423693 28.334122 28.275414 28.185976 28.126230 28.037268 27.976816 27.888647 27.827799 27.740726 27.679773 27.594074 27.533297 27.449223 27.388868 27.306648 27.246952 27.166784 27.107954 27.030010 26.972229 26.896654 26.840076 26.766985 26.711744 26.641220 26.587420 26.519526 26.467243 26.402006 26.351295 26.288721 26.239609 26.179676 26.132162 26.074825 26.028889 25.974079 25.929672 25.877300 25.834356 25.784309 25.742743 25.694893 25.654593 25.608795 25.569639 25.525730 25.487577 25.445387 25.408081 25.367420 25.330793 25.291470 25.255344 25.217154 25.181341 25.144077 25.108383 25.071831 25.036057 25.000000 
25.000000 25.041407 25.082487 25.124472 25.165474 25.208296 25.249460 25.293373 25.334932 25.380190 25.422369 25.469215 25.512232 25.560904 25.604958 25.655678 25.700962 25.753942 25.800627 25.856066 25.904306 25.962381 26.012308 26.073183 26.124908 26.188723 26.242332 26.309200 26.364759 26.434771 26.492315 26.565535 26.625071 26.701536 26.763039 26.842756 26.906176 26.989117 27.054369 27.140478 27.207449 27.296635 27.365177 27.457317 27.527254 27.622187 27.693310 27.790844 27.862917 27.962826 28.035578 28.137602 28.210741 28.314589 28.387793 28.493143 28.566067 28.672569 28.744844 28.852125 28.923368 29.031023 29.100836 29.208445 29.276409 29.383535 29.449232 29.555420 29.618420 29.723206 29.783083 29.885998 29.942327 30.042894 30.095259 30.193008 30.241003 30.335468 30.378704 30.469431 30.507534 30.594084 30.626711 30.708660 30.735493 30.812447 30.833195 30.904781 30.919197 30.985075 30.992943 31.052809 31.053953 31.107538 31.101828 31.148907 31.136251 31.176638 31.156998 31.190546 31.163927 31.190542 31.156992 31.176626 31.136238 31.148890 31.101807 31.107515 31.053923 31.052776 30.992903 30.985033 30.919146 30.904726 30.833132 30.812376 30.735413 30.708572 30.626614 30.593975 30.507414 30.469297 30.378555 30.335306 30.240824 30.192808 30.095041 30.042652 29.942062 29.885704 29.782764 29.722853 29.618034 29.554995 29.448769 29.383026 29.275856 29.207838 29.100174 29.030300 28.922581 28.851261 28.743910 28.671545 28.564959 28.491932 28.386484 28.313160 28.209198 28.135921 28.033766 27.960854 27.860792 27.788534 27.690826 27.619490 27.524357 27.454176 27.361809 27.292988 27.203541 27.136253 27.049849 26.984234 26.900959 26.837130 26.757038 26.695072 26.618183 26.558126 26.484432 26.426302 26.355762 26.299545 26.232090 26.177746 26.113279 26.060740 25.999140 25.948313 25.889435 25.840200 25.783880 25.736099 25.682152 25.635664 25.583887 25.538515 25.488695 25.444242 25.396147 25.352406 25.305798 25.262548 25.217180 25.174191 25.129808 25.086842 25.043186 25.000000 
25.000000 25.048237 25.097004 25.145004 25.194601 25.242647 25.293373 25.341747 25.393900 25.442869 25.496738 25.546562 25.602430 25.653353 25.711491 25.763741 25.824402 25.878193 25.941616 25.997141 26.063547 26.120972 26.190559 26.250029 26.322977 26.384605 26.461063 26.524939 26.605024 26.671207 26.755013 26.823524 26.911110 26.981943 27.073332 27.146444 27.241625 27.316935 27.415861 27.493254 27.595837 27.675159 27.781273 27.862337 27.971815 28.054396 28.167034 28.250868 28.366419 28.451214 28.569393 28.654816 28.775303 28.860994 28.983431 29.069000 29.192991 29.278023 29.403143 29.487194 29.612991 29.695604 29.821594 29.902292 30.027971 30.106264 30.231110 30.306499 30.429977 30.501965 30.623524 30.691608 30.810698 30.874386 30.990450 31.049263 31.161755 31.215223 31.323603 31.371284 31.475025 31.516499 31.615101 31.649975 31.742958 31.770880 31.857794 31.878445 31.958874 31.971983 32.045551 32.050892 32.117256 32.114647 32.173527 32.162838 32.213985 32.195141 32.238369 32.211349 32.246513 32.211346 32.238361 32.195129 32.213970 32.162815 32.173504 32.114616 32.117226 32.050850 32.045506 31.971931 31.958817 31.878376 31.857719 31.770796 31.742865 31.649872 31.614985 31.516371 31.474884 31.371126 31.323429 31.215033 31.161543 31.049030 30.990194 30.874104 30.810385 30.691267 30.623148 30.501553 30.429523 30.306007 30.230566 30.105671 30.027319 29.901585 29.820816 29.694759 29.612064 29.486191 29.402042 29.276831 29.191687 29.067591 28.981890 28.859331 28.773489 28.652859 28.567261 28.448915 28.363920 28.248178 28.164110 28.051256 27.968407 27.858679 27.777309 27.670910 27.591238 27.488331 27.410542 27.311249 27.235489 27.139893 27.066271 26.974415 26.903006 26.814896 26.745737 26.661345 26.594437 26.513697 26.449009 26.371826 26.309294 26.235538 26.175068 26.104586 26.046053 25.978662 25.921915 25.857410 25.802273 25.740429 25.686705 25.627277 25.574745 25.517473 25.465897 25.410505 25.359634 25.305840 25.255409 25.202919 25.152653 25.101166 25.050785 25.000000 
25.000000 25.055593 25.110750 25.167126 25.222172 25.279673 25.334932 25.393900 25.449690 25.510462 25.567083 25.629988 25.687731 25.753084 25.812222 25.880323 25.941111 26.012245 26.074913 26.149345 26.214100 26.292068 26.359089 26.440811 26.510246 26.595911 26.667877 26.757637 26.832220 26.926197 27.003443 27.101725 27.181643 27.284275 27.366838 27.473829 27.558964 27.670280 27.757875 27.873440 27.963343 28.083031 28.175045 28.298691 28.392580 28.519968 28.615452 28.746326 28.843086 28.977140 29.074816 29.211704 29.309900 29.449230 29.547516 29.688856 29.786768 29.929649 30.026695 30.170614 30.266277 30.410694 30.504438 30.648788 30.740059 30.883751 30.971981 31.114408 31.199026 31.339565 31.419996 31.558018 31.633692 31.768559 31.838915 31.969995 32.034492 32.161163 32.219273 32.340919 32.392151 32.508186 32.552074 32.661934 32.698044 32.801201 32.829151 32.925098 32.944553 33.032841 33.043510 33.123726 33.125378 33.197166 33.189617 33.252670 33.235809 33.289883 33.263649 33.308548 33.272945 33.308540 33.263638 33.289867 33.235790 33.252651 33.189587 33.197132 33.125336 33.123684 33.043457 33.032784 32.944481 32.925026 32.829063 32.801105 32.697937 32.661816 32.551941 32.508041 32.391991 32.340740 32.219074 32.160942 32.034248 31.969728 31.838621 31.768234 31.633335 31.557625 31.419567 31.339094 31.198509 31.113838 30.971361 30.883066 30.739315 30.647970 30.503551 30.409719 30.265221 30.169455 30.025440 29.928274 29.785280 29.687229 29.545757 29.447311 29.307829 29.209446 29.072382 28.974491 28.840233 28.743223 28.612116 28.516346 28.388689 28.294472 28.170521 28.078131 27.958094 27.867764 27.751804 27.663723 27.551958 27.466274 27.358776 27.275593 27.172392 27.091774 26.992855 26.914824 26.820135 26.744673 26.654121 26.581171 26.494629 26.424103 26.341404 26.273176 26.194128 26.128038 26.052423 25.988283 25.915852 25.853447 25.783928 25.723021 25.656126 25.596453 25.531874 25.473154 25.410570 25.352510 25.291590 25.233877 25.174282 25.116598 25.057981 25.000000 
25.000000 25.062511 25.125710 25.187910 25.252188 25.314447 25.380190 25.442869 25.510462 25.573910 25.643728 25.708282 25.780687 25.846666 25.922007 25.989708 26.068316 26.138014 26.220200 26.292139 26.378187 26.452589 26.542757 26.619808 26.714323 26.794174 26.893230 26.975992 27.079746 27.165497 27.274065 27.362833 27.476294 27.568071 27.686455 27.781183 27.904474 28.002052 28.130188 28.230465 28.363331 28.466112 28.603544 28.708584 28.850367 28.957371 29.103239 29.211874 29.361507 29.471386 29.624420 29.735117 29.891130 30.002178 30.160707 30.271601 30.432138 30.542337 30.704330 30.813265 30.976124 31.083200 31.246304 31.350903 31.513596 31.615084 31.776688 31.874426 32.034248 32.127583 32.284912 32.373199 32.527321 32.609921 32.760120 32.836407 32.981972 33.051342 33.191578 33.253456 33.387680 33.441521 33.569084 33.614384 33.734665 33.770962 33.883381 33.910267 34.014282 34.031406 34.126530 34.133595 34.219395 34.216164 34.292263 34.278572 34.344658 34.320408 34.376232 34.341396 34.386780 34.341389 34.376221 34.320393 34.344639 34.278545 34.292233 34.216122 34.219349 34.133541 34.126472 34.031338 34.014210 33.910179 33.883286 33.770855 33.734547 33.614250 33.568935 33.441357 33.387497 33.253254 33.191353 33.051098 32.981697 32.836105 32.759789 32.609554 32.526917 32.372757 32.284424 32.127048 32.033661 31.873785 31.775984 31.614317 31.512749 31.349985 31.245295 31.082106 30.974924 30.811964 30.702902 30.540792 30.430449 30.269773 30.158712 30.000021 29.888777 29.732578 29.621655 29.468409 29.358267 29.208385 29.099449 28.953299 28.845945 28.703838 28.598404 28.460602 28.357368 28.224085 28.123291 27.994680 27.896519 27.772690 27.677299 27.558311 27.465790 27.351648 27.262041 27.152712 27.066021 26.961420 26.877605 26.777607 26.696587 26.601025 26.522676 26.431349 26.355511 26.268187 26.194660 26.111074 26.039635 25.959492 25.889881 25.812868 25.744802 25.670580 25.603752 25.531967 25.466051 25.396334 25.330988 25.262960 25.197826 25.131100 25.065813 25.000000 
25.000000 25.070110 25.139664 25.210760 25.280172 25.352690 25.422369 25.496738 25.567083 25.643728 25.715120 25.794451 25.867258 25.949673 26.024239 26.110115 26.186760 26.276459 26.355473 26.449326 26.530970 26.629278 26.713779 26.816816 26.904362 27.012362 27.103098 27.216257 27.310293 27.428762 27.526155 27.650043 27.750809 27.880177 27.984276 28.119131 28.226473 28.366774 28.477221 28.622868 28.736223 28.887062 29.003082 29.158899 29.277287 29.437813 29.558214 29.723124 29.845135 30.014044 30.137217 30.309687 30.433519 30.609056 30.733006 30.911070 31.034552 31.214550 31.336946 31.518236 31.638897 31.820807 31.939053 32.120869 32.236000 32.416981 32.528290 32.707661 32.814426 32.991409 33.092903 33.266705 33.362206 33.532024 33.620834 33.785873 33.867298 34.026772 34.100159 34.253296 34.318020 34.464077 34.519547 34.657822 34.703495 34.833309 34.868706 34.989437 35.014133 35.125202 35.138832 35.239731 35.241997 35.332272 35.322948 35.402218 35.381157 35.449104 35.416237 35.472622 35.427952 35.472618 35.416225 35.449085 35.381134 35.402187 35.322910 35.332230 35.241943 35.239677 35.138763 35.125134 35.014046 34.989346 34.868599 34.833191 34.703358 34.657669 34.519379 34.463894 34.317814 34.253071 34.099911 34.026493 33.866997 33.785534 33.620464 33.531616 33.361759 33.266209 33.092361 32.990814 32.813774 32.706944 32.527508 32.416119 32.235065 32.119835 31.937935 31.819578 31.637564 31.516775 31.335361 31.212814 31.032675 30.909018 30.730787 30.606636 30.430904 30.306837 30.134146 30.010700 29.841536 29.719208 29.554005 29.433241 29.272377 29.153574 28.997374 28.880878 28.729601 28.615705 28.469559 28.358500 28.217636 28.109598 27.974106 27.869225 27.739140 27.637491 27.512800 27.414415 27.295048 27.199902 27.085745 26.993769 26.884659 26.795738 26.691471 26.605446 26.505779 26.422449 26.327105 26.246235 26.154898 26.076218 25.988550 25.911755 25.827393 25.752153 25.670712 25.596674 25.517748 25.444538 25.367708 25.294937 25.219778 25.147039 25.073118 25.000000 
25.000000 25.077147 25.155148 25.231909 25.311243 25.388073 25.469215 25.546562 25.629988 25.708282 25.794451 25.874109 25.963469 26.044884 26.137861 26.221401 26.318409 26.404409 26.505827 26.594595 26.700773 26.792580 26.903835 26.998911 27.115524 27.214052 27.336262 27.438383 27.566381 27.672190 27.806122 27.915655 28.055614 28.168861 28.314884 28.431774 28.583843 28.704248 28.862284 28.986023 29.149883 29.276712 29.446196 29.575815 29.750654 29.882706 30.062572 30.196634 30.381136 30.516737 30.705420 30.842035 31.034382 31.171436 31.366875 31.503744 31.701647 31.837666 32.037350 32.171818 32.372559 32.504742 32.705769 32.834900 33.035412 33.160717 33.359879 33.480560 33.677509 33.792770 33.986637 34.095676 34.285576 34.387608 34.572662 34.666920 34.846249 34.931980 35.104729 35.181225 35.346554 35.413147 35.570251 35.626316 35.774433 35.819405 35.957817 35.991192 36.119236 36.140575 36.257652 36.266586 36.372162 36.368404 36.462021 36.445366 36.526627 36.496956 36.565563 36.522831 36.578568 36.522827 36.565552 36.496937 36.526604 36.445332 36.461979 36.368359 36.372108 36.266521 36.257584 36.140488 36.119148 35.991081 35.957703 35.819267 35.774284 35.626148 35.570065 35.412941 35.346325 35.180977 35.104450 34.931675 34.845909 34.666546 34.572250 34.387157 34.285080 34.095131 33.986034 33.792110 33.676785 33.479767 33.359005 33.159771 33.034367 32.833771 32.704521 32.503387 32.371075 32.170208 32.035587 31.835756 31.699558 31.501486 31.364408 31.168772 31.031475 30.838900 30.702003 30.513058 30.377132 30.192326 30.057890 29.877674 29.745197 29.569958 29.439848 29.269911 29.142521 28.978142 28.853767 28.695147 28.574017 28.421286 28.303581 28.156811 28.042643 27.901846 27.791277 27.656406 27.549437 27.420391 27.316973 27.193598 27.093626 26.975721 26.879044 26.766359 26.672779 26.565027 26.474302 26.371157 26.283003 26.184103 26.098207 26.003164 25.919172 25.827572 25.745108 25.656511 25.575172 25.489126 25.408487 25.324526 25.244146 25.161795 25.081224 25.000000 
25.000000 25.085030 25.169378 25.255608 25.339781 25.427736 25.512232 25.602430 25.687731 25.780687 25.867258 25.963469 26.051754 26.151699 26.242117 26.346258 26.439194 26.547964 26.643770 26.757572 26.856569 26.975767 27.078228 27.203152 27.309303 27.440235 27.550259 27.687437 27.801460 27.945068 28.063162 28.213331 28.335514 28.492315 28.618540 28.781984 28.912144 29.082178 29.216103 29.392605 29.530062 29.712843 29.853535 30.042339 30.185902 30.380402 30.526411 30.726210 30.874176 31.078810 31.228188 31.437124 31.587307 31.799948 31.950281 32.165966 32.315742 32.533756 32.682220 32.901791 33.048161 33.268463 33.411915 33.632092 33.771778 33.990925 34.125984 34.343178 34.472733 34.687019 34.810192 35.020611 35.136536 35.342113 35.449936 35.649712 35.748596 35.941616 36.030762 36.216095 36.294750 36.471500 36.538948 36.706253 36.761845 36.918888 36.962036 37.108063 37.138248 37.272568 37.289345 37.411335 37.414349 37.523464 37.512436 37.608212 37.582970 37.665020 37.625473 37.693520 37.639668 37.693512 37.625458 37.665001 37.582939 37.608177 37.512394 37.523415 37.414288 37.411270 37.289261 37.272480 37.138142 37.107948 36.961903 36.918743 36.761681 36.706070 36.538746 36.471275 36.294502 36.215820 36.030460 35.941277 35.748226 35.649300 35.449486 35.341618 35.135990 35.020008 34.809536 34.686291 34.471939 34.342300 34.125034 33.989876 33.770641 33.630836 33.410557 33.266972 33.046539 32.900013 32.680298 32.531651 32.313461 32.163475 31.947588 31.797010 31.584135 31.433666 31.224461 31.074753 30.869806 30.721458 30.521301 30.374853 30.179943 30.035877 29.846605 29.705339 29.522024 29.383913 29.206806 29.072138 28.901419 28.770418 28.606201 28.479025 28.321354 28.198101 28.046957 27.927660 27.782963 27.667595 27.529203 27.417679 27.285400 27.177580 27.051165 26.946854 26.826012 26.724970 26.609358 26.511299 26.400543 26.305138 26.198826 26.105705 26.003399 25.912163 25.813393 25.723614 25.627892 25.539116 25.445936 25.357689 25.266535 25.178326 25.088675 25.000000 
25.000000 25.092220 25.185467 25.277222 25.372063 25.463898 25.560904 25.653353 25.753084 25.846666 25.949673 26.044884 26.151699 26.249010 26.360147 26.459993 26.575941 26.678730 26.799942 26.906036 27.032930 27.142656 27.275612 27.389242 27.528591 27.646349 27.792377 27.914431 28.067368 28.193825 28.353840 28.484753 28.651957 28.787308 28.961746 29.101452 29.283100 29.427011 29.615776 29.763674 29.959385 30.110977 30.313391 30.468321 30.677122 30.834959 31.049749 31.209999 31.430309 31.592403 31.817692 31.981005 32.210655 32.374500 32.607826 32.771458 33.007710 33.170334 33.408699 33.569481 33.809090 33.967148 34.207085 34.361507 34.600811 34.750668 34.988350 35.132690 35.367718 35.505592 35.736919 35.867378 36.093952 36.216053 36.436825 36.549641 36.763565 36.866211 37.072262 37.163887 37.361065 37.440872 37.628216 37.695457 37.872059 37.926064 38.091064 38.131222 38.283836 38.309624 38.449135 38.460117 38.585884 38.581715 38.693192 38.673622 38.770348 38.735233 38.816845 38.766140 38.832375 38.766129 38.816830 38.735210 38.770317 38.673584 38.693146 38.581657 38.585819 38.460037 38.449051 38.309521 38.283726 38.131092 38.090923 37.925903 37.871880 37.695263 37.627995 37.440628 37.360790 37.163589 37.071926 36.865849 36.763157 36.549198 36.436329 36.215511 36.093357 35.866726 35.736198 35.504807 35.366844 35.131744 34.987301 34.749538 34.599564 34.360149 34.205593 33.965527 33.807312 33.567554 33.406590 33.168053 33.005211 32.768757 32.604874 32.371311 32.207180 31.977255 31.813608 31.588001 31.425520 31.204844 31.044149 30.828943 30.670591 30.461315 30.305799 30.102840 29.950579 29.754248 29.605589 29.416124 29.271349 29.088907 28.948227 28.772894 28.636442 28.468235 28.336084 28.174948 28.047102 27.892914 27.769310 27.621889 27.502405 27.361511 27.245964 27.111301 26.999454 26.870680 26.762245 26.638968 26.533607 26.415398 26.312733 26.199127 26.098738 25.989243 25.890678 25.784769 25.687548 25.584686 25.488300 25.387930 25.291853 25.193405 25.097095 25.000000 
25.000000 25.100424 25.200041 25.301884 25.401293 25.505173 25.604958 25.711491 25.812222 25.922007 26.024239 26.137861 26.242117 26.360147 26.466917 26.589895 26.699638 26.828077 26.941210 27.075581 27.192478 27.333212 27.454199 27.601685 27.727030 27.881599 28.011515 28.173447 28.308086 28.477596 28.617044 28.794287 28.938560 29.123621 29.272669 29.465557 29.619253 29.819904 29.978050 30.186317 30.348639 30.564302 30.730444 30.953201 31.122738 31.352200 31.524630 31.760328 31.935076 32.176460 32.352882 32.599323 32.776707 33.027500 33.205067 33.459438 33.636356 33.893456 34.068836 34.327751 34.500668 34.760433 34.929913 35.189510 35.354557 35.612926 35.772518 36.028564 36.181675 36.434273 36.579865 36.827881 36.964931 37.207218 37.334717 37.570141 37.687107 37.914547 38.020039 38.238392 38.331512 38.539722 38.619633 38.816689 38.882618 39.067558 39.118813 39.290749 39.326714 39.484829 39.504982 39.648544 39.652466 39.780827 39.768192 39.880814 39.851406 39.947838 39.901554 39.981457 39.918301 39.981449 39.901535 39.947815 39.851372 39.880772 39.768143 39.780769 39.652393 39.648464 39.504887 39.484722 39.326588 39.290611 39.118656 39.067387 38.882423 38.816471 38.619396 38.539459 38.331219 38.238064 38.019676 37.914146 37.686668 37.569656 37.334187 37.206631 36.964287 36.827168 36.579090 36.433411 36.180737 36.027527 35.771397 35.611683 35.353214 35.188030 34.928307 34.758667 34.498749 34.325653 34.066559 33.890965 33.633659 33.456493 33.201881 33.024029 32.772953 32.595238 32.348476 32.171661 31.929909 31.754711 31.518591 31.345640 31.115696 30.945564 30.722256 30.555435 30.339140 30.176048 29.967064 29.808039 29.606581 29.451889 29.258089 29.107916 28.921831 28.776289 28.597895 28.457027 28.286230 28.150002 27.986639 27.854948 27.698788 27.571470 27.422226 27.299053 27.156376 27.037062 26.900555 26.784761 26.653978 26.541317 26.415777 26.305815 26.184996 26.077257 25.960611 25.854591 25.741539 25.636703 25.526653 25.422438 25.314779 25.210608 25.104725 25.000000 
25.000000 25.107803 25.216808 25.324064 25.434933 25.542280 25.655678 25.763741 25.880323 25.989708 26.110115 26.221401 26.346258 26.459993 26.589895 26.706596 26.842112 26.962250 27.103907 27.227909 27.376200 27.504442 27.659805 27.792612 27.955437 28.093067 28.263681 28.406332 28.585007 28.732805 28.919737 29.072741 29.268059 29.426249 29.630005 29.793287 30.005449 30.173651 30.394106 30.566969 30.795521 30.972708 31.209072 31.390163 31.633968 31.818462 32.069244 32.256561 32.513771 32.703259 32.966259 33.157173 33.425247 33.616795 33.889145 34.080448 34.356194 34.546333 34.824528 35.012520 35.292145 35.476971 35.756958 35.937550 36.216782 36.392052 36.669357 36.838203 37.112392 37.273693 37.543545 37.696198 37.960480 38.103382 38.360867 38.492943 38.742416 38.862629 39.102886 39.210243 39.440125 39.533691 39.752079 39.830982 40.036812 40.100266 40.292538 40.339832 40.517632 40.548153 40.710640 40.723881 40.870316 40.865871 40.995609 40.973194 41.085705 41.045135 41.139996 41.081219 41.158127 41.081211 41.139980 41.045109 41.085667 40.973148 40.995556 40.865807 40.870239 40.723789 40.710541 40.548035 40.517498 40.339680 40.292370 40.100075 40.036602 39.830750 39.751816 39.533405 39.439808 39.209892 39.102497 38.862198 38.741940 38.492424 38.360291 38.102749 37.959782 37.695431 37.542702 37.272774 37.111374 36.837093 36.668137 36.390724 36.215317 35.935963 35.755215 35.475075 35.290070 35.010265 34.822060 34.543659 34.353268 34.077286 33.885689 33.613064 33.421181 33.152786 32.961479 32.698105 32.508167 32.250534 32.062691 31.811424 31.626329 31.381968 31.200190 30.963188 30.785219 30.555943 30.382191 30.160913 29.991703 29.778616 29.614189 29.409391 29.249912 29.053423 28.898972 28.710726 28.561306 28.381166 28.236704 28.064461 27.924812 27.760183 27.625135 27.467777 27.337053 27.186565 27.059826 26.915754 26.792608 26.654451 26.534454 26.401672 26.284334 26.156347 26.041140 25.917341 25.803703 25.683462 25.570799 25.453468 25.341162 25.226080 25.113501 25.000000 
25.000000 25.116364 25.231787 25.349796 25.464977 25.585348 25.700962 25.824402 25.941111 26.068316 26.186760 26.318409 26.439194 26.575941 26.699638 26.842112 26.969252 27.118038 27.249107 27.404755 27.540182 27.703192 27.843357 28.014172 28.159384 28.338392 28.488901 28.676422 28.832399 29.028685 29.190231 29.395456 29.562595 29.776855 29.949528 30.172832 30.350891 30.583166 30.766382 31.007458 31.195515 31.445131 31.637621 31.895430 32.091854 32.357407 32.557190 32.829937 33.032417 33.311722 33.516148 33.801285 34.006832 34.296989 34.502758 34.797031 35.002056 35.299461 35.502724 35.802208 36.002628 36.303074 36.499527 36.799755 36.991089 37.289871 37.474907 37.770973 37.948524 38.240574 38.409435 38.696159 38.855148 39.135223 39.283169 39.555283 39.691048 39.953896 40.076397 40.328712 40.436905 40.677471 40.770382 40.998020 41.074764 41.288364 41.348137 41.546673 41.588757 41.771286 41.795086 41.960758 41.965775 42.113850 42.099716 42.229565 42.196022 42.307133 42.254059 42.346039 42.273441 42.346031 42.254040 42.307106 42.195984 42.229519 42.099655 42.113781 41.965691 41.960663 41.794971 41.771160 41.588615 41.546513 41.347954 41.288162 41.074539 40.997768 40.770107 40.677162 40.436565 40.328335 40.075977 39.953434 39.690540 39.554718 39.282551 39.134541 38.854397 38.695335 38.408531 38.239578 37.947433 37.769775 37.473606 37.288433 36.989529 36.798038 36.497662 36.301025 36.000404 35.799774 35.500084 35.296574 34.998928 34.793613 34.499062 34.292961 34.002480 33.796547 33.511032 33.306160 33.026421 32.823421 32.550186 32.349800 32.083691 31.886574 31.628126 31.434849 31.184500 30.995548 30.753643 30.569408 30.336197 30.156982 29.932621 29.758644 29.543198 29.374590 29.168034 29.004837 28.807062 28.649242 28.460062 28.307499 28.126648 27.979149 27.806293 27.663595 27.498335 27.360107 27.201982 27.067833 26.916332 26.785807 26.640369 26.512968 26.372995 26.248171 26.113022 25.990189 25.859200 25.737734 25.610220 25.489471 25.364729 25.244028 25.121344 25.000000 
25.000000 25.123960 25.249304 25.372631 25.500118 25.623549 25.753942 25.878193 26.012245 26.138014 26.276459 26.404409 26.547964 26.678730 26.828077 26.962250 27.118038 27.256163 27.419003 27.561567 27.732019 27.879459 28.058029 28.210712 28.397844 28.556072 28.752144 28.916143 29.121458 29.291376 29.506166 29.682070 29.906477 30.088345 30.322428 30.510151 30.753876 30.947254 31.200485 31.399229 31.661739 31.865461 32.136925 32.345135 32.625122 32.837254 33.125237 33.340618 33.635960 33.853840 34.155807 34.375347 34.683117 34.903389 35.216042 35.436050 35.752579 35.971260 36.290573 36.506802 36.827736 37.040337 37.361660 37.569412 37.889839 38.091492 38.409683 38.603973 38.918556 39.104202 39.413773 39.589497 39.892651 40.057190 40.352516 40.504639 40.790730 40.929245 41.204735 41.328499 41.592052 41.699989 41.950325 42.041435 42.277332 42.350708 42.571022 42.625854 42.829525 42.865112 43.051186 43.066933 43.234558 43.230007 43.378452 43.353260 43.481918 43.435883 43.544266 43.477325 43.565090 43.477314 43.544247 43.435852 43.481876 43.353207 43.378391 43.229927 43.234470 43.066826 43.051067 42.864975 42.829372 42.625683 42.570827 42.350494 42.277092 42.041168 41.950027 41.699661 41.591686 41.328094 41.204288 40.928749 40.790184 40.504036 40.351852 40.056461 39.891846 39.588615 39.412804 39.103138 38.917385 38.602699 38.408276 38.089966 37.888153 37.567585 37.359650 37.038155 36.825344 36.504208 36.287735 35.968182 35.749214 35.432407 35.212070 34.899094 34.678436 34.370293 34.150307 33.847908 33.629509 33.333679 33.117695 32.829155 32.616333 32.335705 32.126701 31.854504 31.649885 31.386539 31.186773 30.932598 30.738056 30.493269 30.304230 30.068947 29.885597 29.659842 29.482273 29.265974 29.094191 28.887190 28.721107 28.523163 28.362614 28.173407 28.018145 27.837280 27.686989 27.514009 27.368298 27.202681 27.061100 26.902273 26.764309 26.611650 26.476742 26.329592 26.197130 26.054789 25.924128 25.785873 25.656330 25.521418 25.392286 25.259958 25.130508 25.000000 
25.000000 25.132910 25.264746 25.399538 25.531092 25.668579 25.800627 25.941616 26.074913 26.220200 26.355473 26.505827 26.643770 26.799942 26.941210 27.103907 27.249107 27.419003 27.568686 27.746403 27.901066 28.087173 28.247242 28.442247 28.608078 28.812424 28.984299 29.198343 29.376469 29.600498 29.784983 30.019197 30.210070 30.454575 30.651766 30.906574 31.109921 31.374943 31.584181 31.859222 32.073994 32.358757 32.578598 32.872681 33.097023 33.399914 33.628098 33.939178 34.170441 34.488979 34.722477 35.047642 35.282429 35.613293 35.848343 36.183872 36.418091 36.757168 36.989384 37.330807 37.559795 37.902279 38.126762 38.468967 38.687626 39.028152 39.239643 39.577042 39.780003 40.112793 40.305866 40.632549 40.814373 41.133442 41.302689 41.612644 41.768017 42.067379 42.207630 42.494957 42.618908 42.892803 42.999340 43.258469 43.346573 43.589672 43.658428 43.884327 43.932922 44.140545 44.168289 44.356674 44.363007 44.531307 44.515800 44.663300 44.625660 44.751781 44.691864 44.796162 44.713970 44.796150 44.691841 44.751747 44.625614 44.663246 44.515728 44.531227 44.362911 44.356564 44.168163 44.140400 43.932758 43.884144 43.658222 43.589443 43.346313 43.258183 42.999023 42.892452 42.618519 42.494530 42.207157 42.066853 41.767437 41.612003 41.301979 41.132660 40.813515 40.631603 40.304832 40.111656 39.778759 39.575668 39.238152 39.026508 38.685841 38.467003 38.124630 37.899940 37.557255 37.328022 36.986366 36.753864 36.414516 36.179966 35.844120 35.608685 35.277451 35.042225 34.716629 34.482620 34.163589 33.931728 33.620087 33.391220 33.087685 32.862556 32.567738 32.347004 32.061401 31.845608 31.569620 31.359215 31.093124 30.888458 30.632442 30.433760 30.187897 29.995348 29.759611 29.573242 29.347511 29.167282 28.951342 28.777115 28.570667 28.402224 28.204887 28.041925 27.853247 27.695387 27.514843 27.361637 27.188643 27.039577 26.873497 26.727995 26.568142 26.425583 26.271235 26.130945 25.981340 25.842611 25.696972 25.559061 25.416582 25.278723 25.138594 25.000000 
