25.000000 25.000000 25.000000 25.000000 25.000000 25.000000 25.000000 25.000000 25.000000 25.000000 25.000000 25.000000 25.000000 25.000000 25.000000 25.000000 25.000000 25.000000 25.000000 25.000000 25.000000 25.000000 25.000000 25.000000 25.000000 25.000000 25.000000 25.000000 25.000000 25.000000 25.000000 25.000000 25.000000 25.000000 25.000000 25.000000 25.000000 25.000000 25.000000 25.000000 25.000000 25.000000 25.000000 25.000000 25.000000 25.000000 25.000000 25.000000 25.000000 25.000000 25.000000 25.000000 25.000000 25.000000 25.000000 25.000000 25.000000 25.000000 25.000000 25.000000 25.000000 25.000000 25.000000 25.000000 25.000000 25.000000 25.000000 25.000000 25.000000 25.000000 25.000000 25.000000 25.000000 25.000000 25.000000 25.000000 25.000000 25.000000 25.000000 25.000000 25.000000 25.000000 25.000000 25.000000 25.000000 25.000000 25.000000 25.000000 25.000000 25.000000 25.000000 25.000000 25.000000 25.000000 25.000000 25.000000 25.000000 25.000000 25.000000 25.000000 25.000000 25.000000 25.000000 25.000000 25.000000 25.000000 25.000000 25.000000 25.000000 25.000000 25.000000 25.000000 25.000000 25.000000 25.000000 25.000000 25.000000 25.000000 25.000000 25.000000 25.000000 25.000000 25.000000 25.000000 25.000000 25.000000 25.000000 25.000000 25.000000 25.000000 25.000000 25.000000 25.000000 25.000000 25.000000 25.000000 25.000000 25.000000 25.000000 25.000000 25.000000 25.000000 25.000000 25.000000 25.000000 25.000000 25.000000 25.000000 25.000000 25.000000 25.000000 25.000000 25.000000 25.000000 25.000000 25.000000 25.000000 25.000000 25.000000 25.000000 25.000000 25.000000 25.000000 25.000000 25.000000 25.000000 25.000000 25.000000 25.000000 25.000000 25.000000 25.000000 25.000000 25.000000 25.000000 25.000000 25.000000 25.000000 25.000000 25.000000 25.000000 25.000000 25.000000 25.000000 25.000000 25.000000 25.000000 25.000000 25.000000 25.000000 25.000000 25.000000 25.000000 25.000000 25.000000 25.000000 25.000000 25.000000 25.000000 25.000000 
25.000000 25.005224 25.010506 25.015715 25.021099 25.026329 25.031862 25.037153 25.042879 25.048273 25.054232 25.059767 25.066000 25.071709 25.078260 25.084177 25.091084 25.097242 25.104538 25.110968 25.118690 25.125416 25.133595 25.140640 25.149305 25.156689 25.165865 25.173601 25.183310 25.191412 25.201674 25.210146 25.220970 25.229818 25.241215 25.250435 25.262405 25.271988 25.284533 25.294466 25.307579 25.317842 25.331509 25.342079 25.356279 25.367130 25.381840 25.392931 25.408121 25.419415 25.435045 25.446495 25.462524 25.474081 25.490459 25.502066 25.518742 25.530336 25.547249 25.558769 25.575853 25.587233 25.604420 25.615587 25.632803 25.643686 25.660856 25.671379 25.688425 25.698513 25.715351 25.724932 25.741478 25.750473 25.766647 25.774984 25.790703 25.798309 25.813488 25.820297 25.834860 25.840805 25.854671 25.859694 25.872791 25.876835 25.889093 25.892111 25.903465 25.905413 25.915804 25.916647 25.926023 25.925734 25.934050 25.932606 25.939825 25.937216 25.943308 25.939529 25.944471 25.939529 25.943308 25.937214 25.939825 25.932604 25.934050 25.925732 25.926022 25.916645 25.915802 25.905409 25.903461 25.892107 25.889090 25.876831 25.872786 25.859688 25.854666 25.840797 25.834852 25.820288 25.813478 25.798298 25.790689 25.774969 25.766632 25.750456 25.741459 25.724911 25.715328 25.698488 25.688396 25.671349 25.660820 25.643648 25.632761 25.615540 25.604366 25.587175 25.575788 25.558699 25.547171 25.530252 25.518646 25.501963 25.490347 25.473959 25.462389 25.446348 25.434883 25.419239 25.407928 25.392723 25.381611 25.366882 25.356009 25.341787 25.331186 25.317497 25.307199 25.294060 25.284088 25.271509 25.261883 25.249874 25.240604 25.229164 25.220259 25.209385 25.200846 25.190527 25.182352 25.172577 25.164757 25.155504 25.148027 25.139278 25.132128 25.123854 25.117010 25.109182 25.102621 25.095205 25.088900 25.081863 25.075783 25.069086 25.063196 25.056801 25.051069 25.044931 25.039320 25.033401 25.027870 25.022125 25.016636 25.011021 25.005529 25.000000 
25.000000 25.010506 25.020939 25.031605 25.042042 25.052963 25.063484 25.074745 25.085430 25.097116 25.108046 25.120243 25.131485 25.144276 25.155903 25.169365 25.181446 25.195654 25.208246 25.223272 25.236433 25.252344 25.266121 25.282976 25.297415 25.315268 25.330399 25.349298 25.365150 25.385136 25.401726 25.422829 25.440168 25.462408 25.480494 25.503883 25.522707 25.547249 25.566788 25.592472 25.612694 25.639502 25.660362 25.688261 25.709711 25.738655 25.760628 25.790564 25.812981 25.843840 25.866617 25.898319 25.921360 25.953812 25.977009 26.010109 26.033348 26.066982 26.090137 26.124182 26.147121 26.181440 26.204029 26.238482 26.260572 26.295010 26.316456 26.350721 26.371372 26.405306 26.425013 26.458448 26.477060 26.509830 26.527199 26.559139 26.575117 26.606062 26.620510 26.650295 26.663080 26.691551 26.702545 26.729549 26.738640 26.764034 26.771114 26.794764 26.799744 26.821522 26.824324 26.844122 26.844681 26.862402 26.860670 26.876228 26.872175 26.885502 26.879110 26.890156 26.881428 26.890156 26.879110 26.885500 26.872171 26.876226 26.860668 26.862398 26.844679 26.844118 26.824320 26.821518 26.799738 26.794756 26.771109 26.764025 26.738630 26.729540 26.702534 26.691538 26.663063 26.650280 26.620489 26.606039 26.575092 26.559111 26.527168 26.509798 26.477022 26.458406 26.424967 26.405254 26.371315 26.350657 26.316385 26.294931 26.260487 26.238386 26.203924 26.181326 26.146996 26.124041 26.089985 26.066813 26.033163 26.009905 25.976786 25.953566 25.921091 25.898024 25.866297 25.843487 25.812597 25.790142 25.760172 25.738157 25.709171 25.687670 25.659725 25.638802 25.611940 25.591648 25.565901 25.546282 25.521667 25.502754 25.479280 25.461088 25.438751 25.421293 25.400082 25.383354 25.363243 25.347235 25.328194 25.312887 25.294872 25.280237 25.263201 25.249201 25.233089 25.219679 25.204428 25.191557 25.177097 25.164707 25.150967 25.138996 25.125898 25.114277 25.101740 25.090397 25.078339 25.067196 25.055531 25.044508 25.033148 25.022167 25.011021 25.000000 
25.000000 25.015715 25.031605 25.047266 25.063469 25.079197 25.095846 25.111763 25.128988 25.145210 25.163139 25.179779 25.198538 25.215706 25.235415 25.253212 25.273987 25.292511 25.314461 25.333797 25.357027 25.377254 25.401861 25.423048 25.449114 25.471319 25.498924 25.522192 25.551399 25.575766 25.606628 25.632116 25.664673 25.691284 25.725561 25.753290 25.789297 25.818119 25.855852 25.885727 25.925165 25.956036 25.997137 26.028933 26.071642 26.104273 26.148514 26.181875 26.227556 26.261524 26.308533 26.342972 26.391180 26.425936 26.475195 26.510101 26.560251 26.595127 26.645988 26.680639 26.732018 26.766245 26.817928 26.851521 26.903294 26.936028 26.987661 27.019316 27.070568 27.100920 27.151548 27.180367 27.230124 27.257183 27.305817 27.330896 27.378159 27.401043 27.446686 27.467173 27.510956 27.528847 27.570538 27.585651 27.625029 27.637201 27.674055 27.683140 27.717276 27.723143 27.754385 27.756927 27.785118 27.784254 27.809256 27.804924 27.826624 27.818789 27.837095 27.825747 27.840593 27.825745 27.837093 27.818787 27.826622 27.804920 27.809254 27.784250 27.785114 27.756924 27.754377 27.723135 27.717268 27.683130 27.674044 27.637190 27.625015 27.585636 27.570520 27.528826 27.510933 27.467144 27.446657 27.401011 27.378120 27.330854 27.305771 27.257132 27.230066 27.180304 27.151478 27.100842 27.070482 27.019220 26.987555 26.935911 26.903164 26.851377 26.817770 26.766071 26.731825 26.680431 26.645756 26.594875 26.559973 26.509796 26.474859 26.425568 26.390776 26.342531 26.308048 26.261000 26.226976 26.181248 26.147825 26.103527 26.070826 26.028049 25.996172 25.954992 25.924025 25.884499 25.854513 25.816677 25.787727 25.751600 25.723726 25.689312 25.662533 25.629820 25.604143 25.573103 25.548517 25.519110 25.495592 25.467760 25.445276 25.418951 25.397451 25.372557 25.351978 25.328424 25.308695 25.286385 25.267422 25.246248 25.227962 25.207813 25.190105 25.170860 25.153624 25.135159 25.118282 25.100475 25.083841 25.066555 25.050043 25.033150 25.016636 25.000000 
25.000000 25.021099 25.042042 25.063469 25.084421 25.106356 25.127478 25.150097 25.171549 25.195023 25.216961 25.241461 25.264030 25.289719 25.313065 25.340099 25.364351 25.392887 25.418167 25.448345 25.474766 25.506718 25.534376 25.568226 25.597208 25.633062 25.663439 25.701391 25.733215 25.773344 25.806654 25.849024 25.883835 25.928488 25.964798 26.011761 26.049551 26.098824 26.138050 26.189617 26.230217 26.284037 26.325922 26.381929 26.424994 26.483101 26.527214 26.587309 26.632318 26.694265 26.739998 26.803635 26.849897 26.915039 26.961617 27.028057 27.074718 27.142229 27.188723 27.257055 27.303118 27.372002 27.417356 27.486507 27.530867 27.599983 27.643049 27.711819 27.753292 27.821392 27.860971 27.928070 27.965450 28.031216 28.066097 28.130196 28.162289 28.224386 28.253408 28.313179 28.338863 28.395992 28.418087 28.472269 28.490541 28.541489 28.555729 28.603172 28.613195 28.656885 28.662539 28.702251 28.703402 28.738941 28.735495 28.766697 28.758589 28.785313 28.772512 28.794653 28.777164 28.794653 28.772511 28.785311 28.758585 28.766693 28.735491 28.738937 28.703394 28.702244 28.662529 28.656876 28.613184 28.603157 28.555714 28.541471 28.490522 28.472248 28.418062 28.395966 28.338831 28.313145 28.253368 28.224342 28.162239 28.130140 28.066036 28.031147 27.965374 27.927984 27.860876 27.821287 27.753178 27.711691 27.642908 27.599825 27.530693 27.486315 27.417147 27.371769 27.302862 27.256773 27.188416 27.141890 27.074347 27.027647 26.961168 26.914545 26.849358 26.803041 26.739355 26.693556 26.631552 26.586464 26.526300 26.482098 26.423908 26.380741 26.324638 26.282633 26.228703 26.187967 26.136271 26.096886 26.047464 26.009491 25.962358 25.925840 25.880989 25.845940 25.803347 25.769766 25.729383 25.697248 25.659010 25.628281 25.592104 25.562725 25.528513 25.500408 25.468050 25.441130 25.410498 25.384661 25.355619 25.330748 25.303152 25.279119 25.252813 25.229483 25.204302 25.181528 25.157309 25.134939 25.111507 25.089380 25.066563 25.044516 25.022131 25.000000 
25.000000 25.026329 25.052963 25.079197 25.106356 25.132704 25.160608 25.187271 25.216141 25.243315 25.273367 25.301241 25.332680 25.361439 25.394470 25.424282 25.459099 25.490126 25.526913 25.559301 25.598230 25.632113 25.673346 25.708836 25.752514 25.789709 25.835962 25.874943 25.923876 25.964697 26.016401 26.059099 26.113640 26.158222 26.215645 26.262096 26.322418 26.370701 26.433910 26.483955 26.550018 26.601734 26.670582 26.723848 26.795385 26.850052 26.924152 26.980043 27.056553 27.113461 27.192192 27.249889 27.330627 27.388857 27.471354 27.529837 27.613821 27.672255 27.757425 27.815487 27.901518 27.958870 28.045414 28.101700 28.188391 28.243244 28.329697 28.382744 28.468559 28.519421 28.604189 28.652487 28.735788 28.781143 28.862562 28.904602 28.983721 29.022089 29.098494 29.132845 29.206133 29.236137 29.305920 29.331278 29.397182 29.417614 29.479290 29.494551 29.551674 29.561548 29.613821 29.618132 29.665293 29.663897 29.705717 29.698513 29.734804 29.721733 29.752342 29.733385 29.758202 29.733383 29.752340 29.721729 29.734802 29.698507 29.705713 29.663889 29.665285 29.618120 29.613811 29.561535 29.551659 29.494534 29.479271 29.417593 29.397158 29.331249 29.305889 29.236101 29.206093 29.132799 29.098446 29.022034 28.983660 28.904533 28.862484 28.781055 28.735691 28.652378 28.604069 28.519291 28.468412 28.382584 28.329517 28.243048 28.188173 28.101461 28.045149 27.958578 27.901197 27.815134 27.757034 27.671829 27.613352 27.529325 27.470789 27.388241 27.329948 27.249151 27.191380 27.112579 27.055582 26.978991 26.922998 26.848803 26.794016 26.722368 26.668962 26.599987 26.548109 26.481897 26.431665 26.368282 26.319786 26.259266 26.212570 26.154917 26.110056 26.055250 26.012236 25.960232 25.919046 25.869774 25.830379 25.783747 25.746082 25.701975 25.665956 25.624243 25.589767 25.550301 25.517250 25.479862 25.448097 25.412613 25.381981 25.348213 25.318548 25.286295 25.257420 25.226475 25.198202 25.168356 25.140490 25.111521 25.083857 25.055546 25.027880 25.000000 
25.000000 25.031862 25.063484 25.095846 25.127478 25.160608 25.192497 25.226660 25.259047 25.294500 25.327620 25.364622 25.398695 25.437490 25.472733 25.513563 25.550175 25.593267 25.631430 25.677002 25.716887 25.765135 25.806889 25.858000 25.901752 25.955887 26.001743 26.059046 26.107088 26.167675 26.217958 26.281923 26.334475 26.401884 26.456701 26.527594 26.584642 26.659021 26.718239 26.796076 26.857367 26.938601 27.001835 27.086369 27.151382 27.239080 27.305679 27.396376 27.464329 27.557814 27.626862 27.722893 27.792740 27.891043 27.961365 28.061623 28.132074 28.233942 28.304146 28.407248 28.476801 28.580730 28.649220 28.753548 28.820536 28.924807 28.989847 29.093590 29.156229 29.258959 29.318739 29.419954 29.476419 29.575617 29.628315 29.724991 29.773483 29.867138 29.910999 30.001139 30.039965 30.126114 30.159523 30.241222 30.268866 30.345680 30.367243 30.438765 30.453966 30.519823 30.528427 30.588282 30.590096 30.643652 30.638529 30.685535 30.673378 30.713627 30.694389 30.727724 30.701410 30.727724 30.694387 30.713625 30.673374 30.685530 30.638521 30.643644 30.590086 30.588270 30.528414 30.519808 30.453947 30.438745 30.367218 30.345654 30.268835 30.241190 30.159485 30.126072 30.039915 30.001085 29.910938 29.867071 29.773409 29.724909 29.628222 29.575512 29.476301 29.419825 29.318596 29.258801 29.156055 29.093397 28.989634 28.924570 28.820274 28.753258 28.648903 28.580379 28.476416 28.406820 28.303679 28.233427 28.131512 28.061003 27.960690 27.890295 27.791927 27.721998 27.625887 27.556744 27.463167 27.395100 27.304298 27.237566 27.149742 27.084574 26.999895 26.936481 26.855080 26.793583 26.715549 26.656094 26.581490 26.524164 26.453014 26.397882 26.330175 26.277266 26.212963 26.162268 26.101299 26.052788 25.995054 25.948666 25.894045 25.849693 25.798035 25.755608 25.706745 25.666105 25.619848 25.580843 25.536987 25.499439 25.457764 25.421484 25.381754 25.346533 25.308504 25.274122 25.237543 25.203768 25.168381 25.134974 25.100510 25.067223 25.033417 25.000000 
25.000000 25.037153 25.074745 25.111763 25.150097 25.187271 25.226660 25.264277 25.305029 25.343365 25.385780 25.425108 25.469482 25.510054 25.556673 25.598732 25.647867 25.691641 25.743555 25.789249 25.844183 25.891985 25.950165 26.000235 26.061865 26.114342 26.179600 26.234592 26.303631 26.361221 26.434166 26.494400 26.571344 26.634239 26.715242 26.780777 26.865864 26.933981 27.023138 27.093746 27.186920 27.259886 27.356985 27.432138 27.533026 27.610155 27.714655 27.793510 27.901402 27.981697 28.092716 28.174126 28.287970 28.370131 28.486452 28.568974 28.687382 28.769838 28.889915 28.971849 29.093134 29.174070 29.296072 29.375509 29.497711 29.575132 29.696991 29.771868 29.892822 29.964621 30.084091 30.152275 30.269676 30.333714 30.448452 30.507822 30.619310 30.673504 30.781158 30.829689 30.932945 30.975353 31.073662 31.109518 31.202353 31.231268 31.318136 31.339760 31.420206 31.434235 31.507843 31.514027 31.580423 31.578562 31.637426 31.627377 31.678440 31.660120 31.703169 31.676550 31.711432 31.676548 31.703167 31.660116 31.678436 31.627371 31.637417 31.578552 31.580410 31.514015 31.507826 31.434217 31.420185 31.339737 31.318110 31.231236 31.202318 31.109478 31.073618 30.975302 30.932892 30.829626 30.781090 30.673424 30.619225 30.507723 30.448343 30.333591 30.269541 30.152124 30.083923 29.964436 29.892616 29.771641 29.696739 29.574856 29.497404 29.375172 29.295700 29.173660 29.092682 28.971354 28.889366 28.769238 28.686720 28.568249 28.485653 28.369263 28.287010 28.173084 28.091570 27.980450 27.900034 27.792025 27.713026 27.608389 27.531094 27.430046 27.354700 27.257418 27.184227 27.090839 27.019970 26.930567 26.862148 26.776779 26.710899 26.629572 26.566282 26.488968 26.428282 26.354918 26.296812 26.227297 26.171719 26.105923 26.052786 25.990551 25.939737 25.880877 25.832239 25.776545 25.729916 25.677155 25.632339 25.582264 25.539045 25.491388 25.449535 25.404013 25.363274 25.319601 25.279709 25.237583 25.198263 25.157377 25.118343 25.078384 25.039345 25.000000 
25.000000 25.042879 25.085430 25.128988 25.171549 25.216141 25.259047 25.305029 25.348600 25.396320 25.440876 25.490677 25.536518 25.588734 25.636145 25.691095 25.740345 25.798338 25.849678 25.911001 25.964659 26.029579 26.085752 26.154520 26.213381 26.286213 26.347904 26.424994 26.489624 26.571129 26.638775 26.724819 26.795515 26.886189 26.959932 27.055283 27.132032 27.232065 27.311735 27.416414 27.498873 27.608114 27.693188 27.806860 27.894331 28.012255 28.101858 28.223804 28.315231 28.440922 28.533823 28.662931 28.756912 28.889065 28.983690 29.118465 29.213266 29.350199 29.444668 29.583250 29.676851 29.816542 29.908714 30.048929 30.139088 30.279221 30.366764 30.506178 30.590498 30.728539 30.809021 30.945017 31.021046 31.154324 31.225292 31.355171 31.420490 31.546297 31.605394 31.726471 31.778801 31.894506 31.939558 32.049274 32.086578 32.189720 32.218849 32.314873 32.335457 32.423859 32.435570 32.515903 32.518486 32.590347 32.583607 32.646656 32.630463 32.684425 32.658714 32.703381 32.668152 32.703381 32.658710 32.684425 32.630459 32.646648 32.583599 32.590336 32.518475 32.515884 32.435555 32.423836 32.335430 32.314846 32.218819 32.189686 32.086536 32.049229 31.939505 31.894449 31.778734 31.726402 31.605312 31.546209 31.420387 31.355061 31.225164 31.154184 31.020889 30.944845 30.808828 30.728325 30.590263 30.505917 30.366476 30.278900 30.138737 30.048540 29.908285 29.816069 29.676332 29.582678 29.444038 29.349504 29.212507 29.117630 28.982779 28.888060 28.755817 28.661728 28.532513 28.439484 28.313667 28.222088 28.099997 28.010216 27.892122 27.804445 27.690577 27.605263 27.495794 27.413057 27.308115 27.228125 27.127787 27.050667 26.954969 26.880798 26.789728 26.718546 26.632050 26.563848 26.481831 26.416569 26.338898 26.276493 26.203005 26.143337 26.073833 26.016754 25.951008 25.896334 25.834091 25.781614 25.722599 25.672085 25.615997 25.567186 25.513718 25.466331 25.415150 25.368891 25.319662 25.274220 25.226589 25.181641 25.135256 25.090467 25.044970 25.000000 
25.000000 25.048273 25.097116 25.145210 25.195023 25.243315 25.294500 25.343365 25.396320 25.446119 25.501236 25.552319 25.609978 25.662678 25.723249 25.777880 25.841721 25.898577 25.966022 26.025373 26.096739 26.158825 26.234404 26.299437 26.379488 26.447647 26.532408 26.603834 26.693501 26.768299 26.863033 26.941267 27.041187 27.122875 27.228060 27.313179 27.423658 27.512135 27.627890 27.719603 27.840569 27.935345 28.061398 28.159014 28.289978 28.390165 28.525810 28.628242 28.768280 28.872585 29.016674 29.122431 29.270174 29.376913 29.527863 29.635073 29.788725 29.895853 30.051661 30.158115 30.315481 30.420645 30.578930 30.682154 30.840689 30.941301 31.099380 31.196695 31.353590 31.446917 31.601873 31.690514 31.842775 31.926039 32.074837 32.152046 32.296612 32.367111 32.506695 32.569851 32.703712 32.758926 32.886360 32.933075 33.053398 33.091106 33.203682 33.231930 33.336163 33.354561 33.449909 33.458126 33.544113 33.541889 33.618099 33.605251 33.671333 33.647751 33.703430 33.669079 33.714153 33.669075 33.703426 33.647747 33.671329 33.605244 33.618088 33.541878 33.544098 33.458111 33.449890 33.354534 33.336136 33.231899 33.203644 33.091064 33.053352 32.933022 32.886303 32.758858 32.703644 32.569767 32.506607 32.367008 32.296501 32.151917 32.074696 31.925880 31.842598 31.690319 31.601656 31.446676 31.353321 31.196402 31.099052 30.940941 30.840290 30.681715 30.578445 30.420111 30.314892 30.157469 30.050945 29.895071 29.787865 29.634130 29.526827 29.375782 29.268930 29.121075 29.015184 28.870964 28.766502 28.626310 28.523693 28.387871 28.287468 28.156296 28.058426 27.932135 27.837067 27.715824 27.623772 27.507696 27.418829 27.307983 27.222412 27.116810 27.034603 26.934206 26.855381 26.760105 26.684633 26.594351 26.522163 26.436707 26.367687 26.286850 26.220848 26.144388 26.081215 26.008863 25.948296 25.879751 25.821541 25.756479 25.700344 25.638420 25.584057 25.524908 25.471989 25.415239 25.363420 25.308681 25.257603 25.204473 25.153765 25.101841 25.051121 25.000000 
25.000000 25.054232 25.108046 25.163139 25.216961 25.273367 25.327620 25.385780 25.440876 25.501236 25.557571 25.620562 25.678522 25.744562 25.804506 25.874001 25.936272 26.009609 26.074520 26.152065 26.219902 26.301994 26.373011 26.459959 26.534376 26.626453 26.704451 26.801903 26.883615 26.986643 27.072166 27.180925 27.270306 27.384909 27.478142 27.598648 27.695683 27.822098 27.922823 28.055101 28.159355 28.297390 28.404953 28.548574 28.659170 28.808155 28.921450 29.075504 29.191111 29.349886 29.467358 29.630440 29.749279 29.916195 30.035856 30.206074 30.325960 30.498892 30.618366 30.793369 30.911755 31.088142 31.204727 31.381767 31.495815 31.672735 31.783489 31.959488 32.066177 32.240425 32.342274 32.513931 32.610157 32.778366 32.868206 33.032112 33.114822 33.273575 33.348431 33.501194 33.567509 33.713474 33.770599 33.908993 33.956337 34.086418 34.123444 34.244526 34.270756 34.382202 34.397232 34.498478 34.501984 34.592522 34.584248 34.663654 34.643440 34.711369 34.679131 34.735310 34.691055 34.735310 34.679127 34.711365 34.643436 34.663647 34.584240 34.592506 34.501968 34.498459 34.397213 34.382175 34.270725 34.244492 34.123402 34.086376 33.956287 33.908939 33.770535 33.713402 33.567425 33.501102 33.348328 33.273460 33.114693 33.031971 32.868046 32.778187 32.609959 32.513710 32.342030 32.240158 32.065880 31.959158 31.783125 31.672331 31.495371 31.381273 31.204185 31.087543 30.911097 30.792645 30.617571 30.498014 30.325001 30.205017 30.034700 29.914925 29.747892 29.628916 29.465698 29.348064 29.189131 29.073334 28.919094 28.805576 28.656378 28.545519 28.401649 28.293781 28.155460 28.050852 27.918243 27.817108 27.690310 27.592806 27.471861 27.378088 27.262983 27.172987 27.063656 26.977428 26.873755 26.791243 26.693054 26.614155 26.521248 26.445810 26.357933 26.285767 26.202633 26.133509 26.054800 25.988453 25.913820 25.849953 25.779022 25.717306 25.649681 25.589766 25.525032 25.466539 25.404272 25.346809 25.286568 25.229725 25.171059 25.114416 25.056873 25.000000 
25.000000 25.059767 25.120243 25.179779 25.241461 25.301241 25.364622 25.425108 25.490677 25.552319 25.620562 25.683790 25.755178 25.820408 25.895399 25.963017 26.042048 26.112419 26.195908 26.269363 26.357700 26.434542 26.528084 26.608572 26.707645 26.792002 26.896891 26.985292 27.096245 27.188820 27.306032 27.402857 27.526480 27.627583 27.757708 27.863054 27.999722 28.109224 28.252409 28.365917 28.515533 28.632835 28.788734 28.909555 29.071516 29.195520 29.363256 29.490044 29.663200 29.792311 29.970465 30.101372 30.284033 30.416164 30.602772 30.735493 30.925428 31.058056 31.250639 31.382444 31.576939 31.707153 31.902771 32.030594 32.226501 32.351105 32.546432 32.666965 32.860813 32.976425 33.167862 33.277687 33.465775 33.568958 33.752750 33.848454 34.027004 34.114418 34.286793 34.365131 34.530418 34.598946 34.756271 34.814297 34.962822 35.009716 35.148651 35.183861 35.312469 35.335499 35.453117 35.463566 35.569603 35.567146 35.661087 35.645493 35.726910 35.698044 35.766598 35.724415 35.779858 35.724415 35.766594 35.698040 35.726902 35.645485 35.661072 35.567131 35.569584 35.463547 35.453094 35.335468 35.312435 35.183819 35.148609 35.009666 34.962769 34.814232 34.756203 34.598866 34.530331 34.365028 34.286678 34.114288 34.026863 33.848297 33.752575 33.568764 33.465557 33.277447 33.167591 32.976128 32.860481 32.666603 32.546028 32.350658 32.226006 32.030048 31.902168 31.706491 31.576208 31.381641 31.249754 31.057087 30.924362 30.734325 30.601488 30.414761 30.282490 30.099691 29.968618 29.790302 29.660997 29.487652 29.360636 29.192678 29.068405 28.906189 28.785053 28.628860 28.511194 28.361235 28.247305 28.103727 27.993738 27.856617 27.750711 27.620068 27.518326 27.394110 27.296555 27.178667 27.085262 26.973545 26.884201 26.778448 26.693026 26.592981 26.511293 26.416660 26.338472 26.248917 26.173954 26.089104 26.017054 25.936514 25.867031 25.790369 25.723078 25.649849 25.584345 25.514082 25.449936 25.382160 25.318932 25.253147 25.190372 25.126085 25.063292 25.000000 
25.000000 25.066000 25.131485 25.198538 25.264030 25.332680 25.398695 25.469482 25.536518 25.609978 25.678522 25.755178 25.825695 25.906061 25.978991 26.063555 26.139313 26.228546 26.307516 26.401861 26.484390 26.584259 26.670654 26.776423 26.866953 26.978954 27.073837 27.192366 27.291769 27.417068 27.521107 27.653366 27.762096 27.901449 28.014870 28.161388 28.279432 28.433126 28.555662 28.716471 28.843300 29.011091 29.141949 29.316521 29.451071 29.632145 29.769981 29.957205 30.097857 30.290802 30.433729 30.631893 30.776491 30.979298 31.124903 31.331703 31.477591 31.687672 31.833067 32.045647 32.189728 32.403973 32.545876 32.760891 32.899719 33.114571 33.249405 33.463120 33.593025 33.804592 33.928623 34.137024 34.254230 34.458424 34.567883 34.766834 34.867630 35.060299 35.151562 35.336937 35.417831 35.594933 35.664669 35.832554 35.890404 36.048180 36.093502 36.240326 36.272537 36.407642 36.426250 36.548950 36.553555 36.663239 36.653534 36.749687 36.725471 36.807671 36.768845 36.836765 36.783337 36.836765 36.768841 36.807663 36.725464 36.749676 36.653522 36.663219 36.553535 36.548927 36.426224 36.407612 36.272499 36.240284 36.093452 36.048126 35.890347 35.832485 35.664589 35.594845 35.417728 35.336826 35.151436 35.060162 34.867474 34.766659 34.567692 34.458210 34.253994 34.136753 33.928326 33.804264 33.592663 33.462719 33.248962 33.114079 32.899178 32.760288 32.545212 32.403240 32.188927 32.044762 31.832096 31.686602 31.476421 31.330416 31.123495 30.977751 30.774803 30.630039 30.431709 30.288584 30.095446 29.954563 29.767113 29.629005 29.447668 29.312799 29.137926 29.006697 28.838556 28.711294 28.550083 28.427050 28.272892 28.154274 28.007221 27.893145 27.753180 27.643698 27.510742 27.405848 27.279760 27.179384 27.059961 26.963976 26.850967 26.759195 26.652296 26.564501 26.463366 26.379271 26.283508 26.202791 26.111982 26.034279 25.947969 25.872881 25.790590 25.717690 25.638916 25.567745 25.491966 25.422049 25.348730 25.279566 25.208166 25.139240 25.069210 25.000000 
25.000000 25.071709 25.144276 25.215706 25.289719 25.361439 25.437490 25.510054 25.588734 25.662678 25.744562 25.820408 25.906061 25.984303 26.074272 26.155380 26.250191 26.334599 26.434748 26.522854 26.628809 26.720976 26.833164 26.929705 27.048515 27.149693 27.275471 27.381498 27.514534 27.625565 27.766094 27.882225 28.030428 28.151688 28.307673 28.434025 28.597836 28.729174 28.900784 29.036926 29.216230 29.356926 29.543741 29.688662 29.882725 30.031466 30.232435 30.384518 30.591963 30.746838 30.960251 31.117290 31.336084 31.494598 31.718102 31.877331 32.104801 32.263927 32.494549 32.652702 32.885590 33.041847 33.276058 33.429462 33.664001 33.813557 34.047379 34.192070 34.424095 34.562901 34.792015 34.923901 35.148983 35.272923 35.492836 35.607826 35.821445 35.926510 36.132706 36.226913 36.424610 36.507065 36.695206 36.765091 36.942673 36.999233 37.165314 37.207882 37.361576 37.389565 37.530087 37.543003 37.669640 37.667103 37.779243 37.760975 37.858101 37.823933 37.905647 37.855530 37.921532 37.855526 37.905643 37.823929 37.858089 37.760963 37.779224 37.667088 37.669617 37.542980 37.530056 37.389530 37.361538 37.207836 37.165260 36.999176 36.942608 36.765015 36.695122 36.506969 36.424500 36.226788 36.132572 35.926353 35.821274 35.607635 35.492626 35.272686 35.148720 34.923607 34.791691 34.562542 34.423698 34.191635 34.046890 33.813023 33.663406 33.428810 33.275337 33.041050 32.884712 32.651737 32.493488 32.262764 32.103519 31.875927 31.716560 31.492912 31.334232 31.115273 30.958035 30.744425 30.589317 30.381643 30.229286 30.028051 29.878990 29.684618 29.539322 29.352150 29.211018 29.031303 28.894655 28.722570 28.590651 28.426294 28.299273 28.142664 28.020636 27.871723 27.754715 27.613375 27.501347 27.367393 27.260235 27.133421 27.030966 26.910988 26.813007 26.699511 26.605728 26.498310 26.408394 26.306614 26.220190 26.123571 26.040224 25.948256 25.867533 25.779675 25.701096 25.616791 25.539841 25.458517 25.382662 25.303728 25.228416 25.151279 25.075941 25.000000 
25.000000 25.078260 25.155903 25.235415 25.313065 25.394470 25.472733 25.556673 25.636145 25.723249 25.804506 25.895399 25.978991 26.074272 26.160725 26.260977 26.350780 26.456558 26.550165 26.661995 26.759819 26.878185 26.980591 27.105936 27.213242 27.345963 27.458426 27.598869 27.716688 27.865141 27.988453 28.145138 28.274010 28.439085 28.573517 28.747065 28.886976 29.069006 29.214243 29.404680 29.555010 29.753700 29.908806 30.115507 30.274992 30.489374 30.652761 30.874405 31.041134 31.269529 31.438963 31.673515 31.844936 32.084961 32.257587 32.502319 32.675289 32.923878 33.096279 33.347801 33.518658 33.772125 33.940414 34.194771 34.359432 34.613571 34.773518 35.026279 35.180405 35.430603 35.577782 35.824207 35.963326 36.204746 36.334702 36.569893 36.689610 36.917339 37.025780 37.244862 37.341038 37.550304 37.633282 37.831619 37.900543 38.086895 38.140987 38.314365 38.352951 38.512444 38.534935 38.679729 38.685650 38.815025 38.804012 38.917366 38.889179 38.986004 38.940525 39.020447 38.957680 39.020447 38.940521 38.985996 38.889168 38.917351 38.803997 38.815002 38.685627 38.679699 38.534901 38.512405 38.352909 38.314316 38.140934 38.086830 37.900467 37.831535 37.633186 37.550198 37.340916 37.244732 37.025631 36.917175 36.689423 36.569683 36.334473 36.204491 35.963043 35.823891 35.577431 35.430214 35.179974 35.025806 34.772991 34.612988 34.358791 34.194057 33.939629 33.771259 33.517704 33.346752 33.095123 32.922611 32.673901 32.500790 32.255917 32.083126 31.842932 31.671312 31.436563 31.266897 31.038271 30.871267 30.649357 30.485647 30.270954 30.111092 29.904030 29.748486 29.549377 29.398539 29.207621 29.061792 28.879211 28.738621 28.564440 28.429228 28.263430 28.133665 27.976156 27.851828 27.702438 27.583466 27.441961 27.328194 27.194277 27.085499 26.958811 26.854746 26.734879 26.635197 26.521688 26.426008 26.318363 26.226252 26.123932 26.034920 25.937357 25.850935 25.757534 25.673162 25.583309 25.500420 25.413483 25.331482 25.246819 25.165100 25.082062 25.000000 
25.000000 25.084177 25.169365 25.253212 25.340099 25.424282 25.513563 25.598732 25.691095 25.777880 25.874001 25.963017 26.063555 26.155380 26.260977 26.356163 26.467430 26.566488 26.684011 26.787407 26.911732 27.019888 27.151516 27.264803 27.404188 27.522915 27.670458 27.794872 27.950916 28.081203 28.246021 28.382290 28.556087 28.698376 28.881285 29.029547 29.221619 29.375731 29.576925 29.736677 29.946873 30.111971 30.330952 30.501009 30.728466 30.903013 31.138538 31.317015 31.560108 31.741865 31.991930 32.176239 32.432579 32.618629 32.880466 33.067364 33.333820 33.520615 33.790737 33.976398 34.249149 34.432606 34.706879 34.887001 35.161633 35.337257 35.611019 35.780964 36.052589 36.215645 36.483833 36.638794 36.902229 37.047894 37.305248 37.440441 37.690384 37.813957 38.055187 38.166054 38.397293 38.494404 38.714424 38.796818 39.004444 39.071232 39.265362 39.315762 39.495365 39.528690 39.692844 39.708515 39.856388 39.853958 39.984829 39.963966 40.077240 40.037754 40.132957 40.074780 40.151573 40.074776 40.132950 40.037746 40.077229 39.963955 39.984806 39.853935 39.856358 39.708485 39.692806 39.528652 39.495319 39.315708 39.265301 39.071163 39.004364 38.796726 38.714325 38.494289 38.397167 38.165909 38.055031 37.813778 37.690186 37.440216 37.304996 37.047619 36.901920 36.638454 36.483452 36.215225 36.052120 35.780449 35.610447 35.336632 35.160931 34.886234 34.706032 34.431667 34.248119 33.975266 33.789490 33.519245 33.332317 33.065716 32.878654 32.616650 32.430405 32.173866 31.989323 31.739031 31.556999 31.313637 31.134838 30.899002 30.724075 30.496260 30.325758 30.106359 29.940748 29.730070 29.569723 29.367971 29.213175 29.020464 28.871416 28.687773 28.544584 28.369951 28.232653 28.066883 27.935425 27.778305 27.652561 27.503799 27.383574 27.242819 27.127842 26.994678 26.884624 26.758581 26.653063 26.533627 26.432201 26.318811 26.220995 26.113050 26.018314 25.915190 25.822964 25.724005 25.633688 25.538223 25.449190 25.356531 25.268131 25.177578 25.089146 25.000000 
25.000000 25.091084 25.181446 25.273987 25.364351 25.459099 25.550175 25.647867 25.740345 25.841721 25.936272 26.042048 26.139313 26.250191 26.350780 26.467430 26.571918 26.694986 26.803898 26.933994 27.047808 27.185493 27.304638 27.450428 27.575268 27.729624 27.860460 28.023781 28.160849 28.333464 28.476921 28.659092 28.809017 29.000923 29.157314 29.359053 29.521820 29.733397 29.902359 30.123688 30.298576 30.529472 30.709923 30.950106 31.135654 31.384737 31.574831 31.832323 32.026314 32.291630 32.488773 32.761211 32.960678 33.239445 33.440327 33.724529 33.925827 34.214481 34.415127 34.707161 34.906025 35.200287 35.396183 35.691448 35.883148 36.178123 36.364361 36.657711 36.837196 37.127533 37.298969 37.584888 37.746975 38.027054 38.178513 38.451317 38.590900 38.855011 38.981514 39.235546 39.347813 39.590420 39.687370 39.917255 39.997894 40.213833 40.277260 40.478107 40.523525 40.708229 40.734959 40.902573 40.910061 41.059753 41.047581 41.178646 41.146526 41.258385 41.206181 41.298401 41.226112 41.298397 41.206177 41.258377 41.146515 41.178627 41.047562 41.059731 40.910034 40.902538 40.734921 40.708183 40.523476 40.478050 40.277195 40.213760 39.997810 39.917160 39.687260 39.590298 39.347672 39.235394 38.981339 38.854820 38.590683 38.451077 38.178246 38.026752 37.746647 37.584518 37.298561 37.127079 36.836697 36.657154 36.363750 36.177441 35.882401 35.690617 35.395271 35.199280 34.904915 34.705936 34.413784 34.213001 33.924206 33.722748 33.438381 33.237305 32.958344 32.758640 32.485977 32.288559 32.022980 31.828669 31.570866 31.380394 31.130949 30.944960 30.704357 30.523396 30.292013 30.116529 29.894642 29.724993 29.512772 29.349215 29.146740 28.989441 28.796692 28.645729 28.462597 28.317959 28.144251 28.005840 27.841286 27.708929 27.553181 27.426626 27.279274 27.158201 27.018764 26.902788 26.770741 26.659414 26.534174 26.427000 26.307945 26.204372 26.090845 25.990284 25.881594 25.783415 25.678844 25.582386 25.481207 25.385782 25.287247 25.192146 25.095503 25.000000 
25.000000 25.097242 25.195654 25.292511 25.392887 25.490126 25.593267 25.691641 25.798338 25.898577 26.009609 26.112419 26.228546 26.334599 26.456558 26.566488 26.694986 26.809385 26.945093 27.064499 27.208048 27.332947 27.484913 27.615732 27.776636 27.913736 28.084042 28.227709 28.407804 28.558250 28.748455 28.905806 29.106356 29.270655 29.481695 29.652895 29.874481 30.052439 30.284527 30.469000 30.711445 30.902092 31.154646 31.351025 31.613327 31.814894 32.086475 32.292587 32.572865 32.782776 33.071064 33.283928 33.579422 33.794308 34.096104 34.311985 34.619080 34.834850 35.146133 35.360622 35.674900 35.886856 36.202858 36.410988 36.727360 36.930328 37.245663 37.442093 37.754929 37.943436 38.252274 38.431465 38.734787 38.903278 39.199551 39.355988 39.643684 39.786747 40.064362 40.192783 40.458855 40.571434 40.824543 40.920170 41.158962 41.236618 41.459820 41.518589 41.725029 41.764126 41.952728 41.971485 42.141296 42.139191 42.289394 42.266045 42.395947 42.351124 42.460190 42.393818 42.481651 42.393814 42.460182 42.351116 42.395935 42.266026 42.289371 42.139164 42.141266 41.971447 41.952682 41.764076 41.724972 41.518528 41.459747 41.236534 41.158871 40.920067 40.824425 40.571304 40.458710 40.192616 40.064178 39.786537 39.643456 39.355728 39.199265 38.902962 38.734428 38.431072 38.251835 37.942951 37.754391 37.441498 37.245003 36.929600 36.726555 36.410099 36.201874 35.885777 35.673706 35.359310 35.144691 34.833271 34.617336 34.310081 34.094006 33.792019 33.576900 33.281185 33.068047 32.779499 32.569267 32.288681 32.082195 31.810257 31.608250 31.345530 31.148640 30.895601 30.704363 30.461355 30.276197 30.043465 29.864717 29.642391 29.470282 29.258394 29.093054 28.891539 28.732998 28.541695 28.389896 28.208553 28.063353 27.891640 27.752808 27.590319 27.457546 27.303806 27.176714 27.031181 26.909323 26.771404 26.654272 26.523321 26.410353 26.285685 26.176266 26.057156 25.950634 25.836329 25.732008 25.621733 25.518890 25.411852 25.309738 25.205133 25.102980 25.000000 
25.000000 25.104538 25.208246 25.314461 25.418167 25.526913 25.631430 25.743555 25.849678 25.966022 26.074520 26.195908 26.307516 26.434748 26.550165 26.684011 26.803898 26.945093 27.070053 27.219294 27.349876 27.507807 27.644501 27.811710 27.954933 28.131950 28.282051 28.469326 28.626575 28.824488 28.989063 29.197908 29.369905 29.589888 29.769300 30.000528 30.187256 30.429735 30.623573 30.877201 31.077841 31.342405 31.549427 31.824602 32.037479 32.322823 32.540920 32.835865 33.058445 33.362312 33.588520 33.900520 34.129402 34.448616 34.679131 35.004539 35.235546 35.566013 35.796295 36.130592 36.358849 36.695660 36.920540 37.258457 37.478550 37.816093 38.029949 38.365589 38.571728 38.903881 39.100819 39.427872 39.614124 39.934441 40.108543 40.420490 40.581009 40.882965 41.028519 41.318897 41.448166 41.725426 41.837170 42.099827 42.192905 42.439560 42.512939 42.742283 42.795052 43.005882 43.037262 43.228497 43.237846 43.408539 43.395378 43.544724 43.508720 43.636063 43.577057 43.681896 43.599888 43.681896 43.577049 43.636055 43.508705 43.544704 43.395355 43.408512 43.237812 43.228458 43.037216 43.005829 42.794994 42.742214 42.512863 42.439476 42.192806 42.099716 41.837040 41.725285 41.448006 41.318722 41.028316 40.882748 40.580761 40.420216 40.108234 39.934097 39.613747 39.427444 39.100353 38.903358 38.571152 38.364948 38.029243 37.815311 37.477688 37.257504 36.919491 36.694500 36.357578 36.129189 35.794754 35.564316 35.233688 35.002491 34.676895 34.446156 34.126720 33.897568 33.585312 33.358788 33.054615 32.831665 32.536366 32.317829 32.032074 31.818687 31.543032 31.335421 31.070297 30.868977 30.614706 30.420078 30.176861 29.989225 29.757151 29.576696 29.355745 29.182558 28.972609 28.806675 28.607510 28.448721 28.260027 28.108181 27.929567 27.784374 27.615370 27.476463 27.316523 27.183458 27.031977 26.904245 26.760559 26.637587 26.500986 26.382141 26.251871 26.136478 26.011749 25.899086 25.779079 25.668386 25.552267 25.442755 25.329666 25.220524 25.109606 25.000000 
