25.000000 25.000000 25.000000 25.000000 25.000000 25.000000 25.000000 25.000000 25.000000 25.000000 25.000000 25.000000 25.000000 25.000000 25.000000 25.000000 25.000000 25.000000 25.000000 25.000000 25.000000 25.000000 25.000000 25.000000 25.000000 25.000000 25.000000 25.000000 25.000000 25.000000 25.000000 25.000000 25.000000 25.000000 25.000000 25.000000 25.000000 25.000000 25.000000 25.000000 25.000000 25.000000 25.000000 25.000000 25.000000 25.000000 25.000000 25.000000 25.000000 25.000000 25.000000 25.000000 25.000000 25.000000 25.000000 25.000000 25.000000 25.000000 25.000000 25.000000 25.000000 25.000000 25.000000 25.000000 25.000000 25.000000 25.000000 25.000000 25.000000 25.000000 25.000000 25.000000 25.000000 25.000000 25.000000 25.000000 25.000000 25.000000 25.000000 25.000000 25.000000 25.000000 25.000000 25.000000 25.000000 25.000000 25.000000 25.000000 25.000000 25.000000 25.000000 25.000000 25.000000 25.000000 25.000000 25.000000 25.000000 25.000000 25.000000 25.000000 25.000000 25.000000 25.000000 25.000000 25.000000 25.000000 25.000000 25.000000 25.000000 25.000000 25.000000 25.000000 25.000000 25.000000 25.000000 25.000000 25.000000 25.000000 25.000000 25.000000 25.000000 25.000000 25.000000 25.000000 25.000000 25.000000 25.000000 25.000000 25.000000 25.000000 25.000000 25.000000 25.000000 25.000000 25.000000 25.000000 25.000000 25.000000 25.000000 25.000000 25.000000 25.000000 25.000000 25.000000 25.000000 25.000000 25.000000 25.000000 25.000000 25.000000 25.000000 25.000000 25.000000 25.000000 25.000000 25.000000 25.000000 25.000000 25.000000 25.000000 25.000000 25.000000 25.000000 25.000000 25.000000 25.000000 25.000000 25.000000 25.000000 25.000000 25.000000 25.000000 25.000000 25.000000 25.000000 25.000000 25.000000 25.000000 25.000000 25.000000 25.000000 25.000000 25.000000 25.000000 25.000000 25.000000 25.000000 25.000000 25.000000 25.000000 25.000000 25.000000 25.000000 25.000000 25.000000 25.000000 25.000000 25.000000 25.000000 25.000000 
25.000000 25.007324 25.014723 25.022011 25.029530 25.036819 25.044498 25.051828 25.059711 25.067118 25.075243 25.082762 25.091167 25.098833 25.107559 25.115402 25.124479 25.132530 25.141994 25.150278 25.160158 25.168697 25.179022 25.187834 25.198626 25.207727 25.219004 25.228409 25.240187 25.249901 25.262192 25.272215 25.285027 25.295361 25.308695 25.319330 25.333181 25.344107 25.358471 25.369667 25.384529 25.395975 25.411316 25.422987 25.438782 25.450644 25.466860 25.478876 25.495483 25.507610 25.524567 25.536758 25.554016 25.566223 25.583735 25.595901 25.613607 25.625677 25.643520 25.655430 25.673347 25.685034 25.702955 25.714354 25.732212 25.743254 25.760975 25.771591 25.789101 25.799223 25.816444 25.826006 25.842863 25.851793 25.868212 25.876444 25.892347 25.899820 25.915134 25.921785 25.936438 25.942211 25.956133 25.960974 25.974100 25.977961 25.990229 25.993065 26.004419 26.006195 26.016582 26.017267 26.026642 26.026211 26.034534 26.032970 26.040207 26.037500 26.043625 26.039772 26.044767 26.039770 26.043623 26.037497 26.040205 26.032967 26.034529 26.026205 26.026636 26.017260 26.016575 26.006186 26.004408 25.993053 25.990215 25.977945 25.974083 25.960955 25.956112 25.942188 25.936413 25.921757 25.915102 25.899786 25.892309 25.876402 25.868166 25.851742 25.842808 25.825943 25.816378 25.799149 25.789021 25.771503 25.760878 25.743149 25.732098 25.714230 25.702820 25.684887 25.673187 25.655256 25.643330 25.625471 25.613384 25.595659 25.583471 25.565941 25.553709 25.536428 25.524206 25.507223 25.495064 25.478426 25.466373 25.450119 25.438215 25.422380 25.410662 25.395275 25.383774 25.368860 25.357601 25.343180 25.332184 25.318266 25.307550 25.294144 25.283722 25.270828 25.260702 25.248320 25.238495 25.226616 25.217085 25.205698 25.196455 25.185543 25.176575 25.166117 25.157410 25.147379 25.138910 25.129284 25.121029 25.111773 25.103708 25.094790 25.086882 25.078268 25.070486 25.062136 25.054445 25.046320 25.038687 25.030746 25.023130 25.015333 25.007696 25.000000 
25.000000 25.014723 25.029335 25.044252 25.058830 25.074030 25.088648 25.104212 25.118948 25.134958 25.149885 25.166420 25.181604 25.198740 25.214251 25.232059 25.247955 25.266504 25.282841 25.302195 25.319021 25.339233 25.356592 25.377716 25.395639 25.417719 25.436235 25.459303 25.478432 25.502516 25.522266 25.547386 25.567757 25.593922 25.614904 25.642113 25.663689 25.691927 25.714066 25.743317 25.765980 25.796209 25.819347 25.850512 25.874067 25.906109 25.930012 25.962868 25.987036 26.020634 26.044979 26.079227 26.103657 26.138462 26.162865 26.198120 26.222387 26.257975 26.281986 26.317785 26.341413 26.377293 26.400410 26.436230 26.458702 26.494322 26.516012 26.551283 26.572054 26.606827 26.626539 26.660660 26.679178 26.712496 26.729685 26.762047 26.777779 26.809034 26.823181 26.853186 26.865631 26.894239 26.904873 26.931953 26.940674 26.966099 26.972809 26.996460 27.001085 27.022850 27.025322 27.045105 27.045368 27.063084 27.061092 27.076668 27.072397 27.085773 27.079210 27.090340 27.081484 27.090338 27.079206 27.085768 27.072392 27.076660 27.061083 27.063072 27.045355 27.045092 27.025305 27.022831 27.001064 26.996435 26.972782 26.966066 26.940639 26.931917 26.904831 26.894194 26.865580 26.853128 26.823118 26.808964 26.777702 26.761963 26.729593 26.712395 26.679068 26.660538 26.626404 26.606680 26.571892 26.551107 26.515820 26.494112 26.458475 26.435982 26.400139 26.376999 26.341093 26.317436 26.281609 26.257563 26.221941 26.197636 26.162344 26.137894 26.103046 26.078564 26.044264 26.019855 25.986202 25.961964 25.929039 25.905060 25.872940 25.849295 25.818045 25.794802 25.764477 25.741693 25.712334 25.690062 25.661699 25.639971 25.612625 25.591475 25.565155 25.544594 25.519300 25.499338 25.475061 25.455696 25.432415 25.413635 25.391321 25.373106 25.351723 25.334042 25.313543 25.296364 25.276699 25.259972 25.241083 25.224760 25.206581 25.190607 25.173071 25.157381 25.140411 25.124939 25.108459 25.093138 25.077070 25.061819 25.046080 25.030827 25.015333 25.000000 
25.000000 25.022011 25.044252 25.066153 25.088753 25.110659 25.133745 25.155771 25.179466 25.201721 25.226149 25.248741 25.274014 25.297047 25.323275 25.346842 25.374132 25.398321 25.426773 25.451662 25.481363 25.507019 25.538052 25.564535 25.596968 25.624323 25.658216 25.686480 25.721880 25.751070 25.788013 25.818136 25.856642 25.887693 25.927769 25.959728 26.001364 26.034191 26.077362 26.111010 26.155676 26.190075 26.236179 26.271250 26.318718 26.354364 26.403105 26.439213 26.489122 26.525566 26.576523 26.613163 26.665028 26.701714 26.754335 26.790899 26.844110 26.880383 26.934004 26.969797 27.023638 27.058762 27.112619 27.146873 27.200539 27.233723 27.286974 27.318880 27.371496 27.401918 27.453671 27.482403 27.533062 27.559900 27.609236 27.633982 27.681768 27.704229 27.750246 27.770237 27.814264 27.831617 27.873449 27.888002 27.927441 27.939049 27.975908 27.984442 28.018553 28.023899 28.055105 28.057173 28.085335 28.084049 28.109051 28.104361 28.126101 28.117973 28.136374 28.124800 28.139803 28.124798 28.136368 28.117966 28.126091 28.104349 28.109037 28.084032 28.085316 28.057150 28.055080 28.023869 28.018520 27.984404 27.975868 27.939001 27.927391 27.887945 27.873386 27.831549 27.814188 27.770151 27.750149 27.704126 27.681652 27.633856 27.609097 27.559748 27.532894 27.482220 27.453468 27.401699 27.371254 27.318619 27.286684 27.233410 27.200193 27.146503 27.112211 27.058321 27.023155 26.969276 26.933434 26.879766 26.843439 26.790176 26.753546 26.700865 26.664104 26.612169 26.575443 26.524405 26.487864 26.437860 26.401640 26.352791 26.317019 26.269430 26.234213 26.187971 26.153406 26.108583 26.074749 26.031403 25.998362 25.956530 25.924332 25.884035 25.852715 25.813961 25.783537 25.746319 25.716793 25.681087 25.652451 25.618221 25.590450 25.557646 25.530701 25.499262 25.473097 25.442947 25.417500 25.388561 25.363758 25.335936 25.311699 25.284893 25.261131 25.235233 25.211851 25.186749 25.163641 25.139217 25.116276 25.092407 25.069519 25.046083 25.023132 25.000000 
25.000000 25.029530 25.058830 25.088753 25.117983 25.148472 25.177784 25.209005 25.238552 25.270668 25.300594 25.333763 25.364210 25.398584 25.429682 25.465405 25.497276 25.534483 25.567240 25.606058 25.639795 25.680338 25.715141 25.757509 25.793451 25.837730 25.874861 25.921125 25.959480 26.007784 26.047386 26.097763 26.138611 26.191082 26.233156 26.287720 26.330984 26.387615 26.432009 26.490667 26.536114 26.596731 26.643129 26.705622 26.752855 26.817108 26.865036 26.930923 26.979387 27.046755 27.095577 27.164253 27.213240 27.283026 27.331964 27.402653 27.451319 27.522673 27.570826 27.642603 27.689991 27.761925 27.808287 27.880106 27.925173 27.996588 28.040089 28.110804 28.152460 28.222174 28.261709 28.330116 28.367260 28.434053 28.468534 28.533409 28.564968 28.627623 28.656006 28.716150 28.741121 28.798470 28.819807 28.874090 28.891590 28.942551 28.956028 29.003429 29.012724 29.056347 29.061321 29.100969 29.101513 29.137014 29.133043 29.164253 29.155710 29.182510 29.169369 29.191668 29.173929 29.191664 29.169361 29.182501 29.155699 29.164238 29.133024 29.136993 29.101486 29.100939 29.061287 29.056307 29.012678 29.003380 28.955973 28.942488 28.891521 28.874014 28.819723 28.798376 28.741018 28.716036 28.655880 28.627481 28.564814 28.533239 28.468349 28.433849 28.367037 28.329870 28.261442 28.221878 28.152140 28.110451 28.039705 27.996166 27.924717 27.879606 27.807747 27.761333 27.689350 27.641903 27.570068 27.521847 27.450426 27.401680 27.330917 27.281885 27.212013 27.162918 27.094143 27.045197 26.977715 26.929110 26.863089 26.815001 26.750595 26.703178 26.640516 26.593906 26.533094 26.487411 26.428535 26.383871 26.326994 26.283426 26.228586 26.186172 26.133389 26.092161 26.041437 26.001408 25.952721 25.913889 25.867199 25.829540 25.784788 25.748262 25.705374 25.669924 25.628811 25.594362 25.554918 25.521381 25.483492 25.450766 25.414301 25.382271 25.347094 25.315634 25.281595 25.250572 25.217518 25.186792 25.154564 25.123983 25.092415 25.061827 25.030750 25.000000 
25.000000 25.036819 25.074030 25.110659 25.148472 25.185110 25.223734 25.260571 25.300215 25.337439 25.378302 25.416090 25.458370 25.496893 25.540773 25.580189 25.625845 25.666302 25.713898 25.755524 25.805212 25.848122 25.900034 25.944326 25.998581 26.044333 26.101028 26.148296 26.207514 26.256332 26.318129 26.368509 26.432919 26.484852 26.551884 26.605333 26.674973 26.729879 26.802086 26.858362 26.933067 26.990602 27.067709 27.126368 27.205755 27.265373 27.346889 27.407282 27.490753 27.551708 27.636925 27.698212 27.784945 27.846306 27.934301 27.995466 28.084446 28.145121 28.234783 28.294659 28.384686 28.443443 28.533497 28.590803 28.680531 28.736046 28.825085 28.878464 28.966436 29.017334 29.103861 29.151934 29.236629 29.281536 29.364017 29.405426 29.485317 29.522905 29.599831 29.633293 29.706894 29.735943 29.805868 29.830236 29.896158 29.915602 29.977211 29.991512 30.048525 30.057499 30.109650 30.113142 30.160204 30.158089 30.199863 30.192055 30.228376 30.214821 30.245556 30.226236 30.251291 30.226233 30.245548 30.214808 30.228361 30.192036 30.199842 30.158060 30.160172 30.113104 30.109608 30.057449 30.048470 29.991449 29.977142 29.915524 29.896072 29.830139 29.805761 29.735825 29.706762 29.633150 29.599670 29.522732 29.485123 29.405216 29.363785 29.281281 29.236347 29.151627 29.103521 29.016968 28.966030 28.878025 28.824600 28.735523 28.679956 28.590181 28.532816 28.442707 28.383881 28.293787 28.233829 28.144091 28.083323 27.994255 27.932983 27.844887 27.783398 27.696548 27.635117 27.549767 27.488644 27.405020 27.344439 27.262745 27.202911 27.123323 27.064417 26.987082 26.929268 26.854303 26.797710 26.725214 26.669950 26.599983 26.546129 26.478729 26.426346 26.361526 26.310638 26.248386 26.199003 26.139278 26.091383 26.034124 25.987677 25.932800 25.887737 25.835142 25.791382 25.740946 25.698385 25.649973 25.608492 25.561945 25.521410 25.476561 25.436821 25.393494 25.354387 25.312389 25.273743 25.232880 25.194510 25.154577 25.116295 25.077085 25.038696 25.000000 
25.000000 25.044498 25.088648 25.133745 25.177784 25.223734 25.267897 25.314949 25.359467 25.407866 25.452955 25.502941 25.548815 25.600615 25.647469 25.701302 25.749321 25.805391 25.854742 25.913237 25.964066 26.025160 26.077595 26.141438 26.195585 26.262306 26.318247 26.387957 26.445744 26.518522 26.578186 26.654091 26.715631 26.794687 26.858078 26.940283 27.005466 27.090786 27.157673 27.246040 27.314514 27.405832 27.475742 27.569880 27.641047 27.737839 27.810053 27.909304 27.982327 28.083803 28.157368 28.260809 28.334621 28.439737 28.513481 28.619947 28.693281 28.800753 28.873314 28.981417 29.052828 29.161167 29.231035 29.339195 29.407114 29.514662 29.580223 29.686716 29.749500 29.854483 29.914074 30.017084 30.073074 30.173649 30.225630 30.323315 30.370893 30.465233 30.508030 30.598585 30.636246 30.722586 30.754774 30.836494 30.862904 30.939615 30.959969 31.031317 31.045372 31.111029 31.118576 31.178244 31.179119 31.232540 31.226614 31.273571 31.260757 31.301071 31.281332 31.314865 31.288200 31.314859 31.281321 31.301060 31.260738 31.273550 31.226583 31.232508 31.179077 31.178200 31.118523 31.110970 31.045303 31.031244 30.959885 30.939524 30.862799 30.836378 30.754646 30.722443 30.636089 30.598410 30.507841 30.465021 30.370663 30.323059 30.225351 30.173340 30.072737 30.016712 29.913670 29.854034 29.749016 29.686182 29.579645 29.514029 29.406427 29.338442 29.230221 29.160276 29.051863 28.980362 28.872173 28.799509 28.691936 28.618484 28.511902 28.438019 28.332771 28.258797 28.155203 28.081453 27.979803 27.906567 27.807117 27.734661 27.637642 27.566196 27.471802 27.401575 27.309965 27.241135 27.152435 27.085144 26.999453 26.933813 26.851191 26.787287 26.707764 26.645645 26.569221 26.508913 26.435556 26.377052 26.306700 26.249964 26.182531 26.127501 26.062876 26.009466 25.947512 25.895611 25.836172 25.785645 25.728548 25.679241 25.624290 25.576033 25.523018 25.475622 25.424322 25.377584 25.327770 25.281475 25.232904 25.186829 25.139254 25.093168 25.046337 25.000000 
25.000000 25.051828 25.104212 25.155771 25.209005 25.260571 25.314949 25.366796 25.422607 25.474998 25.532528 25.585711 25.645231 25.699451 25.761223 25.816700 25.880970 25.937910 26.004910 26.063496 26.133438 26.193832 26.266903 26.329241 26.405607 26.469999 26.549801 26.616325 26.699673 26.768381 26.855354 26.926262 27.016911 27.090004 27.184340 27.259569 27.357573 27.434851 27.536463 27.615671 27.720795 27.801777 27.910278 27.992842 28.104549 28.188463 28.303164 28.388170 28.505613 28.591413 28.711311 28.797579 28.919607 29.005983 29.129784 29.215885 29.341064 29.426477 29.552614 29.636908 29.763554 29.846273 29.972952 30.053633 30.179848 30.258011 30.383253 30.458412 30.582151 30.653824 30.775522 30.843220 30.962339 31.025585 31.141588 31.199913 31.312263 31.365215 31.473394 31.520542 31.624037 31.664978 31.763300 31.797655 31.890341 31.917772 32.004387 32.024586 32.104725 32.117432 32.190735 32.195724 32.261864 32.258968 32.317665 32.306759 32.357784 32.338791 32.381958 32.354855 32.390030 32.354851 32.381947 32.338776 32.357765 32.306732 32.317635 32.258926 32.261818 32.195671 32.190674 32.117363 32.104649 32.024498 32.004288 31.917662 31.890221 31.797520 31.763149 31.664812 31.623852 31.520342 31.473167 31.364971 31.311991 31.199615 31.141258 31.025227 30.961943 30.842789 30.775045 30.653307 30.581579 30.457794 30.382572 30.257275 30.179041 30.052757 29.971992 29.845236 29.762417 29.635679 29.551273 29.425028 29.339483 29.214178 29.127926 29.003984 28.917429 28.795237 28.708765 28.588678 28.502644 28.384983 28.299711 28.184763 28.100542 27.988552 27.905643 27.796820 27.715445 27.609957 27.530304 27.428282 27.350500 27.252035 27.176239 27.081385 27.007656 26.916431 26.844809 26.757193 26.687691 26.603628 26.536219 26.455627 26.390255 26.313015 26.249592 26.175560 26.113968 26.042973 25.983072 25.914919 25.856541 25.791014 25.733965 25.670828 25.614899 25.553900 25.498859 25.439735 25.385340 25.327812 25.273808 25.217590 25.163708 25.108509 25.054472 25.000000 
25.000000 25.059711 25.118948 25.179466 25.238552 25.300215 25.359467 25.422607 25.482334 25.547281 25.607775 25.674850 25.736395 25.805904 25.868765 25.941000 26.005421 26.080656 26.146864 26.225353 26.293545 26.375515 26.445862 26.531517 26.604158 26.693676 26.768723 26.862244 26.939770 27.037405 27.117451 27.219275 27.301838 27.407885 27.492933 27.603199 27.690651 27.805092 27.894833 28.013357 28.105227 28.227705 28.321503 28.447758 28.543242 28.673054 28.769943 28.903046 29.001024 29.137108 29.235817 29.374531 29.473574 29.614527 29.713480 29.856243 29.954645 30.098751 30.196121 30.341068 30.436899 30.582155 30.675920 30.820930 30.912086 31.056271 31.144264 31.287027 31.371304 31.512032 31.592031 31.730112 31.805281 31.940092 32.009888 32.140820 32.204712 32.331150 32.388638 32.509995 32.560593 32.676296 32.719559 32.829060 32.864578 32.967361 32.994759 33.090343 33.109295 33.197243 33.207470 33.287388 33.288670 33.360203 33.352367 33.415230 33.398159 33.452114 33.425751 33.470608 33.434959 33.470604 33.425735 33.452095 33.398132 33.415203 33.352325 33.360161 33.288612 33.287327 33.207401 33.197166 33.109203 33.090244 32.994644 32.967239 32.864437 32.828907 32.719387 32.676105 32.560387 32.509762 32.388382 32.330864 32.204403 32.140472 32.009514 31.939678 31.804829 31.729612 31.591490 31.511435 31.370653 31.286310 31.143492 31.055418 30.911165 30.819920 30.674828 30.580957 30.435604 30.339651 30.194592 30.097080 29.952843 29.854277 29.711361 29.612221 29.471090 29.371830 29.232912 29.133955 28.997637 28.899372 28.766005 28.668785 28.538670 28.442812 28.316212 28.221991 28.099119 28.006771 27.887802 27.797520 27.682579 27.594515 27.483686 27.397951 27.291277 27.207939 27.105419 27.024509 26.926098 26.847609 26.753225 26.677109 26.586639 26.512812 26.426107 26.354452 26.271328 26.201696 26.121946 26.054159 25.977545 25.911396 25.837658 25.772917 25.701778 25.638191 25.569353 25.506647 25.439800 25.377689 25.312510 25.250692 25.186852 25.125013 25.062174 25.000000 
25.000000 25.067118 25.134958 25.201721 25.270668 25.337439 25.407866 25.474998 25.547281 25.615118 25.689623 25.758488 25.835569 25.905773 25.985769 26.057600 26.140829 26.214554 26.301317 26.377172 26.467739 26.545937 26.640553 26.721266 26.820147 26.903517 27.006842 27.092974 27.200884 27.289846 27.402445 27.494257 27.611609 27.706251 27.828369 27.925777 28.052641 28.152704 28.284233 28.386797 28.522865 28.627728 28.768164 28.875072 29.019651 29.128313 29.276760 29.386839 29.538828 29.649937 29.805098 29.916815 30.074726 30.186588 30.346786 30.458292 30.620270 30.730890 30.894102 31.003275 31.167135 31.274277 31.438173 31.542681 31.705971 31.807224 31.969244 32.066616 32.226681 32.319542 32.476963 32.564686 32.718765 32.800728 32.950764 33.026360 33.171665 33.240314 33.380211 33.441349 33.575180 33.628292 33.755421 33.800014 33.919846 33.955475 34.067448 34.093719 34.197311 34.213886 34.308624 34.315220 34.400684 34.397076 34.472904 34.458927 34.524826 34.500385 34.556110 34.521175 34.566555 34.521168 34.556099 34.500362 34.524803 34.458893 34.472866 34.397022 34.400627 34.315151 34.308548 34.213799 34.197212 34.093605 34.067322 33.955334 33.919689 33.799839 33.755230 33.628078 33.574944 33.441090 33.379917 33.239994 33.171310 33.025974 32.950336 32.800259 32.718250 32.564125 32.476349 32.318874 32.225945 32.065815 31.968361 31.806271 31.704922 31.541548 31.436932 31.272934 31.165665 31.001684 30.892363 30.729015 30.618223 30.456085 30.344379 30.183996 30.071905 29.913780 29.801800 29.646393 29.534981 29.382710 29.272285 29.123518 29.014460 28.869516 28.762157 28.621305 28.515934 28.379395 28.276253 28.144194 28.043478 27.916018 27.817877 27.695086 27.599619 27.481522 27.388784 27.275354 27.185362 27.076529 26.989246 26.884901 26.800257 26.700249 26.618128 26.522268 26.442520 26.350592 26.273031 26.184778 26.109188 26.024330 25.950464 25.868700 25.796282 25.717285 25.646019 25.569448 25.499016 25.424511 25.354582 25.281776 25.212002 25.140518 25.070541 25.000000 
25.000000 25.075243 25.149885 25.226149 25.300594 25.378302 25.452955 25.532528 25.607775 25.689623 25.765839 25.850365 25.927904 26.015495 26.094692 26.185713 26.266876 26.361673 26.445089 26.543980 26.629894 26.733168 26.821798 26.929710 27.021233 27.134007 27.228554 27.346369 27.444042 27.567034 27.667881 27.796141 27.900164 28.033737 28.140888 28.279772 28.389956 28.534088 28.647156 28.796429 28.912178 29.066422 29.184605 29.343597 29.463907 29.627373 29.749456 29.917057 30.040516 30.211863 30.336243 30.510895 30.635702 30.813166 30.937860 31.117596 31.241606 31.423019 31.545734 31.728199 31.848978 32.031826 32.150005 32.332531 32.447437 32.628914 32.739841 32.919518 33.025768 33.202877 33.303745 33.477512 33.572304 33.741943 33.829975 33.994720 34.075321 34.234406 34.306942 34.459621 34.523491 34.669041 34.723675 34.861412 34.906296 35.035568 35.070229 35.190437 35.214462 35.325050 35.338097 35.438568 35.440346 35.530262 35.520557 35.599548 35.578220 35.645992 35.612968 35.669281 35.624565 35.669277 35.612949 35.645969 35.578190 35.599514 35.520508 35.530205 35.440277 35.438488 35.338005 35.324951 35.214348 35.190311 35.070087 35.035412 34.906120 34.861217 34.723461 34.668800 34.523228 34.459328 34.306622 34.234047 34.074932 33.994286 33.829502 33.741421 33.571735 33.476883 33.303062 33.202126 33.024952 32.918617 32.738865 32.627842 32.446274 32.331261 32.148628 32.030315 31.847347 31.726412 31.543806 31.420912 31.239332 31.115118 30.935190 30.810257 30.632570 30.507490 30.332581 30.207886 30.036245 29.912426 29.744490 29.621992 29.458145 29.337364 29.177935 29.059219 28.904480 28.788124 28.638294 28.524542 28.379780 28.268826 28.129236 28.021215 27.886852 27.781855 27.652714 27.550777 27.426807 27.327919 27.209021 27.113123 26.999149 26.906136 26.796898 26.706621 26.601894 26.514166 26.413683 26.328278 26.231743 26.148403 26.055489 25.973921 25.884277 25.804165 25.717419 25.638416 25.554176 25.475922 25.393784 25.315895 25.235445 25.157530 25.078344 25.000000 
25.000000 25.082762 25.166420 25.248741 25.333763 25.416090 25.502941 25.585711 25.674850 25.758488 25.850365 25.935270 26.030321 26.116875 26.215517 26.304077 26.406702 26.497597 26.604570 26.698095 26.809753 26.906164 27.022810 27.122324 27.244221 27.347010 27.474380 27.580576 27.713591 27.823275 27.962065 28.075260 28.219902 28.336588 28.487101 28.607199 28.763548 28.886921 29.049013 29.175470 29.343151 29.472443 29.645494 29.777315 29.955463 30.089449 30.272354 30.408089 30.595350 30.732361 30.923519 31.061281 31.255823 31.393768 31.591116 31.728628 31.928160 32.064587 32.265625 32.400272 32.602104 32.734253 32.936111 33.065025 33.266125 33.391037 33.590561 33.710693 33.907803 34.022381 34.216225 34.324474 34.514183 34.615345 34.800068 34.893391 35.072273 35.157040 35.329250 35.404770 35.569500 35.635128 35.791595 35.846729 35.994202 36.038300 36.176079 36.208649 36.336094 36.356720 36.473255 36.481583 36.586693 36.582447 36.675678 36.658661 36.739655 36.709747 36.778202 36.735367 36.791073 36.735355 36.778187 36.709721 36.739620 36.658619 36.675629 36.582382 36.586617 36.481499 36.473156 36.356606 36.335972 36.208508 36.175922 36.038124 35.994007 35.846516 35.791355 35.634861 35.569206 35.404449 35.328892 35.156647 35.071838 34.892914 34.799541 34.614773 34.513550 34.323784 34.215462 34.021557 33.906895 33.709709 33.589474 33.389858 33.264835 33.063625 32.934582 32.732594 32.600285 32.398312 32.263477 32.062271 31.925634 31.725904 31.588148 31.390570 31.252342 31.057537 30.919451 30.727987 30.590605 30.402994 30.266834 30.083532 29.949060 29.770460 29.638084 29.464520 29.334599 29.166338 29.039167 28.876423 28.752243 28.595160 28.474155 28.322817 28.205112 28.059549 27.945215 27.805397 27.694445 27.560287 27.452677 27.324047 27.219688 27.096397 26.995152 26.876972 26.778650 26.665310 26.569685 26.460873 26.367676 26.263046 26.171974 26.071156 25.981869 25.884457 25.796593 25.702168 25.615330 25.523453 25.437233 25.347450 25.261419 25.173269 25.086987 25.000000 
25.000000 25.091167 25.181604 25.274014 25.364210 25.458370 25.548815 25.645231 25.736395 25.835569 25.927904 26.030321 26.124258 26.230383 26.326328 26.436605 26.534935 26.649780 26.750835 26.870634 26.974718 27.099821 27.207191 27.337910 27.448782 27.585381 27.699924 27.842619 27.960947 28.109905 28.232079 28.387409 28.513430 28.675190 28.805002 28.973183 29.106668 29.281197 29.418177 29.598919 29.739153 29.925907 30.069090 30.261581 30.407347 30.605240 30.753160 30.956051 31.105637 31.313053 31.463762 31.675169 31.826399 32.041199 32.192299 32.409836 32.560112 32.779667 32.928387 33.149200 33.295582 33.516842 33.660088 33.880947 34.020233 34.239811 34.374283 34.591671 34.720490 34.934757 35.057068 35.267277 35.382233 35.587440 35.694214 35.893482 35.991272 36.183674 36.271709 36.456348 36.533894 36.709896 36.776264 36.942799 36.997364 37.153648 37.195843 37.341141 37.370468 37.504116 37.520149 37.641544 37.643940 37.752556 37.741055 37.836441 37.810867 37.892666 37.852936 37.920864 37.866978 37.920853 37.852917 37.892639 37.810833 37.836395 37.740997 37.752487 37.643860 37.641449 37.520042 37.503994 37.370331 37.340988 37.195671 37.153458 36.997150 36.942562 36.776001 36.709602 36.533569 36.455990 36.271317 36.183243 35.990799 35.892956 35.693642 35.586803 35.381542 35.266514 35.056240 34.933846 34.719498 34.590580 34.373100 34.238510 34.018822 33.879406 33.658413 33.515011 33.293602 33.147034 32.926048 32.777115 32.557358 32.406830 32.189060 32.037670 31.822601 31.671040 31.459322 31.308231 31.100458 30.950436 30.747137 30.598719 30.400358 30.254025 30.061003 29.917171 29.729822 29.588852 29.407436 29.269623 29.094336 28.959911 28.790876 28.660011 28.497293 28.370094 28.213694 28.090200 27.940056 27.820257 27.676247 27.560070 27.422018 27.309336 27.177013 27.067648 26.940781 26.834503 26.712772 26.609308 26.492355 26.391390 26.278820 26.180004 26.071390 25.974335 25.869228 25.773518 25.671448 25.576639 25.477116 25.382750 25.285269 25.190870 25.094923 25.000000 
25.000000 25.098833 25.198740 25.297047 25.398584 25.496893 25.600615 25.699451 25.805904 25.905773 26.015495 26.116875 26.230383 26.333735 26.451523 26.557270 26.679810 26.788343 26.916067 27.027740 27.161053 27.276171 27.415432 27.534252 27.679775 27.802509 27.954556 28.081356 28.240133 28.371098 28.536760 28.671921 28.844557 28.983885 29.163521 29.306925 29.493513 29.640829 29.834261 29.985264 30.185352 30.339743 30.546230 30.703644 30.916201 31.076200 31.294422 31.456512 31.679920 31.843540 32.071587 32.236111 32.468174 32.632927 32.868328 33.032570 33.270561 33.433514 33.673286 33.834126 34.074825 34.232697 34.473419 34.627430 34.867233 35.016476 35.254387 35.397934 35.632950 35.769882 36.000980 36.130367 36.356529 36.477459 36.697659 36.809242 37.022461 37.123848 37.329094 37.419456 37.615761 37.694328 37.880768 37.946819 38.122513 38.175404 38.339523 38.378666 38.530453 38.555344 38.694107 38.704334 38.829453 38.824680 38.935635 38.915623 39.011963 38.976578 39.057957 39.007145 39.073315 39.007133 39.057938 38.976547 39.011925 38.915573 38.935570 38.824608 38.829369 38.704231 38.693993 38.555214 38.530304 38.378498 38.339336 38.175194 38.122280 37.946560 37.880478 37.694008 37.615410 37.419067 37.328663 37.123379 37.021942 36.808674 36.697029 36.476772 36.355770 36.129539 36.000072 35.768890 35.631863 35.396755 35.253090 35.015068 34.865692 34.625755 34.471588 34.230709 34.072655 33.831779 33.670723 33.430744 33.267540 33.029312 32.864780 32.629105 32.464016 32.231636 32.066723 31.838314 31.674250 31.450426 31.287825 31.069130 30.908548 30.695450 30.537376 30.330275 30.175133 29.974352 29.822498 29.628286 29.480007 29.292540 29.148052 28.967434 28.826889 28.653151 28.516630 28.349743 28.217260 28.057119 27.928629 27.775076 27.650469 27.503283 27.382391 27.241299 27.123899 26.988577 26.874397 26.744474 26.633194 26.508261 26.399515 26.279125 26.172512 26.056187 25.951271 25.838509 25.734818 25.625095 25.522141 25.414919 25.312187 25.206915 25.103878 25.000000 
25.000000 25.107559 25.214251 25.323275 25.429682 25.540773 25.647469 25.761223 25.868765 25.985769 26.094692 26.215517 26.326328 26.451523 26.564703 26.694790 26.810781 26.946249 27.065456 27.206758 27.329536 27.477089 27.603745 27.757910 27.888697 28.049788 28.184902 28.353174 28.492754 28.668400 28.812517 28.995668 29.144323 29.335045 29.488173 29.686451 29.843916 30.049665 30.211256 30.424318 30.589750 30.809883 30.978798 31.205683 31.377647 31.610886 31.785395 32.024509 32.200993 32.445427 32.623238 32.872360 33.050793 33.303898 33.482189 33.738499 33.915825 34.174507 34.349998 34.610146 34.782894 35.043552 35.212612 35.472782 35.637180 35.895821 36.054562 36.310604 36.462685 36.715034 36.859451 37.107002 37.242760 37.484398 37.610523 37.845146 37.960690 38.187206 38.291264 38.508614 38.600315 38.807472 38.886009 39.082001 39.146629 39.330524 39.380581 39.551521 39.586418 39.743614 39.762848 39.905598 39.908764 40.036442 40.023232 40.135319 40.105522 40.201588 40.155106 40.234821 40.171661 40.234810 40.155083 40.201553 40.105480 40.135262 40.023163 40.036362 39.908669 39.905491 39.762722 39.743473 39.586254 39.551342 39.380379 39.330299 39.146378 39.081718 38.885696 38.807129 38.599930 38.508194 38.290798 38.186699 37.960129 37.844528 37.609844 37.483650 37.241943 37.106102 36.858471 36.713955 36.461510 36.309315 36.053162 35.894287 35.635513 35.470959 35.210636 35.041393 34.780556 34.607590 34.347237 34.171490 33.912571 33.734951 33.478363 33.299732 33.046310 32.867481 32.617996 32.439735 32.194878 32.017883 31.778284 31.603186 31.369398 31.196762 30.969252 30.799574 30.578733 30.412436 30.198576 30.036005 29.829359 29.670786 29.471502 29.317127 29.125278 28.975231 28.790819 28.645145 28.468098 28.326782 28.156958 28.019917 27.857109 27.724188 27.568130 27.439121 27.289488 27.164122 27.020538 26.898491 26.760536 26.641434 26.508644 26.392075 26.263947 26.149454 26.025459 25.912554 25.792133 25.680292 25.562876 25.451553 25.336546 25.225182 25.111984 25.000000 
25.000000 25.115402 25.232059 25.346842 25.465405 25.580189 25.701302 25.816700 25.941000 26.057600 26.185713 26.304077 26.436605 26.557270 26.694790 26.818251 26.961308 27.088022 27.237125 27.367504 27.523123 27.657520 27.820072 27.958794 28.128643 28.271935 28.449387 28.597425 28.782724 28.935623 29.128944 29.286743 29.488190 29.650856 29.860456 30.027882 30.245583 30.417578 30.643248 30.819550 31.052973 31.233234 31.474106 31.657900 31.905836 32.092659 32.347183 32.536453 32.797012 32.988071 33.254025 33.446148 33.716774 33.909168 34.183666 34.375473 34.652977 34.843285 35.122852 35.310707 35.591335 35.775738 36.056374 36.236279 36.515827 36.690182 36.967495 37.135220 37.409138 37.569153 37.838490 37.989716 38.253269 38.394642 38.651222 38.781704 39.030128 39.148720 39.387829 39.493572 39.722237 39.814232 40.031372 40.108780 40.313374 40.375435 40.566517 40.612549 40.789234 40.818653 40.980137 40.992451 41.138016 41.132839 41.261871 41.238926 41.350910 41.310028 41.404560 41.345688 41.422474 41.345676 41.404533 41.309994 41.350861 41.238869 41.261799 41.132755 41.137917 40.992332 40.980003 40.818497 40.789059 40.612350 40.566299 40.375187 40.313103 40.108475 40.031036 39.813858 39.721825 39.493118 39.387325 39.148170 39.029522 38.781040 38.650486 38.393837 38.252380 37.988747 37.837425 37.567997 37.407867 37.133839 36.965981 36.688534 36.514023 36.234322 36.054230 35.773415 35.588802 35.307964 35.119858 34.840054 34.649448 34.371670 34.179520 33.904701 33.711914 33.440922 33.248344 32.981968 32.790386 32.529339 32.339478 32.084396 31.896896 31.648327 31.463762 31.222172 31.041033 30.806801 30.629505 30.402924 30.229801 30.011076 29.842384 29.631636 29.467550 29.264816 29.105429 28.910675 28.756004 28.569115 28.419104 28.239889 28.094414 27.922619 27.781481 27.616787 27.479727 27.321758 27.188457 27.036785 26.906866 26.761011 26.634050 26.493492 26.369020 26.233204 26.110710 25.979050 25.857986 25.729872 25.609665 25.484468 25.364519 25.241596 25.121292 25.000000 
25.000000 25.124479 25.247955 25.374132 25.497276 25.625845 25.749321 25.880970 26.005421 26.140829 26.266876 26.406702 26.534935 26.679810 26.810781 26.961308 27.095533 27.252279 27.390223 27.553711 27.695786 27.866493 28.013054 28.191401 28.342743 28.529089 28.685440 28.880079 29.041597 29.244755 29.411522 29.623346 29.795366 30.015930 30.193129 30.422417 30.604635 30.842550 31.029545 31.275898 31.467340 31.721851 31.917332 32.179630 32.378643 32.648273 32.850239 33.126640 33.330894 33.613430 33.819225 34.107162 34.313690 34.606213 34.812580 35.108791 35.314053 35.612980 35.816135 36.116737 36.316727 36.617901 36.813637 37.114223 37.304581 37.603378 37.787205 38.082973 38.259117 38.550598 38.717892 39.003799 39.161098 39.440151 39.586323 39.857246 39.991196 40.252731 40.373409 40.624332 40.730736 40.969856 41.061054 41.287247 41.362377 41.574574 41.632870 41.830074 41.870850 42.052155 42.074829 42.239426 42.243526 42.390697 42.375870 42.505005 42.471008 42.581619 42.528336 42.620041 42.547474 42.620026 42.528309 42.581577 42.470959 42.504940 42.375790 42.390602 42.243420 42.239300 42.074680 42.051991 41.870659 41.829865 41.632629 41.574314 41.362083 41.286922 41.060692 40.969460 40.730293 40.623840 40.372871 40.252140 39.990547 39.856529 39.585537 39.439281 39.160149 39.002758 38.716755 38.549347 38.257759 38.081486 37.785583 37.601601 37.302650 37.112110 36.811348 36.615395 36.314018 36.113773 35.812935 35.609486 35.310284 35.104679 34.808151 34.601387 34.308498 34.101517 33.813156 33.606838 33.323814 33.118965 32.841999 32.639355 32.369091 32.169300 31.906275 31.709913 31.454584 31.262136 31.014860 30.826729 30.587776 30.404276 30.173822 29.995184 29.773314 29.599680 29.386398 29.217829 29.013050 28.849524 28.653086 28.494505 28.306171 28.152359 27.971823 27.822535 27.649420 27.504347 27.338223 27.196989 27.037367 26.899544 26.745888 26.610994 26.462727 26.330233 26.186743 26.056084 25.916727 25.787298 25.651411 25.522583 25.389482 25.260603 25.129599 25.000000 
25.000000 25.132530 25.266504 25.398321 25.534483 25.666302 25.805391 25.937910 26.080656 26.214554 26.361673 26.497597 26.649780 26.788343 26.946249 27.088022 27.252279 27.397785 27.568975 27.718687 27.897345 28.051672 28.238276 28.397568 28.592537 28.757074 28.960758 29.130749 29.343424 29.518993 29.740862 29.922058 30.153236 30.340023 30.580540 30.772795 31.022591 31.220098 31.479019 31.681475 31.949272 32.156277 32.432602 32.643669 32.928078 33.142628 33.434582 33.651947 33.950798 34.170227 34.475246 34.695904 35.006260 35.227242 35.542019 35.762337 36.080536 36.299145 36.619690 36.835495 37.157234 37.369087 37.690811 37.897526 38.217972 38.418327 38.736191 38.928955 39.242897 39.426830 39.735489 39.909355 40.211357 40.373932 40.667915 40.818012 41.102619 41.239086 41.512981 41.634724 41.896622 42.002602 42.251263 42.340523 42.574776 42.646435 42.865173 42.918465 43.120670 43.154911 43.339668 43.354290 43.520782 43.515347 43.662865 43.637051 43.765003 43.718620 43.826550 43.759529 43.847095 43.759514 43.826519 43.718578 43.764950 43.636982 43.662777 43.515247 43.520664 43.354153 43.339512 43.154728 43.120472 42.918236 42.864925 42.646152 42.574463 42.340172 42.250877 42.002171 41.896149 41.634197 41.512405 41.238453 41.101917 40.817245 40.667072 40.373009 40.210342 39.908241 39.734268 39.425495 39.241440 38.927364 38.734447 38.416431 38.215897 37.895271 37.688351 37.366421 37.154320 36.832344 36.616245 36.295429 36.076477 35.757961 35.537251 35.222107 35.000675 34.689896 34.468716 34.163208 33.943180 33.643768 33.425720 33.133133 32.917801 32.632668 32.420712 32.143562 31.935551 31.666822 31.463224 31.203255 31.004457 30.753483 30.559774 30.317936 30.129517 29.896864 29.713840 29.490328 29.312721 29.098219 28.925964 28.720259 28.553209 28.356007 28.193937 28.004875 27.847488 27.666134 27.513062 27.338924 27.189737 27.022268 26.876478 26.715084 26.572147 26.416191 26.275524 26.124332 25.985308 25.838184 25.700142 25.556364 25.418617 25.277452 25.139294 25.000000 
25.000000 25.141994 25.282841 25.426773 25.567240 25.713898 25.854742 26.004910 26.146864 26.301317 26.445089 26.604570 26.750835 26.916067 27.065456 27.237125 27.390223 27.568975 27.726311 27.912741 28.074785 28.269436 28.436598 28.639942 28.812557 29.025009 29.203335 29.425226 29.609447 29.841032 30.031239 30.272690 30.468889 30.720280 30.922388 31.183704 31.391541 31.662666 31.875956 32.156681 32.375046 32.665047 32.888016 33.186874 33.413879 33.721069 33.951447 34.266335 34.499329 34.821178 35.055946 35.383923 35.619534 35.952709 36.188148 36.525501 36.759697 37.100121 37.331924 37.674225 37.902439 38.245369 38.468750 38.810978 39.028244 39.368408 39.578251 39.914936 40.116035 40.447807 40.638840 40.964237 41.143894 41.461460 41.628456 41.936733 42.089817 42.387375 42.525349 42.810791 42.932518 43.204494 43.308907 43.566132 43.652256 43.893517 43.960464 44.184631 44.231628 44.437672 44.464054 44.651043 44.656277 44.823399 44.807068 44.953636 44.915474 45.040928 44.980793 45.084709 45.002602 45.084694 44.980762 45.040882 44.915417 44.953564 44.806980 44.823288 44.656151 44.650898 44.463886 44.437481 44.231415 44.184391 43.960194 43.893219 43.651920 43.565762 43.308495 43.204037 42.932011 42.810230 42.524734 42.386692 42.089073 41.935909 41.627560 41.460472 41.142815 40.963051 40.637543 40.446384 40.114483 39.913239 39.576397 39.366379 39.026039 38.808567 38.466133 38.242508 37.899349 37.670841 37.328270 37.096127 36.755394 36.520809 36.183090 35.947201 35.613602 35.377476 35.049011 34.813648 34.491245 34.257565 33.942047 33.710884 33.402973 33.175079 32.875397 32.651417 32.360481 32.140968 31.859192 31.644609 31.372295 31.162998 30.900349 30.696598 30.443718 30.245678 30.002565 29.810301 29.576866 29.390354 29.166412 28.985540 28.770823 28.595388 28.389545 28.219273 28.021877 27.856411 27.666973 27.505888 27.323851 27.166653 26.991413 26.837553 26.668449 26.517326 26.353664 26.204630 26.045677 25.898045 25.743046 25.596096 25.444273 25.297264 25.147831 25.000000 
