25.000000 25.000000 25.000000 25.000000 25.000000 25.000000 25.000000 25.000000 25.000000 25.000000 25.000000 25.000000 25.000000 25.000000 25.000000 25.000000 25.000000 25.000000 25.000000 25.000000 25.000000 25.000000 25.000000 25.000000 25.000000 25.000000 25.000000 25.000000 25.000000 25.000000 25.000000 25.000000 25.000000 25.000000 25.000000 25.000000 25.000000 25.000000 25.000000 25.000000 25.000000 25.000000 25.000000 25.000000 25.000000 25.000000 25.000000 25.000000 25.000000 25.000000 25.000000 25.000000 25.000000 25.000000 25.000000 25.000000 25.000000 25.000000 25.000000 25.000000 25.000000 25.000000 25.000000 25.000000 25.000000 25.000000 25.000000 25.000000 25.000000 25.000000 25.000000 25.000000 25.000000 25.000000 25.000000 25.000000 25.000000 25.000000 25.000000 25.000000 25.000000 25.000000 25.000000 25.000000 25.000000 25.000000 25.000000 25.000000 25.000000 25.000000 25.000000 25.000000 25.000000 25.000000 25.000000 25.000000 25.000000 25.000000 25.000000 25.000000 25.000000 25.000000 25.000000 25.000000 25.000000 25.000000 25.000000 25.000000 25.000000 25.000000 25.000000 25.000000 25.000000 25.000000 25.000000 25.000000 25.000000 25.000000 25.000000 25.000000 25.000000 25.000000 25.000000 25.000000 25.000000 25.000000 25.000000 25.000000 25.000000 25.000000 25.000000 25.000000 25.000000 25.000000 25.000000 25.000000 25.000000 25.000000 25.000000 25.000000 25.000000 25.000000 25.000000 25.000000 25.000000 25.000000 25.000000 25.000000 25.000000 25.000000 25.000000 25.000000 25.000000 25.000000 25.000000 25.000000 25.000000 25.000000 25.000000 25.000000 25.000000 25.000000 25.000000 25.000000 25.000000 25.000000 25.000000 25.000000 25.000000 25.000000 25.000000 25.000000 25.000000 25.000000 25.000000 25.000000 25.000000 25.000000 25.000000 25.000000 25.000000 25.000000 25.000000 25.000000 25.000000 25.000000 25.000000 25.000000 25.000000 25.000000 25.000000 25.000000 25.000000 25.000000 25.000000 25.000000 25.000000 25.000000 25.000000 25.000000 
25.000000 24.966997 24.933586 24.900200 24.865705 24.831450 24.795702 24.760777 24.724476 24.690069 24.654957 24.623255 24.591892 24.565569 24.540531 24.521694 24.504343 24.493341 24.482952 24.478006 24.472000 24.470022 24.465254 24.463348 24.457573 24.454283 24.447033 24.442789 24.435337 24.431952 24.426380 24.425795 24.423561 24.426462 24.427319 24.432550 24.434603 24.439831 24.440655 24.443708 24.441713 24.441757 24.437008 24.434958 24.429127 24.427158 24.422615 24.422926 24.421331 24.424784 24.426029 24.431595 24.433876 24.439299 24.440254 24.443419 24.441498 24.441603 24.436893 24.434877 24.429068 24.427118 24.422586 24.422905 24.421316 24.424774 24.426022 24.431589 24.433872 24.439295 24.440252 24.443419 24.441498 24.441603 24.436893 24.434877 24.429068 24.427118 24.422586 24.422905 24.421316 24.424774 24.426022 24.431589 24.433872 24.439295 24.440252 24.443419 24.441498 24.441603 24.436893 24.434877 24.429068 24.427118 24.422586 24.422907 24.421318 24.424774 24.426022 24.431589 24.433872 24.439297 24.440254 24.443419 24.441498 24.441603 24.436893 24.434879 24.429070 24.427118 24.422586 24.422905 24.421316 24.424774 24.426022 24.431589 24.433872 24.439295 24.440252 24.443417 24.441496 24.441601 24.436892 24.434874 24.429066 24.427113 24.422581 24.422897 24.421309 24.424761 24.426010 24.431570 24.433853 24.439270 24.440226 24.443382 24.441462 24.441553 24.436846 24.434813 24.429007 24.427034 24.422510 24.422804 24.421223 24.424652 24.425913 24.431450 24.433748 24.439140 24.440119 24.443253 24.441357 24.441435 24.436754 24.434715 24.428940 24.426971 24.422478 24.422789 24.421246 24.424706 24.426014 24.431606 24.433973 24.439457 24.440546 24.443830 24.442123 24.442453 24.438099 24.436478 24.431263 24.429989 24.426439 24.427881 24.427879 24.433155 24.436918 24.445358 24.451548 24.461418 24.468327 24.478247 24.485214 24.495369 24.503653 24.516228 24.528929 24.547541 24.568550 24.596815 24.629141 24.669001 24.713341 24.764120 24.818542 24.877211 24.937870 25.000000 
25.000000 24.933586 24.867149 24.799099 24.731171 24.660456 24.590578 24.517586 24.447054 24.374218 24.306505 24.238373 24.178743 24.120996 24.074862 24.032047 24.002333 23.975292 23.960457 23.945459 23.939970 23.930521 23.927645 23.917721 23.912659 23.899326 23.891060 23.875376 23.866608 23.852560 23.847775 23.839605 23.841990 23.841204 23.850262 23.854370 23.866032 23.870016 23.879082 23.878340 23.881388 23.874186 23.871313 23.859640 23.854391 23.842916 23.840378 23.833826 23.837614 23.837820 23.847734 23.852438 23.864609 23.868938 23.878300 23.877754 23.880966 23.873873 23.871092 23.859478 23.854277 23.842833 23.840321 23.833784 23.837585 23.837801 23.847721 23.852428 23.864601 23.868935 23.878296 23.877752 23.880966 23.873873 23.871092 23.859478 23.854277 23.842833 23.840321 23.833784 23.837585 23.837801 23.847721 23.852428 23.864601 23.868935 23.878296 23.877752 23.880966 23.873875 23.871092 23.859478 23.854277 23.842833 23.840321 23.833786 23.837587 23.837803 23.847723 23.852430 23.864603 23.868937 23.878298 23.877752 23.880966 23.873875 23.871092 23.859478 23.854279 23.842834 23.840322 23.833784 23.837585 23.837801 23.847721 23.852428 23.864601 23.868935 23.878296 23.877752 23.880962 23.873871 23.871086 23.859472 23.854269 23.842825 23.840309 23.833773 23.837566 23.837782 23.847692 23.852398 23.864559 23.868891 23.878235 23.877691 23.880880 23.873793 23.870977 23.859369 23.854130 23.842697 23.840137 23.833616 23.837364 23.837601 23.847462 23.852200 23.864309 23.868681 23.877979 23.877481 23.880634 23.873598 23.870762 23.859211 23.853968 23.842596 23.840055 23.833605 23.837397 23.837717 23.847662 23.852509 23.864761 23.869301 23.878834 23.878618 23.882162 23.875614 23.873426 23.862726 23.858559 23.848635 23.847864 23.843817 23.850471 23.854671 23.869148 23.880106 23.899405 23.913347 23.933634 23.947588 23.967237 23.981598 24.003016 24.022430 24.051947 24.084137 24.129841 24.182568 24.250744 24.328182 24.420244 24.520998 24.632841 24.750618 24.874271 25.000000 
25.000000 24.900200 24.799099 24.697878 24.593082 24.488625 24.379305 24.271936 24.160002 24.053242 23.944109 23.844988 23.747149 23.664808 23.587271 23.529297 23.477135 23.445040 23.415840 23.403400 23.388069 23.384445 23.372013 23.367233 23.350063 23.339302 23.316017 23.301043 23.276381 23.263903 23.245575 23.242861 23.236385 23.246103 23.250662 23.268635 23.277334 23.295120 23.299282 23.309183 23.303198 23.302286 23.286388 23.277899 23.258024 23.249735 23.234449 23.234385 23.229797 23.241150 23.246855 23.265812 23.275188 23.293549 23.298100 23.308329 23.302561 23.301832 23.286053 23.277662 23.257851 23.249615 23.234362 23.234324 23.229755 23.241121 23.246834 23.265799 23.275177 23.293543 23.298096 23.308327 23.302559 23.301832 23.286053 23.277662 23.257853 23.249615 23.234364 23.234325 23.229755 23.241123 23.246836 23.265800 23.275179 23.293545 23.298098 23.308329 23.302561 23.301834 23.286053 23.277664 23.257853 23.249617 23.234364 23.234327 23.229757 23.241125 23.246838 23.265802 23.275183 23.293547 23.298100 23.308329 23.302561 23.301834 23.286055 23.277664 23.257854 23.249617 23.234364 23.234325 23.229755 23.241123 23.246836 23.265800 23.275179 23.293543 23.298096 23.308325 23.302559 23.301828 23.286047 23.277653 23.257843 23.249601 23.234348 23.234303 23.229733 23.241087 23.246799 23.265747 23.275126 23.293468 23.298021 23.308222 23.302458 23.301689 23.285915 23.277473 23.257673 23.249374 23.234140 23.234030 23.229486 23.240770 23.246519 23.265394 23.274824 23.293095 23.297710 23.307848 23.302156 23.301346 23.285654 23.277191 23.257481 23.249189 23.234053 23.233986 23.229555 23.240931 23.246819 23.265856 23.275484 23.294027 23.298962 23.309547 23.304405 23.304338 23.289602 23.282381 23.264322 23.258087 23.245733 23.249022 23.249147 23.265890 23.279041 23.306496 23.327415 23.358915 23.381041 23.411228 23.431738 23.460766 23.483522 23.518528 23.553902 23.607222 23.668623 23.752867 23.850801 23.972740 24.109571 24.266783 24.435837 24.618147 24.806803 25.000000 
25.000000 24.865705 24.731171 24.593082 24.454657 24.310003 24.166082 24.015039 23.867773 23.715063 23.571703 23.427347 23.300053 23.177732 23.080116 22.991724 22.931866 22.880121 22.854464 22.829947 22.824459 22.810772 22.808725 22.791140 22.781059 22.752783 22.732664 22.696814 22.673971 22.641211 22.627764 22.609722 22.614588 22.615610 22.637646 22.651129 22.679552 22.692347 22.713743 22.714151 22.719931 22.703636 22.694052 22.666040 22.650074 22.622349 22.613300 22.598425 22.606041 22.609007 22.632719 22.647364 22.676781 22.690250 22.712219 22.713009 22.719112 22.703028 22.693621 22.665724 22.649851 22.622185 22.613188 22.598345 22.605988 22.608969 22.632694 22.647346 22.676767 22.690241 22.712215 22.713007 22.719110 22.703028 22.693621 22.665724 22.649853 22.622187 22.613190 22.598347 22.605989 22.608973 22.632696 22.647348 22.676771 22.690245 22.712219 22.713011 22.719114 22.703030 22.693623 22.665728 22.649855 22.622190 22.613192 22.598351 22.605991 22.608974 22.632700 22.647352 22.676775 22.690248 22.712221 22.713013 22.719116 22.703032 22.693626 22.665730 22.649857 22.622190 22.613192 22.598349 22.605989 22.608973 22.632696 22.647348 22.676769 22.690243 22.712215 22.713007 22.719109 22.703024 22.693613 22.665716 22.649837 22.622171 22.613167 22.598322 22.605951 22.608932 22.632639 22.647291 22.676687 22.690161 22.712101 22.712894 22.718952 22.702875 22.693409 22.665522 22.649576 22.621929 22.612844 22.598030 22.605570 22.608593 22.632204 22.646914 22.676216 22.689762 22.711615 22.712496 22.718485 22.702507 22.692999 22.665224 22.649269 22.621744 22.612692 22.598011 22.605639 22.608820 22.632593 22.647516 22.677092 22.690966 22.713272 22.714701 22.721443 22.706415 22.698166 22.672047 22.658194 22.633499 22.627909 22.617939 22.631170 22.641956 22.674603 22.701475 22.744822 22.777061 22.820368 22.849472 22.887714 22.913637 22.951773 22.985006 23.037907 23.097006 23.184559 23.288839 23.426853 23.586708 23.778515 23.990170 24.225576 24.474026 24.734789 25.000000 
25.000000 24.831450 24.660456 24.488625 24.310003 24.130650 23.941818 23.754366 23.557636 23.367535 23.172279 22.992647 22.815760 22.665949 22.527588 22.425615 22.338587 22.289112 22.248510 22.237459 22.222475 22.225460 22.211899 22.207541 22.179457 22.158102 22.113274 22.079576 22.029261 21.999201 21.962044 21.953672 21.943714 21.964100 21.979618 22.018682 22.043106 22.080969 22.094357 22.113747 22.103731 22.098272 22.065365 22.042139 21.999563 21.976282 21.944054 21.939976 21.933083 21.956120 21.973492 22.014145 22.039658 22.078449 22.092459 22.112377 22.102709 22.097544 22.064825 22.041758 21.999283 21.976088 21.943913 21.939878 21.933014 21.956074 21.973459 22.014122 22.039642 22.078440 22.092453 22.112373 22.102707 22.097544 22.064825 22.041761 21.999287 21.976089 21.943916 21.939882 21.933018 21.956078 21.973465 22.014128 22.039648 22.078445 22.092459 22.112379 22.102713 22.097548 22.064831 22.041765 21.999290 21.976095 21.943920 21.939888 21.933022 21.956081 21.973469 22.014132 22.039654 22.078449 22.092463 22.112383 22.102716 22.097551 22.064835 22.041767 21.999292 21.976095 21.943920 21.939886 21.933020 21.956078 21.973463 22.014126 22.039646 22.078442 22.092455 22.112373 22.102707 22.097538 22.064819 22.041748 21.999273 21.976068 21.943893 21.939848 21.932980 21.956020 21.973406 22.014044 22.039562 22.078325 22.092339 22.112213 22.102551 22.097324 22.064615 22.041471 21.999012 21.975719 21.943573 21.939426 21.932600 21.955530 21.972973 22.013496 22.039093 22.077745 22.091856 22.111633 22.102087 22.096790 22.064211 22.041033 21.998718 21.975437 21.943445 21.939367 21.932718 21.955793 21.973459 22.014238 22.040154 22.079233 22.093855 22.114346 22.105675 22.101566 22.070524 22.049339 22.009687 21.989725 21.962240 21.963598 21.964346 21.996124 22.025557 22.079956 22.124121 22.184114 22.226463 22.278570 22.311312 22.354286 22.384083 22.431812 22.479778 22.558336 22.653587 22.791079 22.957207 23.168726 23.410402 23.689802 23.991884 24.317593 24.654856 25.000000 
25.000000 24.795702 24.590578 24.379305 24.166082 23.941818 23.716175 23.477327 23.240873 22.993536 22.757235 22.518242 22.304388 22.100866 21.938667 21.798040 21.707752 21.638161 21.613007 21.593588 21.602520 21.597769 21.605871 21.586094 21.571125 21.523731 21.482752 21.415077 21.364294 21.300146 21.267540 21.234747 21.242493 21.252304 21.298046 21.334721 21.393217 21.426970 21.468964 21.475124 21.482973 21.452812 21.426992 21.370613 21.329756 21.272894 21.246658 21.218462 21.230194 21.242823 21.290985 21.329334 21.389256 21.423975 21.466787 21.473494 21.481802 21.451941 21.426374 21.370157 21.329435 21.272659 21.246496 21.218344 21.230116 21.242767 21.290947 21.329308 21.389240 21.423965 21.466782 21.473490 21.481800 21.451941 21.426376 21.370161 21.329439 21.272663 21.246500 21.218349 21.230120 21.242773 21.290955 21.329317 21.389248 21.423975 21.466789 21.473499 21.481810 21.451950 21.426384 21.370169 21.329447 21.272673 21.246508 21.218357 21.230127 21.242781 21.290960 21.329325 21.389256 21.423983 21.466797 21.473507 21.481815 21.451956 21.426390 21.370173 21.329449 21.272673 21.246508 21.218355 21.230124 21.242775 21.290955 21.329315 21.389244 21.423971 21.466784 21.473494 21.481800 21.451939 21.426369 21.370152 21.329422 21.272644 21.246469 21.218315 21.230070 21.242720 21.290874 21.329233 21.389130 21.423855 21.466625 21.473337 21.481586 21.451735 21.426090 21.369886 21.329067 21.272314 21.246033 21.217918 21.229549 21.242256 21.290281 21.328718 21.388485 21.423309 21.465960 21.472794 21.480944 21.451233 21.425528 21.369482 21.328648 21.272068 21.245831 21.217905 21.229658 21.242590 21.290842 21.329582 21.389734 21.425022 21.468313 21.475922 21.485142 21.456785 21.432871 21.379198 21.341375 21.288877 21.267645 21.246548 21.266430 21.290398 21.351505 21.407536 21.487556 21.549301 21.622782 21.670168 21.724669 21.755289 21.798456 21.831022 21.891056 21.962307 22.080374 22.231558 22.442171 22.695488 23.004564 23.349916 23.734564 24.141157 24.567041 25.000000 
25.000000 24.760777 24.517586 24.271936 24.015039 23.754366 23.477327 23.197893 22.901203 22.608501 22.304577 22.018698 21.736561 21.494463 21.276577 21.120129 20.999189 20.942772 20.909384 20.921362 20.929005 20.957220 20.956642 20.959841 20.921638 20.882946 20.804173 20.733685 20.637657 20.569551 20.498098 20.475281 20.463547 20.504578 20.548708 20.628939 20.689816 20.764730 20.800066 20.834814 20.820589 20.803007 20.740084 20.683565 20.597889 20.538876 20.474054 20.457016 20.449409 20.493994 20.540606 20.622950 20.685272 20.761410 20.797567 20.833008 20.819241 20.802044 20.739370 20.683060 20.597517 20.538618 20.473867 20.456886 20.449318 20.493931 20.540560 20.622921 20.685253 20.761400 20.797562 20.833006 20.819239 20.802044 20.739374 20.683065 20.597523 20.538624 20.473873 20.456894 20.449326 20.493940 20.540573 20.622934 20.685266 20.761414 20.797575 20.833019 20.819254 20.802059 20.739388 20.683079 20.597538 20.538637 20.473886 20.456905 20.449339 20.493952 20.540585 20.622944 20.685280 20.761423 20.797586 20.833029 20.819265 20.802067 20.739395 20.683083 20.597542 20.538639 20.473886 20.456902 20.449333 20.493944 20.540573 20.622932 20.685265 20.761406 20.797567 20.833010 20.819242 20.802042 20.739368 20.683052 20.597509 20.538599 20.473846 20.456850 20.449276 20.493868 20.540495 20.622824 20.685154 20.761257 20.797419 20.832806 20.819044 20.801773 20.739111 20.682707 20.597185 20.538168 20.473450 20.456327 20.448807 20.493258 20.539957 20.622141 20.684568 20.760530 20.796814 20.832079 20.818464 20.801102 20.738609 20.682159 20.596821 20.537819 20.473299 20.456268 20.448977 20.493618 20.540606 20.623123 20.685965 20.762486 20.799437 20.835627 20.823164 20.807352 20.746881 20.693050 20.611244 20.556654 20.498171 20.488440 20.491112 20.547478 20.610302 20.711090 20.798340 20.902721 20.976528 21.054636 21.097069 21.143732 21.164242 21.202757 21.239254 21.319462 21.430763 21.612608 21.850433 22.166487 22.538040 22.970732 23.440598 23.945429 24.467239 25.000000 
25.000000 24.724476 24.447054 24.160002 23.867773 23.557636 23.240873 22.901203 22.557541 22.192411 21.833874 21.466373 21.128693 20.808672 20.553051 20.345455 20.226107 20.156797 20.160393 20.179741 20.234915 20.266445 20.303635 20.292219 20.272644 20.197515 20.117304 19.992645 19.883099 19.757374 19.680023 19.619720 19.631838 19.667645 19.763266 19.854519 19.972376 20.052246 20.131758 20.152670 20.161562 20.107964 20.046772 19.936342 19.839355 19.722895 19.653667 19.599239 19.616434 19.655819 19.754490 19.847841 19.967472 20.048540 20.129063 20.150646 20.160107 20.106878 20.046001 19.935772 19.838957 19.722603 19.653467 19.599094 19.616335 19.655748 19.754442 19.847809 19.967453 20.048529 20.129057 20.150644 20.160107 20.106882 20.046007 19.935780 19.838963 19.722612 19.653477 19.599106 19.616348 19.655764 19.754459 19.847828 19.967472 20.048550 20.129078 20.150667 20.160130 20.106905 20.046028 19.935802 19.838984 19.722633 19.653494 19.599125 19.616365 19.655783 19.754477 19.847847 19.967489 20.048567 20.129093 20.150684 20.160143 20.106918 20.046038 19.935810 19.838987 19.722635 19.653494 19.599119 19.616356 19.655769 19.754459 19.847828 19.967466 20.048542 20.129066 20.150654 20.160110 20.106884 20.046001 19.935770 19.838945 19.722589 19.653440 19.599064 19.616285 19.655695 19.754360 19.847723 19.967327 20.048401 20.128876 20.150465 20.159859 20.106642 20.045673 19.935463 19.838533 19.722210 19.652937 19.598608 19.615685 19.655161 19.753670 19.847124 19.966572 20.047762 20.128094 20.149828 20.159103 20.106056 20.045017 19.934994 19.838049 19.721930 19.652714 19.598612 19.615841 19.655590 19.754381 19.848206 19.968126 20.049887 20.131002 20.153690 20.164270 20.112890 20.054049 19.946960 19.853750 19.742748 19.679838 19.634420 19.662027 19.715893 19.831089 19.946909 20.091957 20.207037 20.325954 20.398308 20.465227 20.487230 20.512012 20.513008 20.543739 20.591393 20.710606 20.893990 21.180470 21.549120 22.010378 22.532415 23.111662 23.721714 24.356487 25.000000 
25.000000 24.690069 24.374218 24.053242 23.715063 23.367535 22.993536 22.608501 22.192411 21.769730 21.321419 20.884230 20.445734 20.058481 19.717669 19.482533 19.332279 19.297918 19.317558 19.402294 19.479431 19.570013 19.608799 19.632753 19.585583 19.517168 19.380281 19.236496 19.050671 18.896820 18.751595 18.691738 18.682615 18.770893 18.886232 19.053495 19.194220 19.340120 19.421299 19.482544 19.463770 19.420511 19.302607 19.175673 19.002419 18.859678 18.722603 18.669840 18.665773 18.758358 18.876677 19.046452 19.188877 19.336212 19.418350 19.480408 19.462168 19.419363 19.301754 19.175070 19.001976 18.859371 18.722380 18.669689 18.665667 18.758286 18.876627 19.046419 19.188858 19.336203 19.418346 19.480408 19.462172 19.419369 19.301762 19.175079 19.001986 18.859383 18.722393 18.669703 18.665684 18.758307 18.876652 19.046446 19.188889 19.336233 19.418381 19.480442 19.462208 19.419403 19.301798 19.175112 19.002020 18.859413 18.722424 18.669729 18.665712 18.758333 18.876678 19.046473 19.188915 19.336258 19.418407 19.480463 19.462231 19.419420 19.301813 19.175121 19.002026 18.859415 18.722422 18.669722 18.665699 18.758314 18.876656 19.046444 19.188883 19.336222 19.418365 19.480421 19.462183 19.419373 19.301762 19.175070 19.001972 18.859356 18.722361 18.669651 18.665625 18.758221 18.876556 19.046314 19.188749 19.336044 19.418190 19.480186 19.461956 19.419069 19.301476 19.174688 19.001619 18.858887 18.721931 18.669086 18.665115 18.757555 18.875969 19.045561 19.188103 19.335238 19.417521 19.479378 19.461313 19.418325 19.300920 19.174086 19.001223 18.858513 18.721785 18.669048 18.665339 18.758005 18.876755 19.046741 19.189768 19.337555 19.420620 19.483555 19.466831 19.425640 19.310593 19.186806 19.018099 18.880613 18.751143 18.707279 18.715805 18.822912 18.961134 19.153454 19.326136 19.507483 19.634678 19.747395 19.795609 19.827940 19.808239 19.793512 19.765812 19.791758 19.872272 20.072275 20.386398 20.839146 21.392017 22.036888 22.733936 23.473278 24.230984 25.000000 
25.000000 24.654957 24.306505 23.944109 23.571703 23.172279 22.757235 22.304577 21.833874 21.321419 20.797840 20.244764 19.711533 19.196781 18.776608 18.462835 18.322556 18.304991 18.409628 18.543726 18.710503 18.829195 18.928793 18.943247 18.919764 18.802088 18.650158 18.419716 18.186266 17.926758 17.737793 17.612982 17.635992 17.745251 17.957273 18.173502 18.410883 18.583687 18.730772 18.781609 18.790461 18.697405 18.567467 18.353615 18.134964 17.886480 17.707222 17.589453 17.618464 17.731899 17.947409 18.166006 18.405373 18.579508 18.727720 18.779305 18.788795 18.696159 18.566578 18.352957 18.134502 17.886145 17.706993 17.589289 17.618355 17.731823 17.947359 18.165976 18.405355 18.579500 18.727718 18.779310 18.788805 18.696171 18.566591 18.352974 18.134520 17.886162 17.707012 17.589312 17.618380 17.731855 17.947395 18.166016 18.405397 18.579550 18.727770 18.779364 18.788857 18.696226 18.566643 18.353027 18.134565 17.886209 17.707052 17.589354 17.618418 17.731895 17.947432 18.166058 18.405436 18.579590 18.727804 18.779400 18.788885 18.696253 18.566662 18.353043 18.134575 17.886211 17.707048 17.589342 17.618399 17.731869 17.947399 18.166014 18.405390 18.579535 18.727747 18.779333 18.788820 18.696182 18.566591 18.352970 18.134502 17.886139 17.706970 17.589262 17.618305 17.731771 17.947275 18.165886 18.405222 18.579367 18.727528 18.779121 18.788540 18.695917 18.566244 18.352644 18.134075 17.885748 17.706457 17.588795 17.617691 17.731220 17.946558 18.165260 18.404427 18.578693 18.726698 18.778446 18.787741 18.695299 18.565548 18.352154 18.133570 17.885466 17.706242 17.588831 17.617903 17.731737 17.947395 18.166515 18.406218 18.581127 18.730011 18.782829 18.793570 18.702980 18.575649 18.365503 18.151060 17.908720 17.736715 17.629473 17.670919 17.801699 18.037027 18.282314 18.551607 18.765394 18.957857 19.067465 19.141857 19.133671 19.099476 19.009785 18.934227 18.872663 18.914452 19.084970 19.453705 19.990788 20.681660 21.463692 22.313919 23.193680 24.094172 25.000000 
25.000000 24.623255 24.238373 23.844988 23.427347 22.992647 22.518242 22.018698 21.466373 20.884230 20.244764 19.585457 18.893385 18.240503 17.657625 17.269646 17.110662 17.189863 17.382622 17.652481 17.890129 18.107468 18.226978 18.291676 18.237345 18.121260 17.887602 17.605940 17.239622 16.886152 16.554585 16.386406 16.397713 16.616846 16.914448 17.272356 17.577057 17.852974 18.017628 18.122654 18.099342 18.011183 17.798832 17.536358 17.184549 16.844053 16.522125 16.362282 16.379433 16.603367 16.904207 17.264793 17.571293 17.848726 18.014399 18.120296 18.097563 18.009899 17.797873 17.535679 17.184050 16.843708 16.521879 16.362116 16.379318 16.603294 16.904160 17.264765 17.571278 17.848722 18.014402 18.120306 18.097578 18.009918 17.797895 17.535702 17.184076 16.843735 16.521910 16.362148 16.379356 16.603336 16.904215 17.264824 17.571346 17.848793 18.014482 18.120382 18.097662 18.009996 17.797979 17.535776 17.184151 16.843800 16.521973 16.362204 16.379414 16.603392 16.904274 17.264881 17.571407 17.848850 18.014540 18.120430 18.097708 18.010033 17.798008 17.535799 17.184166 16.843803 16.521967 16.362188 16.379387 16.603354 16.904222 17.264820 17.571335 17.848772 18.014450 18.120342 18.097609 18.009937 17.797907 17.535700 17.184067 16.843708 16.521873 16.362089 16.379284 16.603233 16.904093 17.264660 17.571169 17.848564 18.014244 18.120079 18.097357 18.009615 17.797606 17.535313 17.183710 16.843248 16.521456 16.361544 16.378790 16.602581 16.903513 17.263906 17.570518 17.847746 18.013565 18.119253 18.096703 18.008856 17.797043 17.534702 17.183319 16.842882 16.521330 16.361542 16.379068 16.603113 16.904411 17.265242 17.572388 17.850328 18.017004 18.123854 18.102747 18.016798 17.807470 17.548302 17.201269 16.866343 16.552666 16.402874 16.434679 16.675869 17.000168 17.387121 17.728493 18.044598 18.260870 18.422735 18.472551 18.465397 18.357140 18.211914 18.012297 17.850212 17.766417 17.899448 18.305954 18.988640 19.847025 20.822296 21.844385 22.893349 23.945314 25.000000 
25.000000 24.591892 24.178743 23.747149 23.300053 22.815760 22.304388 21.736561 21.128693 20.445734 19.711533 18.893385 18.036047 17.143715 16.343740 15.770926 15.660588 15.874007 16.278513 16.693609 17.090063 17.373110 17.579975 17.642160 17.616676 17.439247 17.173048 16.760748 16.280132 15.713046 15.207989 14.873417 14.951606 15.299541 15.811314 16.306330 16.772015 17.108770 17.364113 17.464104 17.473072 17.322269 17.080317 16.686584 16.222820 15.668570 15.174947 14.848722 14.933616 15.285965 15.801263 16.298622 16.766275 17.104361 17.360851 17.461617 17.471258 17.320902 17.079334 16.685856 16.222311 15.668200 15.174699 14.848552 14.933508 15.285894 15.801222 16.298599 16.766268 17.104364 17.360863 17.461636 17.471281 17.320930 17.079367 16.685894 16.222347 15.668242 15.174739 14.848598 14.933558 15.285960 15.801296 16.298689 16.766363 17.104475 17.360973 17.461758 17.471399 17.321058 17.079483 16.686012 16.222452 15.668343 15.174824 14.848679 14.933634 15.286043 15.801378 16.298780 16.766449 17.104565 17.361053 17.461834 17.471462 17.321114 17.079527 16.686045 16.222473 15.668349 15.174817 14.848657 14.933597 15.285986 15.801307 16.298687 16.766346 17.104445 17.360929 17.461697 17.471327 17.320969 17.079388 16.685904 16.222340 15.668221 15.174698 14.848541 14.933471 15.285851 15.801145 16.298515 16.766140 17.104233 17.360674 17.461447 17.471020 17.320679 17.079027 16.685572 16.221926 15.667850 15.174226 14.848117 14.932910 15.285339 15.800466 16.297915 16.765366 17.103577 17.359858 17.460785 17.470230 17.320074 17.078344 16.685097 16.221439 15.667589 15.174042 14.848188 14.933177 15.285930 15.801409 16.299309 16.767340 17.106243 17.363461 17.465525 17.476471 17.328217 17.088903 16.698864 16.239201 15.690957 15.204610 14.889601 14.988968 15.361831 15.900598 16.428854 16.930609 17.313101 17.618269 17.781900 17.860205 17.797504 17.651764 17.380039 17.052828 16.677160 16.401552 16.385242 16.882023 17.770418 18.895506 20.106977 21.347979 22.576260 23.793737 25.000000 
25.000000 24.565569 24.120996 23.664808 23.177732 22.665949 22.100866 21.494463 20.808672 20.058481 19.196781 18.240503 17.143715 15.954568 14.729980 13.809730 13.805940 14.367064 15.067592 15.753380 16.292419 16.714935 16.956459 17.080311 17.022243 16.846004 16.480282 15.983871 15.289619 14.477912 13.582629 12.947667 13.128729 13.818396 14.608033 15.369636 15.968257 16.445982 16.731615 16.896574 16.870853 16.724508 16.381966 15.906845 15.229062 14.432456 13.548893 12.924044 13.111392 13.805614 14.598145 15.362153 15.962414 16.441587 16.728214 16.894056 16.868933 16.723112 16.380917 15.906100 15.228518 14.432085 13.548636 12.923883 13.111289 13.805554 14.598112 15.362141 15.962417 16.441603 16.728239 16.894089 16.868973 16.723156 16.380968 15.906155 15.228577 14.432141 13.548695 12.923939 13.111362 13.805643 14.598228 15.362267 15.962567 16.441757 16.728413 16.894258 16.869160 16.723333 16.381153 15.906322 15.228742 14.432280 13.548820 12.924039 13.111469 13.805754 14.598355 15.362394 15.962701 16.441881 16.728537 16.894365 16.869257 16.723412 16.381218 15.906367 15.228771 14.432291 13.548813 12.924014 13.111417 13.805676 14.598246 15.362266 15.962544 16.441715 16.728346 16.894176 16.869049 16.723211 16.381010 15.906172 15.228580 14.432120 13.548659 12.923878 13.111272 13.805507 14.598057 15.362045 15.962315 16.441448 16.728083 16.893867 16.868753 16.722858 16.380684 15.905783 15.228230 14.431703 13.548296 12.923426 13.110853 13.804935 14.597528 15.361345 15.961702 16.440670 16.727434 16.893076 16.868132 16.722134 16.380154 15.905208 15.227868 14.431372 13.548194 12.923458 13.111172 13.805539 14.598522 15.362810 15.963740 16.443466 16.731142 16.897991 16.874537 16.730433 16.390871 15.918851 15.245381 14.453535 13.577109 12.961857 13.166322 13.881824 14.702314 15.497046 16.136784 16.658899 17.000765 17.226376 17.277210 17.212641 16.971592 16.603645 16.057436 15.404049 14.712924 14.357944 15.019762 16.315502 17.824116 19.362129 20.843561 22.269970 23.646322 25.000000 
25.000000 24.540531 24.074862 23.587271 23.080116 22.527588 21.938667 21.276577 20.553051 19.717669 18.776608 17.657625 16.343740 14.729980 12.811878 10.861525 11.386374 12.633576 13.871410 14.852304 15.611296 16.114952 16.450617 16.569191 16.545980 16.309721 15.918204 15.278319 14.416562 13.213113 11.696949 10.106551 10.797248 12.127848 13.432787 14.469606 15.285395 15.837123 16.219788 16.376455 16.389261 16.181358 15.816189 15.196827 14.354125 13.165878 11.664124 10.085439 10.782293 12.116069 13.423552 14.462159 15.279637 15.832574 16.216358 16.373800 16.387304 16.179871 15.815119 15.196033 14.353573 13.165488 11.663877 10.085293 10.782209 12.116021 13.423532 14.462160 15.279655 15.832605 16.216400 16.373854 16.387365 16.179943 15.815196 15.196120 14.353659 13.165578 11.663954 10.085361 10.782302 12.116158 13.423693 14.462359 15.279864 15.832847 16.216640 16.374121 16.387623 16.180218 15.815452 15.196382 14.353889 13.165793 11.664117 10.085485 10.782433 12.116323 13.423869 14.462555 15.280052 15.833037 16.216812 16.374283 16.387758 16.180338 15.815542 15.196448 14.353929 13.165809 11.664111 10.085457 10.782367 12.116207 13.423718 14.462358 15.279836 15.832784 16.216551 16.373993 16.387474 16.180033 15.815254 15.196157 14.353665 13.165564 11.663917 10.085308 10.782197 12.115997 13.423472 14.462090 15.279537 15.832479 16.216213 16.373665 16.387104 16.179686 15.814859 15.195800 14.353262 13.165220 11.663539 10.085008 10.781774 12.115572 13.422876 14.461544 15.278822 15.831867 16.215450 16.373045 16.386366 16.179127 15.814228 15.195366 14.352822 13.164989 11.663382 10.085073 10.782071 12.116216 13.423911 14.463062 15.280959 15.834751 16.219316 16.378117 16.392975 16.187660 15.825071 15.209120 14.369776 13.185869 11.688329 10.116654 10.832568 12.193089 13.529742 14.604406 15.460549 16.062702 16.499496 16.724365 16.809605 16.691257 16.418308 15.907780 15.169212 14.092601 12.688147 11.261900 12.523577 14.609688 16.723328 18.646864 20.394169 21.999544 23.521578 25.000000 
25.000000 24.521694 24.032047 23.529297 22.991724 22.425615 21.798040 21.120129 20.345455 19.482533 18.462835 17.269646 15.770926 13.809730 10.861525 5.438114 8.175387 10.909456 12.833462 14.173126 15.064432 15.682958 16.027323 16.199852 16.142948 15.928696 15.467713 14.794641 13.761214 12.261027 9.787143 4.984342 7.735068 10.462960 12.407008 13.790608 14.728032 15.397327 15.785117 16.000196 15.977501 15.795472 15.359734 14.710149 13.695268 12.212810 9.754784 4.971293 7.723876 10.452816 12.398053 13.783296 14.722057 15.392713 15.781485 15.997480 15.975413 15.793949 15.358589 14.709338 13.694680 12.212419 9.754538 4.971200 7.723823 10.452790 12.398051 13.783314 14.722095 15.392765 15.781555 15.997561 15.975511 15.794055 15.358712 14.709464 13.694819 12.212550 9.754656 4.971243 7.723948 10.452978 12.398304 13.783592 14.722423 15.393099 15.781928 15.997928 15.975907 15.794434 15.359108 14.709829 13.695182 12.212856 9.754906 4.971328 7.724121 10.453206 12.398580 13.783868 14.722712 15.393363 15.782187 15.998152 15.976113 15.794598 15.359242 14.709921 13.695238 12.212874 9.754896 4.971321 7.724029 10.453048 12.398348 13.783597 14.722381 15.393015 15.781790 15.997754 15.975679 15.794180 15.358806 14.709516 13.694838 12.212533 9.754620 4.971220 7.723832 10.452772 12.398019 13.783237 14.722004 15.392617 15.781394 15.997334 15.975277 15.793745 15.358404 14.709082 13.694458 12.212139 9.754331 4.971049 7.723567 10.452319 12.397556 13.782605 14.721440 15.391900 15.780797 15.996606 15.974707 15.793084 15.357926 14.708569 13.694141 12.211854 9.754232 4.971015 7.723867 10.452973 12.398635 13.784196 14.723651 15.394917 15.784806 16.001892 15.981592 15.801922 15.369222 14.722593 13.711382 12.231709 9.774965 4.983795 7.766739 10.528176 12.508829 13.930252 14.913555 15.631840 16.081205 16.361967 16.421227 16.324467 15.990919 15.439946 14.528179 13.108992 10.624018 5.477929 9.164704 12.876346 15.781164 18.107832 20.065655 21.812460 23.433075 25.000000 
25.000000 24.504343 24.002333 23.477135 22.931866 22.338587 21.707752 20.999189 20.226107 19.332279 18.322556 17.110662 15.660588 13.805940 11.386374 8.175387 4.967605 9.914641 12.379855 13.826989 14.790347 15.389836 15.775867 15.914582 15.897265 15.647784 15.229314 14.533212 13.572627 12.167963 10.206254 7.460966 4.695723 9.482162 11.941676 13.423182 14.438798 15.087095 15.523155 15.703055 15.725075 15.506654 15.117125 14.443576 13.503988 12.116202 10.170908 7.440499 4.689104 9.472328 11.932549 13.415352 14.432585 15.082126 15.519388 15.700132 15.722919 15.505018 15.115950 14.442708 13.503389 12.115787 10.170656 7.440373 4.689090 9.472323 11.932568 13.415395 14.432649 15.082214 15.519492 15.700260 15.723060 15.505183 15.116125 14.442908 13.503594 12.116011 10.170868 7.440577 4.689259 9.472629 11.932927 13.415830 14.433101 15.082726 15.520003 15.700820 15.723602 15.505761 15.116671 14.443472 13.504107 12.116511 10.171286 7.440923 4.689486 9.473000 11.933325 13.416258 14.433502 15.083129 15.520359 15.701158 15.723884 15.506007 15.116854 14.443605 13.504178 12.116526 10.171247 7.440837 4.689366 9.472750 11.933003 13.415844 14.433051 15.082600 15.519819 15.700556 15.723293 15.505376 15.116256 14.442989 13.503616 12.115981 10.170794 7.440464 4.689117 9.472342 11.932543 13.415347 14.432545 15.082087 15.519299 15.700047 15.722773 15.504883 15.115746 14.442527 13.503142 12.115580 10.170408 7.440196 4.688905 9.471980 11.932003 13.414835 14.431882 15.081517 15.518598 15.699480 15.722103 15.504378 15.115184 14.442150 13.502769 12.115402 10.170305 7.440285 4.689167 9.472669 11.933130 13.416487 14.434197 15.084655 15.522797 15.705026 15.729326 15.513762 15.127097 14.457286 13.521302 12.137899 10.195947 7.468727 4.722380 9.550089 12.047111 13.571145 14.631551 15.335612 15.831494 16.086800 16.188848 16.069281 15.780946 15.225511 14.394562 13.112003 11.221003 8.489952 5.780966 11.918092 15.417150 17.910442 19.948158 21.736519 23.398260 25.000000 
25.000000 24.493341 23.975292 23.445040 22.880121 22.289112 21.638161 20.942772 20.156797 19.297918 18.304991 17.189863 15.874007 14.367064 12.633576 10.909456 9.914641 11.401649 12.838893 13.964628 14.746697 15.310171 15.623026 15.785345 15.729052 15.535862 15.116932 14.536264 13.690610 12.631944 11.303356 9.957545 9.248423 10.828292 12.328188 13.521648 14.364223 14.989099 15.352812 15.563796 15.546143 15.388945 14.997962 14.443042 13.617332 12.577103 11.263162 9.930690 9.231030 10.814845 12.317163 13.512976 14.357288 14.983817 15.348696 15.560740 15.543810 15.387254 14.996699 14.442154 13.616693 12.576681 11.262891 9.930548 9.230980 10.814846 12.317204 13.513048 14.357396 14.983949 15.348860 15.560924 15.544027 15.387487 14.996969 14.442437 13.617016 12.577013 11.263261 9.930922 9.231405 10.815322 12.317777 13.513653 14.358087 14.984648 15.349634 15.561686 15.544848 15.388274 14.997798 14.443213 13.617808 12.577732 11.263970 9.931542 9.232014 10.815919 12.318413 13.514252 14.358696 14.985197 15.350168 15.562144 15.545268 15.388608 14.998069 14.443392 13.617907 12.577741 11.263885 9.931376 9.231740 10.815552 12.317915 13.513688 14.358014 14.984483 15.349355 15.561331 15.544381 15.387753 14.997169 14.442550 13.617048 12.576963 11.263126 9.930711 9.231093 10.814901 12.317222 13.513002 14.357313 14.983796 15.348673 15.560659 15.543733 15.387110 14.996567 14.441951 13.616511 12.576432 11.262675 9.930266 9.230712 10.814403 12.316735 13.512383 14.356765 14.983121 15.348112 15.559993 15.543211 15.386517 14.996144 14.441507 13.616257 12.576224 11.262675 9.930408 9.231123 10.815153 12.317926 13.514112 14.359174 14.986405 15.352519 15.565824 15.550908 15.396484 15.009129 14.457983 13.637383 12.602530 11.296108 9.972738 9.289574 10.902658 12.441286 13.675638 14.568505 15.247541 15.679887 15.964869 16.040642 15.982843 15.714521 15.286578 14.611968 13.723454 12.591949 11.479912 11.186361 13.597905 16.026390 18.168627 20.056883 21.787195 23.415258 25.000000 
25.000000 24.482952 23.960457 23.415840 22.854464 22.248510 21.613007 20.909384 20.160393 19.317558 18.409628 17.382622 16.278513 15.067592 13.871410 12.833462 12.379855 12.838893 13.609438 14.315635 14.921644 15.331141 15.620720 15.714252 15.697733 15.487179 15.166288 14.648581 14.021604 13.226980 12.417680 11.703609 11.512130 12.130187 13.021134 13.818199 14.507345 14.983453 15.335198 15.477873 15.506756 15.331408 15.042737 14.549700 13.945193 13.167745 12.373947 11.671494 11.489485 12.113086 13.008278 13.808166 14.499777 14.977584 15.330838 15.474540 15.504327 15.329583 15.041440 14.548753 13.944548 13.167302 12.373678 11.671347 11.489436 12.113108 13.008351 13.808289 14.499936 14.977788 15.331071 15.474818 15.504630 15.329935 15.041814 14.549182 13.944998 13.167818 12.374215 11.671962 11.490083 12.113864 13.009151 13.809206 14.500876 14.978840 15.332120 15.475961 15.505740 15.331117 15.042936 14.550349 13.946083 13.168922 12.375224 11.672976 11.491011 12.114820 13.010041 13.810114 14.501705 14.979659 15.332841 15.476642 15.506307 15.331610 15.043303 14.550611 13.946213 13.168921 12.375094 11.672695 11.490610 12.114245 13.009363 13.809264 14.500789 14.978589 15.331749 15.475429 15.505116 15.330335 15.042089 14.549351 13.945045 13.167739 12.374018 11.671623 11.489622 12.113235 13.008395 13.808277 14.499842 14.977640 15.330838 15.474534 15.504255 15.329512 15.041296 14.548616 13.944334 13.167103 12.373395 11.671078 11.489050 12.112704 13.007774 13.807717 14.499176 14.977072 15.330170 15.473994 15.503638 15.329050 15.040796 14.548291 13.944029 13.166996 12.373389 11.671312 11.489513 12.113527 13.009021 13.809522 14.501688 14.980507 15.334785 15.480178 15.511774 15.339833 15.054768 14.566659 13.967582 13.197872 12.413137 11.724434 11.560479 12.212166 13.139705 13.981602 14.719265 15.256888 15.675625 15.903982 16.025991 15.968755 15.807706 15.474502 15.043272 14.484755 13.943430 13.591457 13.886662 15.218693 16.921881 18.648333 20.323549 21.922655 23.475578 25.000000 
25.000000 24.478006 23.945459 23.403400 22.829947 22.237459 21.593588 20.921362 20.179741 19.402294 18.543726 17.652481 16.693609 15.753380 14.852304 14.173126 13.826989 13.964628 14.315635 14.766828 15.143114 15.472032 15.650440 15.753207 15.690012 15.548832 15.243186 14.870165 14.359557 13.836694 13.290106 12.927079 12.826947 13.159190 13.651800 14.222668 14.690933 15.102169 15.344738 15.505741 15.487548 15.387191 15.112692 14.767828 14.278488 13.774736 13.242416 12.891853 12.800497 13.139735 13.636953 14.211630 14.682462 15.095902 15.339959 15.502253 15.484922 15.385312 15.111307 14.766868 14.277811 13.774301 13.242147 12.891725 12.800473 13.139794 13.637085 14.211816 14.682711 15.096192 15.340311 15.502640 15.485374 15.385796 15.111863 14.767456 14.278485 13.775009 13.242963 12.892582 12.801464 13.140837 13.638285 14.213059 14.684114 15.097610 15.341872 15.504177 15.487027 15.387383 15.113531 14.769025 14.280101 13.776505 13.244482 12.893978 12.802882 13.142146 13.639617 14.214282 14.685337 15.098708 15.342934 15.505090 15.487859 15.388045 15.114067 14.769378 14.280286 13.776504 13.244278 12.893596 12.802269 13.141374 13.638603 14.213148 14.683974 15.097281 15.341313 15.503470 15.486095 15.386343 15.112273 14.767693 14.278556 13.774907 13.242667 12.892116 12.800777 13.139982 13.637191 14.211815 14.682631 15.096008 15.340050 15.502275 15.484933 15.385246 15.111236 14.766715 14.277658 13.774055 13.241903 12.891370 12.800111 13.139280 13.636561 14.211114 14.682020 15.095316 15.339475 15.501627 15.484426 15.384694 15.110845 14.766323 14.277449 13.773911 13.241978 12.891607 12.800644 13.140134 13.637869 14.212982 14.684635 15.098886 15.344328 15.508100 15.493120 15.396117 15.126083 14.786157 14.303812 13.808137 13.287614 12.951318 12.881031 13.245785 13.777907 14.391771 14.914361 15.385102 15.704243 15.949427 16.039574 16.058466 15.936440 15.760442 15.487041 15.228859 15.018256 15.055826 15.489357 16.468323 17.749460 19.179274 20.638050 22.104296 23.554693 25.000000 
