25.000000 25.000000 25.000000 25.000000 25.000000 25.000000 25.000000 25.000000 25.000000 25.000000 25.000000 25.000000 25.000000 25.000000 25.000000 25.000000 25.000000 25.000000 25.000000 25.000000 25.000000 25.000000 25.000000 25.000000 25.000000 25.000000 25.000000 25.000000 25.000000 25.000000 25.000000 25.000000 25.000000 25.000000 25.000000 25.000000 25.000000 25.000000 25.000000 25.000000 25.000000 25.000000 25.000000 25.000000 25.000000 25.000000 25.000000 25.000000 25.000000 25.000000 25.000000 25.000000 25.000000 25.000000 25.000000 25.000000 25.000000 25.000000 25.000000 25.000000 25.000000 25.000000 25.000000 25.000000 25.000000 25.000000 25.000000 25.000000 25.000000 25.000000 25.000000 25.000000 25.000000 25.000000 25.000000 25.000000 25.000000 25.000000 25.000000 25.000000 25.000000 25.000000 25.000000 25.000000 25.000000 25.000000 25.000000 25.000000 25.000000 25.000000 25.000000 25.000000 25.000000 25.000000 25.000000 25.000000 25.000000 25.000000 25.000000 25.000000 25.000000 25.000000 25.000000 25.000000 25.000000 25.000000 25.000000 25.000000 25.000000 25.000000 25.000000 25.000000 25.000000 25.000000 25.000000 25.000000 25.000000 25.000000 25.000000 25.000000 25.000000 25.000000 25.000000 25.000000 25.000000 25.000000 25.000000 25.000000 25.000000 25.000000 25.000000 25.000000 25.000000 25.000000 25.000000 25.000000 25.000000 25.000000 25.000000 25.000000 25.000000 25.000000 25.000000 25.000000 25.000000 25.000000 25.000000 25.000000 25.000000 25.000000 25.000000 25.000000 25.000000 25.000000 25.000000 25.000000 25.000000 25.000000 25.000000 25.000000 25.000000 25.000000 25.000000 25.000000 25.000000 25.000000 25.000000 25.000000 25.000000 25.000000 25.000000 25.000000 25.000000 25.000000 25.000000 25.000000 25.000000 25.000000 25.000000 25.000000 25.000000 25.000000 25.000000 25.000000 25.000000 25.000000 25.000000 25.000000 25.000000 25.000000 25.000000 25.000000 25.000000 25.000000 25.000000 25.000000 25.000000 25.000000 25.000000 25.000000 
25.000000 25.013584 25.027273 25.040764 25.054573 25.067978 25.081919 25.095247 25.109329 25.122591 25.136827 25.150030 25.164429 25.177582 25.192152 25.205263 25.220011 25.233082 25.248014 25.261049 25.276169 25.289171 25.304480 25.317450 25.332945 25.345881 25.361563 25.374460 25.390324 25.403177 25.419214 25.432014 25.448217 25.460955 25.477312 25.489971 25.506468 25.519037 25.535656 25.548117 25.564837 25.577169 25.593969 25.606153 25.623011 25.635021 25.651909 25.663721 25.680611 25.692196 25.709057 25.720388 25.737188 25.748234 25.764938 25.775667 25.792238 25.802620 25.819021 25.829021 25.845215 25.854799 25.870747 25.879881 25.895540 25.904192 25.919523 25.927656 25.942621 25.950203 25.964760 25.971754 25.985865 25.992245 26.005865 26.011599 26.024694 26.029753 26.042286 26.046640 26.058575 26.062202 26.073505 26.076380 26.087017 26.089121 26.099062 26.100376 26.109596 26.110104 26.118576 26.118265 26.125971 26.124832 26.131748 26.129774 26.135887 26.133074 26.138369 26.134720 26.139187 26.134703 26.138334 26.133024 26.135817 26.129688 26.131643 26.124708 26.125828 26.118105 26.118395 26.109903 26.109373 26.100132 26.098795 26.088831 26.086702 26.076042 26.073139 26.061811 26.058155 26.046192 26.041803 26.029240 26.024145 26.011017 26.005243 25.991585 25.985161 25.971012 25.963968 25.949368 25.941736 25.926723 25.918533 25.903149 25.894436 25.878719 25.869516 25.853508 25.843849 25.827589 25.817507 25.801035 25.790564 25.773914 25.763088 25.746300 25.735149 25.718258 25.706814 25.689854 25.678146 25.661150 25.649206 25.632202 25.620050 25.603069 25.590734 25.573803 25.561306 25.544447 25.531811 25.515043 25.502289 25.485634 25.472775 25.456251 25.443304 25.426922 25.413898 25.397673 25.384583 25.368521 25.355373 25.339485 25.326284 25.310572 25.297323 25.281790 25.268494 25.253139 25.239798 25.224623 25.211231 25.196232 25.182789 25.167957 25.154459 25.139790 25.126230 25.111715 25.098085 25.083717 25.070009 25.055780 25.041985 25.027882 25.013990 25.000000 
25.000000 25.027273 25.054348 25.081848 25.108742 25.136492 25.163225 25.191250 25.217838 25.246159 25.272623 25.301260 25.327616 25.356588 25.382851 25.412172 25.438353 25.468037 25.494143 25.524199 25.550238 25.580669 25.606644 25.637453 25.663361 25.694544 25.720379 25.751932 25.777685 25.809593 25.835249 25.867498 25.893040 25.925608 25.951010 25.983871 26.009104 26.042229 26.067263 26.100613 26.125412 26.158943 26.183466 26.217136 26.241337 26.275095 26.298923 26.332714 26.356119 26.389883 26.412807 26.446482 26.468868 26.502384 26.524168 26.557457 26.578577 26.611565 26.631956 26.664566 26.684158 26.716314 26.735041 26.766663 26.784456 26.815464 26.832254 26.862568 26.878288 26.907825 26.922409 26.951090 26.964474 26.992218 27.004339 27.031069 27.041868 27.067511 27.076929 27.101410 27.109396 27.132645 27.139153 27.161102 27.166086 27.186674 27.190096 27.209267 27.211090 27.228792 27.228991 27.245176 27.243727 27.258356 27.255241 27.268278 27.263491 27.274902 27.268438 27.278204 27.270067 27.278170 27.268372 27.274797 27.263353 27.268103 27.255033 27.258108 27.243444 27.244854 27.228630 27.228390 27.210646 27.208778 27.189564 27.186094 27.165459 27.160423 27.138424 27.131859 27.108557 27.100506 27.075968 27.066481 27.040773 27.029900 27.003099 26.990894 26.963074 26.949600 26.920835 26.906151 26.876524 26.860693 26.830282 26.813370 26.782255 26.764330 26.732592 26.713720 26.681437 26.661688 26.628941 26.608377 26.575241 26.553934 26.520485 26.498497 26.464806 26.442202 26.408339 26.385178 26.351208 26.327549 26.293537 26.269434 26.235439 26.210945 26.177021 26.152182 26.118380 26.093243 26.059607 26.034208 26.000780 25.975159 25.941973 25.916161 25.883247 25.857271 25.824657 25.798538 25.766247 25.740005 25.708048 25.681698 25.650091 25.623640 25.592390 25.565844 25.534952 25.508314 25.477779 25.451046 25.420866 25.394033 25.364199 25.337259 25.307755 25.280695 25.251511 25.224319 25.195436 25.168098 25.139500 25.111996 25.083660 25.055977 25.027882 25.000000 
25.000000 25.040764 25.081848 25.122326 25.163769 25.203989 25.245825 25.285818 25.328081 25.367874 25.410597 25.450214 25.493427 25.532894 25.576622 25.615955 25.660217 25.699436 25.744247 25.783361 25.828735 25.867750 25.913691 25.952608 25.999113 26.037928 26.084991 26.123690 26.171299 26.209862 26.257996 26.296402 26.345028 26.383245 26.432333 26.470320 26.519825 26.557537 26.607410 26.644796 26.694977 26.731979 26.782402 26.818956 26.869549 26.905584 26.956268 26.991707 27.042395 27.077156 27.127758 27.161757 27.212172 27.245316 27.295443 27.327637 27.377369 27.408518 27.457739 27.487743 27.536341 27.565098 27.612955 27.640360 27.687357 27.713312 27.759325 27.783726 27.828634 27.851379 27.895065 27.916056 27.958397 27.977541 28.018417 28.035622 28.074921 28.090097 28.127708 28.140774 28.176590 28.187469 28.221388 28.230013 28.261934 28.268246 28.298082 28.302021 28.329691 28.331211 28.356640 28.355705 28.378826 28.375406 28.396164 28.390238 28.408583 28.400143 28.416031 28.405079 28.418484 28.405027 28.415928 28.399988 28.408373 28.389978 28.395849 28.375038 28.378401 28.355223 28.356098 28.330608 28.329023 28.301289 28.297281 28.267378 28.260992 28.228998 28.220289 28.186295 28.175323 28.139423 28.126259 28.088556 28.073273 28.033871 28.016550 27.975563 27.956289 27.913830 27.892694 27.848879 27.825977 27.780924 27.756351 27.710184 27.684040 27.636877 27.609264 27.561222 27.532242 27.483444 27.453196 27.403757 27.372339 27.322376 27.289890 27.239510 27.206051 27.155361 27.121021 27.070126 27.034994 26.983990 26.948153 26.897127 26.860664 26.809706 26.772692 26.721880 26.684383 26.633787 26.595873 26.545557 26.507280 26.457304 26.418718 26.369129 26.330276 26.281118 26.242039 26.193346 26.154068 26.105869 26.066418 26.018732 25.979124 25.931971 25.892218 25.845602 25.805708 25.759630 25.719597 25.674053 25.633877 25.588854 25.548523 25.504009 25.463509 25.419483 25.378796 25.335238 25.294340 25.251221 25.210091 25.167383 25.125992 25.083662 25.041986 25.000000 
25.000000 25.054573 25.108742 25.163769 25.217573 25.273102 25.326582 25.382660 25.435856 25.492525 25.545471 25.602774 25.655502 25.713476 25.766016 25.824690 25.877066 25.936464 25.988693 26.048834 26.100929 26.161821 26.213787 26.275434 26.327267 26.389666 26.441351 26.504488 26.556009 26.619860 26.671188 26.735718 26.786816 26.851982 26.902802 26.968555 27.019039 27.085318 27.135405 27.202133 27.251747 27.318844 27.367903 27.435276 27.483692 27.551241 27.598913 27.666527 27.713350 27.780910 27.826773 27.894152 27.938938 28.006001 28.049583 28.116192 28.158445 28.224449 28.265244 28.330492 28.369690 28.434031 28.471497 28.534767 28.570366 28.632408 28.666002 28.726652 28.758106 28.817202 28.846384 28.903767 28.930546 28.986055 29.010307 29.063791 29.085396 29.136700 29.155546 29.204525 29.220505 29.267019 29.280039 29.323957 29.333927 29.375122 29.381966 29.420324 29.423973 29.459393 29.459787 29.492172 29.489273 29.518539 29.512312 29.538391 29.528814 29.551645 29.538713 29.558252 29.541973 29.558184 29.538578 29.551437 29.528538 29.538042 29.511892 29.518047 29.488707 29.491528 29.459064 29.458586 29.423084 29.419350 29.380901 29.373962 29.332674 29.322599 29.278582 29.265448 29.218824 29.202717 29.153620 29.134638 29.083204 29.061449 29.007826 28.983408 28.927746 28.900785 28.843235 28.813854 28.754574 28.722902 28.662052 28.628220 28.565962 28.530100 28.466595 28.428841 28.364246 28.324734 28.259209 28.218073 28.151770 28.109142 28.042212 27.998222 27.930811 27.885586 27.817829 27.771490 27.703524 27.656187 27.588137 27.539913 27.471893 27.422886 27.355009 27.305315 27.237680 27.187386 27.120083 27.069271 27.002382 26.951122 26.884720 26.833078 26.767223 26.715252 26.649994 26.597740 26.533125 26.480623 26.416681 26.363962 26.300718 26.247799 26.185266 26.132158 26.070345 26.017052 25.955954 25.902472 25.842079 25.788401 25.728695 25.674799 25.615759 25.561626 25.503225 25.448828 25.391031 25.336340 25.279110 25.224089 25.167387 25.112003 25.055782 25.000000 
25.000000 25.067978 25.136492 25.203989 25.273102 25.340168 25.409939 25.476622 25.547108 25.613457 25.684711 25.750769 25.822838 25.888643 25.961571 26.027157 26.100973 26.166367 26.241100 26.306320 26.381990 26.447044 26.523661 26.588551 26.666109 26.730827 26.809317 26.873842 26.953239 27.017544 27.097813 27.161852 27.242949 27.306671 27.388533 27.451874 27.534431 27.597317 27.680485 27.742826 27.826508 27.888208 27.972296 28.033249 28.117619 28.177706 28.262226 28.321321 28.405849 28.463814 28.548197 28.604887 28.688961 28.744226 28.827818 28.881502 28.964434 29.016375 29.098455 29.148487 29.229528 29.277479 29.357285 29.402985 29.481354 29.524633 29.601362 29.642052 29.716940 29.754869 29.827715 29.862720 29.933323 29.965248 30.033413 30.062099 30.127634 30.152941 30.215656 30.237448 30.297169 30.315313 30.371868 30.386255 30.439486 30.450008 30.499762 30.506330 30.552471 30.555008 30.597410 30.595852 30.634407 30.628704 30.663315 30.653439 30.684023 30.669952 30.696445 30.678185 30.700535 30.678099 30.696274 30.669695 30.683676 30.653006 30.662790 30.628090 30.633696 30.595047 30.596504 30.554003 30.551357 30.505112 30.498428 30.448563 30.437914 30.384563 30.370039 30.313354 30.295057 30.235195 30.213242 30.150370 30.124884 30.059183 30.030296 29.961950 29.929810 29.859007 29.823763 29.750698 29.712507 29.637381 29.596405 29.519417 29.475824 29.397175 29.351130 29.271019 29.222692 29.141317 29.090878 29.008436 28.956047 28.872728 28.818558 28.734545 28.678751 28.594223 28.536963 28.452089 28.393507 28.308451 28.248692 28.163603 28.102800 28.017824 27.956102 27.871367 27.808842 27.724466 27.661245 27.577337 27.513514 27.430168 27.365829 27.283131 27.218348 27.136368 27.071203 26.990000 26.924505 26.844126 26.778341 26.698820 26.632776 26.554138 26.487852 26.410109 26.343590 26.266745 26.199995 26.124037 26.057047 25.981962 25.914713 25.840475 25.772943 25.699522 25.631678 25.559034 25.490839 25.418930 25.350346 25.279121 25.210104 25.139511 25.070017 25.000000 
25.000000 25.081919 25.163225 25.245825 25.326582 25.409939 25.490208 25.574389 25.654228 25.739300 25.818764 25.904787 25.983927 26.070955 26.149811 26.237890 26.316500 26.405664 26.484055 26.574333 26.652521 26.743931 26.821924 26.914467 26.992260 27.085930 27.163504 27.258280 27.335609 27.431454 27.508492 27.605358 27.682049 27.779873 27.856148 27.954849 28.030622 28.130110 28.205286 28.305449 28.379917 28.480633 28.554270 28.655399 28.728069 28.829460 28.901016 29.002504 29.072786 29.174192 29.243032 29.344170 29.411390 29.512053 29.577471 29.677446 29.740870 29.839941 29.901173 29.999111 30.057947 30.154518 30.210756 30.305723 30.359159 30.452278 30.502707 30.593737 30.640951 30.729652 30.773455 30.859583 30.899782 30.983099 31.019503 31.099777 31.132210 31.209211 31.237503 31.311012 31.335007 31.404818 31.424364 31.490278 31.505247 31.567078 31.577353 31.634924 31.640404 31.693563 31.694162 31.742765 31.738419 31.782341 31.772999 31.812138 31.797770 31.832033 31.812630 31.841948 31.817522 31.841845 31.812424 31.831722 31.797356 31.811615 31.772371 31.781601 31.737568 31.741796 31.693079 31.692352 31.639072 31.633459 31.575756 31.565336 31.503366 31.488239 31.422174 31.402456 31.332481 31.308300 31.234612 31.206114 31.128920 31.096260 31.015779 30.979124 30.895578 30.855106 30.768730 30.724627 30.635653 30.588108 30.496780 30.445993 30.352549 30.298719 30.203400 30.146730 30.049776 29.990467 29.892115 29.830370 29.730848 29.666864 29.566402 29.500376 29.399191 29.331308 29.229607 29.160053 29.058035 28.986984 28.884838 28.812456 28.710358 28.636801 28.534914 28.460325 28.358801 28.283314 28.182289 28.106022 28.005619 27.928682 27.829006 27.751495 27.652641 27.574636 27.476681 27.398251 27.301256 27.222456 27.126474 27.047346 26.952410 26.872984 26.779116 26.699406 26.606615 26.526628 26.434910 26.354641 26.263981 26.183414 26.093788 26.012897 25.924271 25.843021 25.755352 25.673708 25.586946 25.504858 25.418949 25.336369 25.251251 25.168121 25.083731 25.000000 
25.000000 25.095247 25.191250 25.285818 25.382660 25.476622 25.574389 25.667816 25.766584 25.859541 25.959387 26.051935 26.152922 26.245117 26.347305 26.439194 26.542629 26.634247 26.738968 26.830341 26.936373 27.027517 27.134872 27.225786 27.334463 27.425135 27.535116 27.625519 27.736771 27.826862 27.939337 28.029058 28.142689 28.231968 28.346670 28.435415 28.551092 28.639198 28.755728 28.843077 28.960323 29.046774 29.164589 29.249992 29.368202 29.452394 29.570816 29.653614 29.772045 29.853262 29.971489 30.050920 30.168715 30.246151 30.363268 30.438488 30.554680 30.627457 30.742458 30.812559 30.926104 30.993292 31.105103 31.169138 31.278934 31.339579 31.447079 31.504093 31.609013 31.662159 31.764217 31.813271 31.912186 31.956921 32.052418 32.092617 32.184429 32.219894 32.307758 32.338299 32.421959 32.447395 32.526623 32.546791 32.621361 32.636116 32.705811 32.715027 32.779663 32.783226 32.842625 32.840454 32.894459 32.886482 32.934963 32.921135 32.963978 32.944275 32.981380 32.955807 32.987110 32.955688 32.981140 32.943916 32.963490 32.920528 32.934227 32.885624 32.893463 32.839329 32.841354 32.781818 32.778103 32.713322 32.703945 32.634087 32.619156 32.544418 32.524059 32.444649 32.419003 32.335140 32.304371 32.216293 32.180576 32.088531 32.048050 31.952301 31.907259 31.808067 31.758678 31.656317 31.602802 31.497549 31.440132 31.332272 31.271187 31.160997 31.096479 30.984241 30.916525 30.802517 30.731840 30.616335 30.542929 30.426193 30.350290 30.232584 30.154409 30.035978 29.955746 29.836832 29.754751 29.635578 29.551851 29.432632 29.347443 29.228378 29.141901 29.023172 28.935572 28.817348 28.728771 28.611204 28.521782 28.405003 28.314857 28.198984 28.108217 27.993349 27.902050 27.788269 27.696507 27.583879 27.491713 27.380287 27.287758 27.177567 27.084700 26.975763 26.882570 26.774889 26.681374 26.574936 26.481081 26.375868 26.281651 26.177626 26.083014 25.980131 25.885078 25.783285 25.687744 25.586979 25.490891 25.391087 25.294390 25.195475 25.098106 25.000000 
25.000000 25.109329 25.217838 25.328081 25.435856 25.547108 25.654228 25.766584 25.873131 25.986675 26.092720 26.207535 26.313147 26.429300 26.534533 26.652090 26.756994 26.876001 26.980614 27.101105 27.205448 27.327448 27.431532 27.555044 27.658859 27.783875 27.887400 28.013891 28.117088 28.245005 28.347815 28.477093 28.579441 28.709995 28.811789 28.943514 29.044640 29.177412 29.277740 29.411413 29.510798 29.645206 29.743481 29.878443 29.975428 30.110739 30.206236 30.341675 30.435474 30.570803 30.662680 30.797644 30.887362 31.021692 31.109003 31.242420 31.327070 31.459276 31.540998 31.671694 31.750223 31.879093 31.954155 32.080883 32.152203 32.276466 32.343773 32.465248 32.528267 32.646633 32.705097 32.820030 32.873688 32.984863 33.033459 33.140572 33.183868 33.286617 33.324387 33.422474 33.454510 33.547661 33.573761 33.661709 33.681705 33.764198 33.777931 33.854744 33.862076 33.932999 33.933815 33.998661 33.992878 34.051476 34.039024 34.091240 34.072083 34.117790 34.091915 34.131023 34.098442 34.130886 34.091640 34.117374 34.071529 34.090542 34.038189 34.050491 33.991741 33.997368 33.932369 33.931385 33.860298 33.852787 33.775799 33.761875 33.679192 33.658989 33.570839 33.544506 33.451141 33.418854 33.320530 33.282486 33.179482 33.135880 33.028488 32.979557 32.868076 32.814053 32.698792 32.639923 32.521194 32.457737 32.335865 32.268078 32.143383 32.071533 31.944338 31.868698 31.739319 31.660160 31.528912 31.446501 31.313694 31.228296 31.094233 31.006109 30.871077 30.780479 30.644758 30.551931 30.415787 30.320963 30.184645 30.088045 29.951790 29.853621 29.717649 29.618105 29.482615 29.381870 29.247046 29.145264 29.011267 28.908590 28.775564 28.672121 28.540190 28.436090 28.305357 28.200689 28.071239 27.966080 27.837976 27.732382 27.605675 27.499680 27.374397 27.268024 27.144178 27.037439 26.915022 26.807907 26.686903 26.579388 26.459763 26.351816 26.233526 26.125103 26.008089 25.899136 25.783335 25.673788 25.559126 25.448919 25.335316 25.224377 25.111746 25.000000 
25.000000 25.122591 25.246159 25.367874 25.492525 25.613457 25.739300 25.859541 25.986675 26.106312 26.234831 26.353943 26.483931 26.602587 26.734119 26.852379 26.985519 27.103432 27.238224 27.355824 27.492302 27.609606 27.747787 27.864796 28.004677 28.121374 28.262932 28.379286 28.522478 28.638430 28.783195 28.898672 29.044924 29.159832 29.307463 29.421684 29.570566 29.683968 29.833946 29.946371 30.097273 30.208546 30.360176 30.470098 30.622238 30.730600 30.883011 30.989582 31.142004 31.246542 31.398695 31.500938 31.652533 31.752209 31.902931 31.999758 32.149284 32.242966 32.390965 32.481201 32.627323 32.713810 32.857700 32.940132 33.081429 33.159496 33.297836 33.371231 33.506252 33.574669 33.706005 33.769154 33.896442 33.954037 34.076923 34.128685 34.246826 34.292492 34.405552 34.444878 34.552536 34.585293 34.687237 34.713219 34.809166 34.828178 34.917858 34.929737 35.012901 35.017513 35.093937 35.091167 35.160652 35.150406 35.212780 35.195007 35.250122 35.224785 35.272522 35.239628 35.279896 35.239479 35.272209 35.224323 35.249493 35.194225 35.211834 35.149300 35.159370 35.089714 35.092304 35.015701 35.010895 34.927544 34.915451 34.825569 34.806328 34.710163 34.683937 34.581757 34.548729 34.440819 34.401196 34.287857 34.241867 34.123425 34.071304 33.948086 33.890099 33.762455 33.698875 33.567150 33.498257 33.362808 33.288895 33.150093 33.071457 32.929653 32.846600 32.702160 32.614994 32.468273 32.377296 32.228649 32.134163 31.983931 31.886230 31.734747 31.634121 31.481705 31.378433 31.225391 31.119743 30.966370 30.858601 30.705164 30.595516 30.442278 30.330973 30.178165 30.065414 29.913256 29.799248 29.647932 29.532841 29.382540 29.266516 29.117378 29.000555 28.852711 28.735203 28.588755 28.470654 28.325689 28.207067 28.063650 27.944561 27.802731 27.683208 27.542990 27.423052 27.284449 27.164093 27.027090 26.906300 26.770872 26.649614 26.515715 26.393950 26.261520 26.139189 26.008162 25.885199 25.755497 25.631828 25.503365 25.378912 25.251593 25.126272 25.000000 
25.000000 25.136827 25.272623 25.410597 25.545471 25.684711 25.818764 25.959387 26.092720 26.234831 26.367538 26.511236 26.643398 26.788774 26.920465 27.067595 27.198875 27.347816 27.478733 27.629532 27.760113 27.912798 28.043053 28.197630 28.327551 28.484007 28.613565 28.771868 28.901014 29.061102 29.189764 29.351553 29.479639 29.643024 29.770414 29.935265 30.061821 30.227980 30.353540 30.520823 30.645203 30.813404 30.936398 31.105289 31.226669 31.395996 31.515516 31.684999 31.802397 31.971741 32.086731 32.255619 32.367912 32.536003 32.645287 32.812229 32.918182 33.083611 33.185902 33.349442 33.447731 33.608986 33.702942 33.861511 33.950787 34.106274 34.190521 34.342522 34.421402 34.569508 34.642696 34.786499 34.853672 34.992779 35.053616 35.187634 35.241844 35.370396 35.417690 35.540413 35.580528 35.697071 35.729763 35.839794 35.864841 35.968052 35.985260 36.081360 36.090561 36.179291 36.180340 36.261459 36.254250 36.327557 36.312000 36.377316 36.353367 36.410542 36.378185 36.427101 36.386356 36.426926 36.377846 36.410019 36.352676 36.376442 36.310951 36.326321 36.252827 36.259842 36.178528 36.177269 36.088333 36.078911 35.982594 35.965141 35.861698 35.836388 35.726105 35.693127 35.576309 35.535881 35.412861 35.365227 35.236351 35.181763 35.047390 34.986134 34.846649 34.779018 34.634800 34.561108 34.412552 34.333115 34.180622 34.095768 33.939743 33.849808 33.690651 33.595974 33.434082 33.335003 33.170773 33.067623 32.901440 32.794556 32.626797 32.516502 32.347530 32.234138 32.064304 31.948124 31.777756 31.659077 31.488491 31.367594 31.197086 31.074223 30.904068 30.779484 30.609930 30.483847 30.315123 30.187742 30.020054 29.891556 29.725080 29.595623 29.430515 29.300236 29.136627 29.005640 28.843634 28.712030 28.551710 28.419561 28.260986 28.128338 27.971544 27.838428 27.683428 27.549852 27.396643 27.262594 27.111153 26.976604 26.826889 26.691801 26.543753 26.408070 26.261621 26.125273 25.980341 25.843250 25.699745 25.561827 25.419645 25.280809 25.139849 25.000000 
25.000000 25.150030 25.301260 25.450214 25.602774 25.750769 25.904787 26.051935 26.207535 26.353943 26.511236 26.657000 26.816092 26.961300 27.122280 27.267004 27.429951 27.574249 27.739218 27.883135 28.050165 28.193720 28.362831 28.506027 28.677217 28.820032 28.993275 29.135668 29.310909 29.452812 29.629976 29.771299 29.950281 30.090908 30.271576 30.411366 30.593561 30.732347 30.915884 31.053476 31.238142 31.374325 31.559877 31.694410 31.880585 32.013210 32.199715 32.330151 32.516663 32.644611 32.830795 32.955936 33.141438 33.263435 33.447868 33.566380 33.749348 33.864014 34.045109 34.155556 34.334354 34.440216 34.616280 34.717182 34.890072 34.985630 35.154903 35.244743 35.409950 35.493702 35.654400 35.731705 35.887447 35.957954 36.108311 36.171684 36.316227 36.372143 36.510468 36.558624 36.690338 36.730457 36.855179 36.887005 37.004387 37.027687 37.137398 37.151970 37.253712 37.259388 37.352879 37.349518 37.434517 37.422016 37.498310 37.476593 37.544003 37.513035 37.571419 37.531200 37.580441 37.531013 37.571037 37.512470 37.543240 37.475636 37.497150 37.420658 37.432949 37.347744 37.350880 37.257168 37.251255 37.149284 37.134453 37.024494 37.000916 36.883266 36.851143 36.726128 36.685680 36.553654 36.505138 36.366470 36.310158 36.165241 36.101433 35.950676 35.879684 35.723507 35.645668 35.484497 35.400162 35.234436 35.143955 34.974121 34.877865 34.704357 34.602695 34.425961 34.319263 34.139736 34.028378 33.846493 33.730839 33.547009 33.427425 33.242065 33.118900 32.932396 32.806000 32.618725 32.489418 32.301739 32.169838 31.982080 31.847879 31.660360 31.524136 31.337143 31.199148 31.012947 30.873417 30.688244 30.547388 30.363455 30.221460 30.038948 29.895977 29.715048 29.571238 29.392015 29.247480 29.070072 28.924902 28.749382 28.603642 28.430065 28.283794 28.112188 27.965408 27.795778 27.648489 27.480816 27.332996 27.167248 27.018858 26.854980 26.705967 26.543890 26.394182 26.233822 26.083342 25.924601 25.773258 25.616034 25.463728 25.307905 25.154537 25.000000 
25.000000 25.164429 25.327616 25.493427 25.655502 25.822838 25.983927 26.152922 26.313147 26.483931 26.643398 26.816092 26.974909 27.149614 27.307865 27.484676 27.642433 27.821424 27.978743 28.159966 28.316879 28.500366 28.656891 28.842651 28.998775 29.186790 29.342482 29.532711 29.687908 29.880281 30.034897 30.229315 30.383240 30.579571 30.732664 30.930752 31.082844 31.282499 31.433395 31.634403 31.783882 31.985992 32.133804 32.336742 32.482616 32.686073 32.829716 33.033360 33.174450 33.377922 33.516129 33.719048 33.854008 34.055973 34.187317 34.387901 34.515244 34.714008 34.836952 35.033440 35.151577 35.345322 35.458248 35.648766 35.756069 35.942883 36.044147 36.226765 36.321587 36.499523 36.587498 36.760265 36.841015 37.008137 37.081276 37.242283 37.307457 37.461895 37.518761 37.666191 37.714432 37.854431 37.893757 38.025932 38.056072 38.180050 38.200768 38.316204 38.327301 38.433880 38.435184 38.532616 38.523994 38.612038 38.593391 38.671829 38.643097 38.711754 38.672920 38.731655 38.682739 38.731445 38.672508 38.711132 38.642269 38.670784 38.592129 38.610554 38.522285 38.530674 38.433006 38.431450 38.324627 38.313263 38.197563 38.176556 38.052296 38.021839 37.889359 37.849693 37.709362 37.660744 37.512959 37.455681 37.300854 37.235222 37.073795 37.000156 36.832577 36.751278 36.578011 36.489426 36.310951 36.215462 36.032253 35.930260 35.742802 35.634705 35.443481 35.329685 35.135178 35.016087 34.818768 34.694790 34.495125 34.366661 34.165096 34.032536 33.829514 33.693233 33.489170 33.349541 33.144836 33.002205 32.797237 32.651936 32.447063 32.299404 32.094952 31.945225 31.741491 31.589968 31.387228 31.234144 31.032646 30.878222 30.678179 30.522604 30.324203 30.167641 29.971039 29.813627 29.618950 29.460800 29.268145 29.109341 28.918779 28.759378 28.570955 28.410992 28.224724 28.064207 27.880089 27.719007 27.537010 27.375332 27.195408 27.033077 26.855160 26.692112 26.516115 26.352270 26.178095 26.013359 25.840897 25.675163 25.504295 25.337458 25.168058 25.000000 
25.000000 25.177582 25.356588 25.532894 25.713476 25.888643 26.070955 26.245117 26.429300 26.602587 26.788774 26.961300 27.149614 27.321484 27.512032 27.683327 27.876202 28.046995 28.242262 28.412601 28.610308 28.780220 28.980387 29.149876 29.352501 29.521544 29.726593 29.895138 30.102551 30.270515 30.480204 30.647484 30.859318 31.025778 31.239605 31.405075 31.620708 31.784990 32.002209 32.165081 32.383633 32.544834 32.764435 32.923687 33.144020 33.301018 33.521736 33.676140 33.896873 34.048332 34.268673 34.416813 34.636337 34.780762 34.999023 35.139317 35.355846 35.491589 35.705898 35.836651 36.048241 36.173565 36.381916 36.501369 36.705963 36.819096 37.019405 37.125771 37.321266 37.420433 37.610584 37.702122 37.886410 37.969902 38.147812 38.222858 38.393894 38.460114 38.623787 38.680824 38.836666 38.884193 39.031765 39.069477 39.208359 39.235981 39.365780 39.383080 39.503437 39.510208 39.620808 39.616882 39.717430 39.702686 39.792931 39.767281 39.847012 39.810413 39.879456 39.831913 39.890137 39.831692 39.879009 39.809742 39.846107 39.766148 39.791561 39.701077 39.715576 39.614780 39.618443 39.507584 39.500534 39.379894 39.362297 39.232201 39.204250 39.065052 39.026985 38.879070 38.831154 38.674938 38.617474 38.453400 38.386707 38.215233 38.139668 37.961285 37.877224 37.692413 37.600254 37.409534 37.309681 37.113575 37.006451 36.805470 36.691513 36.486187 36.365833 36.156689 36.030373 35.817924 35.686092 35.470848 35.333935 35.116390 34.974823 34.755463 34.609661 34.388947 34.239319 34.017693 33.864620 33.642509 33.486366 33.264168 33.105305 32.883381 32.722122 32.500824 32.337475 32.117104 31.951939 31.732784 31.566051 31.348360 31.180281 30.964270 30.795038 30.580896 30.410673 30.198551 30.027472 29.817492 29.645660 29.437916 29.265409 29.059961 28.886831 28.683714 28.509981 28.309200 28.134865 27.936399 27.761438 27.565248 27.389612 27.195637 27.019260 26.827415 26.650221 26.460405 26.282297 26.094398 25.915266 25.729162 25.548893 25.364450 25.182919 25.000000 
25.000000 25.192152 25.382851 25.576622 25.766016 25.961571 26.149811 26.347305 26.534533 26.734119 26.920465 27.122280 27.307865 27.512032 27.696957 27.903580 28.087931 28.297098 28.480936 28.692711 28.876078 29.090494 29.273407 29.490479 29.672926 29.892630 30.074572 30.296860 30.478228 30.703018 30.883709 31.110884 31.290768 31.520178 31.699091 31.930550 32.108295 32.341583 32.517933 32.752796 32.927490 33.163643 33.336391 33.573505 33.743992 33.981709 34.149586 34.387524 34.552422 34.790157 34.951683 35.188770 35.346504 35.582474 35.735981 35.970337 36.119167 36.351395 36.495087 36.724651 36.862732 37.089088 37.221081 37.443668 37.569088 37.787338 37.905708 38.119053 38.229897 38.437771 38.540619 38.742447 38.836849 39.032082 39.117592 39.305679 39.381882 39.562294 39.628792 39.801010 39.857430 40.020969 40.066971 40.221363 40.256634 40.401443 40.425713 40.560539 40.573566 40.698036 40.699623 40.813412 40.803398 40.906212 40.884483 40.976078 40.942566 41.022728 40.977417 41.045982 40.988888 41.045738 40.976936 41.022003 40.941597 40.974854 40.883011 40.904480 40.801399 40.811142 40.697079 40.695202 40.570438 40.557102 40.421967 40.397362 40.252220 40.216579 40.061832 40.015427 39.851505 39.794643 39.622009 39.555027 39.374165 39.297428 39.108852 39.022755 38.826988 38.731941 38.529526 38.425968 38.217464 38.105843 37.891808 37.772587 37.553581 37.427227 37.203819 37.070812 36.843563 36.704372 36.473839 36.328938 36.095657 35.945511 35.710014 35.555080 35.317879 35.158600 34.920177 34.756985 34.517811 34.351112 34.111633 33.941814 33.702438 33.529869 33.290981 33.115997 32.877953 32.700863 32.463978 32.285072 32.049629 31.869158 31.635414 31.453600 31.221771 31.038807 30.809076 30.625122 30.397638 30.212822 29.987698 29.802116 29.579439 29.393162 29.172979 28.986046 28.768381 28.580801 28.365646 28.177408 27.964729 27.775793 27.565536 27.375841 27.167925 26.977394 26.771721 26.580257 26.376713 26.184208 25.982666 25.788994 25.589315 25.394352 25.196392 25.000000 
25.000000 25.205263 25.412172 25.615955 25.824690 26.027157 26.237890 26.439194 26.652090 26.852379 27.067595 27.267004 27.484676 27.683327 27.903580 28.101572 28.324509 28.521921 28.747620 28.944511 29.173027 29.369425 29.600784 29.796694 30.030890 30.226284 30.463280 30.658100 30.897825 31.091980 31.334330 31.527693 31.772520 31.964939 32.212067 32.403343 32.652554 32.842457 33.093498 33.281773 33.534351 33.720699 33.974483 34.158581 34.413212 34.594700 34.849773 35.028271 35.283360 35.458450 35.713085 35.884338 36.138027 36.304989 36.557213 36.719402 36.969620 37.126553 37.374203 37.525372 37.769875 37.914768 38.155533 38.293636 38.530056 38.660854 38.892319 39.015305 39.241199 39.355865 39.575584 39.681435 39.894371 39.990921 40.196487 40.283283 40.480896 40.557491 40.746597 40.812584 40.992638 41.047630 41.218121 41.261772 41.422218 41.454208 41.604156 41.624218 41.763256 41.771149 41.898907 41.894440 42.010574 41.993607 42.097836 42.068260 42.160339 42.118114 42.197838 42.142963 42.210182 42.142704 42.197319 42.117336 42.159294 42.066956 42.096252 41.991749 42.008434 41.892010 41.896172 41.768116 41.759899 41.620541 41.600132 41.449841 41.417469 41.256657 41.212593 41.041706 40.986259 40.805779 40.739300 40.549728 40.472591 40.274467 40.187077 39.980961 39.883751 39.670212 39.563637 39.343266 39.227806 39.001202 38.877342 38.645107 38.513348 38.276085 38.136936 37.895256 37.749222 37.503719 37.351311 37.102573 36.944294 36.692898 36.529240 36.275742 36.107189 35.852123 35.679150 35.423031 35.246078 34.989391 34.808891 34.552101 34.368454 34.111984 33.925575 33.669819 33.480991 33.226315 33.035385 32.782108 32.589371 32.337780 32.143490 31.893837 31.698215 31.450720 31.253954 31.008791 30.811039 30.568346 30.369726 30.129616 29.930218 29.692759 29.492640 29.257872 29.057058 28.824987 28.623478 28.394085 28.191851 27.965084 27.762074 27.537863 27.334000 27.112247 26.907440 26.688034 26.482170 26.264978 26.057932 25.842815 25.634451 25.421255 25.211432 25.000000 
25.000000 25.220011 25.438353 25.660217 25.877066 26.100973 26.316500 26.542629 26.756994 26.985519 27.198875 27.429951 27.642433 27.876202 28.087931 28.324509 28.535582 28.775068 28.985558 29.228025 29.437977 29.683468 29.892900 30.141428 30.350328 30.601868 30.810192 31.064686 31.272354 31.529709 31.736607 31.996687 32.202663 32.465298 32.670162 32.935139 33.138672 33.405739 33.607674 33.876545 34.076584 34.346924 34.544739 34.816177 35.011398 35.283531 35.475769 35.748146 35.936974 36.209118 36.394081 36.665482 36.846107 37.116226 37.292019 37.560284 37.730724 37.996548 38.161110 38.423882 38.582020 38.841114 38.992279 39.247059 39.390701 39.640514 39.776089 40.020283 40.147240 40.385166 40.502975 40.733978 40.842121 41.065567 41.163532 41.378796 41.466110 41.672581 41.748783 41.945873 42.010540 42.197697 42.250435 42.427113 42.467571 42.633282 42.661140 42.815418 42.830410 42.972832 42.974724 43.104916 43.093533 43.211159 43.186367 43.291142 43.252865 43.344551 43.292763 43.371170 43.305893 43.370895 43.292210 43.343719 43.251755 43.289742 43.184681 43.209175 43.091248 43.102318 42.971813 42.969585 42.826832 42.811481 42.656853 42.628605 42.462517 42.421635 42.244553 42.191349 42.003757 41.938583 41.741016 41.664261 41.457272 41.369350 41.153522 41.054886 40.830826 40.721947 40.490276 40.371655 40.133003 40.005154 39.760170 39.623619 39.372944 39.228233 38.972515 38.820187 38.560062 38.400658 38.136772 37.970833 37.703800 37.531857 37.262283 37.084858 36.813328 36.630936 36.358009 36.171131 35.897343 35.706451 35.432304 35.237846 34.963818 34.766209 34.492737 34.292366 34.019852 33.817078 33.545891 33.341030 33.071495 32.864841 32.597248 32.389061 32.123657 31.914156 31.651148 31.440516 31.180077 30.968458 30.710718 30.498228 30.243284 30.029999 29.777908 29.563873 29.314663 29.099888 28.853550 28.638021 28.394516 28.178190 27.937454 27.720263 27.482203 27.264055 27.028563 26.809349 26.576292 26.355885 26.125120 25.903378 25.674747 25.451523 25.224863 25.000000 
25.000000 25.233082 25.468037 25.699436 25.936464 26.166367 26.405664 26.634247 26.876001 27.103432 27.347816 27.574249 27.821424 28.046995 28.297098 28.521921 28.775068 28.999237 29.255516 29.479094 29.738569 29.961590 30.224291 30.446758 30.712677 30.934561 31.203653 31.424889 31.697077 31.917559 32.192722 32.412308 32.690281 32.908794 33.189377 33.406593 33.689537 33.905201 34.190220 34.404030 34.690792 34.902416 35.190548 35.399616 35.688705 35.894814 36.184402 36.387112 36.676712 36.875561 37.164642 37.359135 37.647144 37.836761 38.123100 38.307304 38.591362 38.769600 39.050735 39.222431 39.499992 39.664566 39.937874 40.094746 40.363113 40.511696 40.774433 40.914143 41.170559 41.300823 41.550220 41.670479 41.912174 42.021877 42.255199 42.353828 42.578117 42.665169 42.879795 42.954800 43.159153 43.221676 43.415165 43.464813 43.646896 43.683308 43.853470 43.876339 44.034111 44.043163 44.188126 44.183147 44.314915 44.295742 44.413990 44.380508 44.484955 44.437111 44.527531 44.465324 44.541542 44.465031 44.526939 44.436226 44.483768 44.379025 44.412189 44.293636 44.312481 44.180389 44.185020 44.039719 44.030296 43.872162 43.848896 43.678349 43.641502 43.459007 43.408886 43.214947 43.151909 42.947075 42.871506 42.656353 42.568687 42.343819 42.244511 42.010563 41.900112 41.657734 41.536655 41.286514 41.155346 40.898125 40.757427 40.493809 40.344139 40.074814 39.916756 39.642403 39.476536 39.197838 39.024734 38.742367 38.562595 38.277203 38.091331 37.803543 37.612122 37.322552 37.126102 36.835339 36.634373 36.342964 36.137970 35.846436 35.637875 35.346703 35.135002 34.844639 34.630196 34.341049 34.124226 33.836662 33.617786 33.332138 33.111496 32.828053 32.605900 32.324894 32.101448 31.823088 31.598520 31.322966 31.097416 30.824785 30.598354 30.328730 30.101484 29.834911 29.606878 29.343367 29.114544 28.854069 28.624426 28.366930 28.136408 27.881811 27.650322 27.398516 27.165953 26.916809 26.683046 26.436419 26.201313 25.957039 25.720438 25.478348 25.240088 25.000000 
25.000000 25.248014 25.494143 25.744247 25.988693 26.241100 26.484055 26.738968 26.980614 27.238224 27.478733 27.739218 27.978743 28.242262 28.480936 28.747620 28.985558 29.255516 29.492798 29.766115 30.002792 30.279512 30.515608 30.795746 31.031244 31.314772 31.549625 31.836477 32.070591 32.360664 32.593914 32.887054 33.119267 33.415283 33.646244 33.944901 34.174358 34.475368 34.703026 35.006062 35.231586 35.536278 35.759293 36.065220 36.285316 36.592018 36.808750 37.115730 37.328617 37.635330 37.843868 38.149738 38.353386 38.657806 38.856010 39.158337 39.350510 39.650078 39.835629 40.131756 40.310066 40.602043 40.772499 41.059605 41.221588 41.503094 41.655983 41.931149 42.074329 42.342426 42.475300 42.735592 42.857567 43.109337 43.219849 43.462391 43.560898 43.793526 43.879513 44.101570 44.174557 44.385406 44.444950 44.643993 44.689693 44.876369 44.907879 45.081661 45.098663 45.259090 45.261330 45.407967 45.395241 45.527714 45.499878 45.617867 45.574833 45.678062 45.619801 45.708069 45.634602 45.707756 45.619179 45.677124 45.573578 45.616287 45.497978 45.525475 45.392666 45.405033 45.258045 45.255424 45.094631 45.077221 44.903042 44.871094 44.683998 44.637814 44.438316 44.378246 44.166908 44.093349 43.870758 43.784149 43.550934 43.451740 43.208565 43.097294 42.844833 42.722027 42.460979 42.327190 42.058277 41.914093 41.638035 41.484043 41.201569 41.038383 40.750217 40.578445 40.285313 40.105572 39.808189 39.621082 39.320152 39.126282 38.822483 38.622440 38.316429 38.110786 37.803196 37.592503 37.283939 37.068722 36.759754 36.540516 36.231674 36.008888 35.700668 35.474770 35.167629 34.939018 34.633369 34.402412 34.098625 33.865650 33.564045 33.329342 33.030201 32.794014 32.497574 32.260113 31.966560 31.727995 31.437483 31.197935 30.910568 30.670128 30.385973 30.144690 29.863775 29.621662 29.343983 29.101021 28.826532 28.582674 28.311302 28.066469 27.798115 27.552204 27.286741 27.039627 26.776909 26.528450 26.268316 26.018353 25.760624 25.508989 25.253481 25.000000 
