25.000000 25.000000 25.000000 25.000000 25.000000 25.000000 25.000000 25.000000 25.000000 25.000000 25.000000 25.000000 25.000000 25.000000 25.000000 25.000000 25.000000 25.000000 25.000000 25.000000 25.000000 25.000000 25.000000 25.000000 25.000000 25.000000 25.000000 25.000000 25.000000 25.000000 25.000000 25.000000 25.000000 25.000000 25.000000 25.000000 25.000000 25.000000 25.000000 25.000000 25.000000 25.000000 25.000000 25.000000 25.000000 25.000000 25.000000 25.000000 25.000000 25.000000 25.000000 25.000000 25.000000 25.000000 25.000000 25.000000 25.000000 25.000000 25.000000 25.000000 25.000000 25.000000 25.000000 25.000000 25.000000 25.000000 25.000000 25.000000 25.000000 25.000000 25.000000 25.000000 25.000000 25.000000 25.000000 25.000000 25.000000 25.000000 25.000000 25.000000 25.000000 25.000000 25.000000 25.000000 25.000000 25.000000 25.000000 25.000000 25.000000 25.000000 25.000000 25.000000 25.000000 25.000000 25.000000 25.000000 25.000000 25.000000 25.000000 25.000000 25.000000 25.000000 25.000000 25.000000 25.000000 25.000000 25.000000 25.000000 25.000000 25.000000 25.000000 25.000000 25.000000 25.000000 25.000000 25.000000 25.000000 25.000000 25.000000 25.000000 25.000000 25.000000 25.000000 25.000000 25.000000 25.000000 25.000000 25.000000 25.000000 25.000000 25.000000 25.000000 25.000000 25.000000 25.000000 25.000000 25.000000 25.000000 25.000000 25.000000 25.000000 25.000000 25.000000 25.000000 25.000000 25.000000 25.000000 25.000000 25.000000 25.000000 25.000000 25.000000 25.000000 25.000000 25.000000 25.000000 25.000000 25.000000 25.000000 25.000000 25.000000 25.000000 25.000000 25.000000 25.000000 25.000000 25.000000 25.000000 25.000000 25.000000 25.000000 25.000000 25.000000 25.000000 25.000000 25.000000 25.000000 25.000000 25.000000 25.000000 25.000000 25.000000 25.000000 25.000000 25.000000 25.000000 25.000000 25.000000 25.000000 25.000000 25.000000 25.000000 25.000000 25.000000 25.000000 25.000000 25.000000 25.000000 25.000000 25.000000 
25.000000 25.000595 25.001200 25.001804 25.002436 25.003067 25.003742 25.004417 25.005154 25.005890 25.006708 25.007523 25.008442 25.009350 25.010395 25.011414 25.012604 25.013754 25.015112 25.016411 25.017960 25.019426 25.021193 25.022846 25.024849 25.026709 25.028978 25.031061 25.033621 25.035946 25.038820 25.041405 25.044619 25.047476 25.051054 25.054199 25.058165 25.061605 25.065979 25.069729 25.074528 25.078588 25.083830 25.088203 25.093901 25.098585 25.104744 25.109734 25.116358 25.121637 25.128731 25.134281 25.141834 25.147636 25.155636 25.161659 25.170088 25.176298 25.185131 25.191484 25.200691 25.207144 25.216686 25.223185 25.233019 25.239508 25.249582 25.256001 25.266258 25.272543 25.282921 25.289001 25.299435 25.305244 25.315660 25.321131 25.331455 25.336514 25.346672 25.351250 25.361164 25.365196 25.374790 25.378214 25.387407 25.390165 25.398888 25.400927 25.409107 25.410383 25.417955 25.418430 25.425335 25.424980 25.431162 25.429958 25.435373 25.433310 25.437918 25.434994 25.438770 25.434994 25.437918 25.433310 25.435373 25.429958 25.431162 25.424980 25.425335 25.418430 25.417955 25.410383 25.409107 25.400927 25.398888 25.390165 25.387407 25.378214 25.374790 25.365196 25.361164 25.351250 25.346672 25.336514 25.331455 25.321131 25.315660 25.305244 25.299435 25.289001 25.282921 25.272543 25.266258 25.256001 25.249582 25.239508 25.233019 25.223185 25.216686 25.207144 25.200691 25.191484 25.185129 25.176296 25.170088 25.161659 25.155636 25.147636 25.141832 25.134281 25.128729 25.121635 25.116356 25.109730 25.104740 25.098581 25.093897 25.088200 25.083826 25.078583 25.074522 25.069721 25.065971 25.061596 25.058153 25.054186 25.051041 25.047459 25.044600 25.041382 25.038795 25.035917 25.033588 25.031025 25.028938 25.026663 25.024797 25.022787 25.021126 25.019354 25.017878 25.016317 25.015007 25.013638 25.012472 25.011269 25.010231 25.009169 25.008240 25.007298 25.006460 25.005615 25.004848 25.004082 25.003370 25.002659 25.001984 25.001310 25.000654 25.000000 
25.000000 25.001200 25.002399 25.003635 25.004871 25.006178 25.007484 25.008898 25.010309 25.011866 25.013414 25.015156 25.016878 25.018845 25.020773 25.023012 25.025183 25.027735 25.030188 25.033100 25.035870 25.039190 25.042315 25.046091 25.049610 25.053894 25.057844 25.062685 25.067102 25.072550 25.077469 25.083574 25.089027 25.095840 25.101856 25.109421 25.116026 25.124388 25.131599 25.140799 25.148634 25.158703 25.167166 25.178137 25.187227 25.199120 25.208826 25.221651 25.231956 25.245720 25.256590 25.271286 25.282682 25.298288 25.310160 25.326645 25.338926 25.356251 25.368862 25.386971 25.399828 25.418646 25.431654 25.451101 25.464146 25.484127 25.497093 25.517498 25.530262 25.550974 25.563398 25.584286 25.596237 25.617165 25.628500 25.649321 25.659903 25.680464 25.690149 25.710299 25.718956 25.738537 25.746037 25.764893 25.771112 25.789097 25.793926 25.810892 25.814234 25.830044 25.831814 25.846342 25.846478 25.859606 25.858055 25.869690 25.866421 25.876476 25.871479 25.879889 25.873171 25.879889 25.871479 25.876476 25.866421 25.869690 25.858055 25.859606 25.846478 25.846342 25.831814 25.830044 25.814234 25.810892 25.793926 25.789097 25.771112 25.764893 25.746037 25.738537 25.718956 25.710299 25.690149 25.680464 25.659903 25.649321 25.628500 25.617165 25.596237 25.584286 25.563398 25.550974 25.530262 25.517498 25.497093 25.484125 25.464146 25.451099 25.431652 25.418646 25.399828 25.386967 25.368862 25.356247 25.338924 25.326643 25.310158 25.298286 25.282681 25.271282 25.256588 25.245716 25.231953 25.221647 25.208820 25.199112 25.187220 25.178129 25.167156 25.158693 25.148621 25.140785 25.131584 25.124369 25.116003 25.109396 25.101826 25.095806 25.088989 25.083530 25.077419 25.072493 25.067038 25.062613 25.057762 25.053802 25.049507 25.045973 25.042183 25.039040 25.035702 25.032911 25.029978 25.027500 25.024920 25.022718 25.020447 25.018482 25.016472 25.014706 25.012917 25.011312 25.009699 25.008221 25.006741 25.005356 25.003969 25.002640 25.001310 25.000000 
25.000000 25.001804 25.003635 25.005466 25.007378 25.009291 25.011335 25.013380 25.015614 25.017838 25.020321 25.022779 25.025572 25.028316 25.031485 25.034567 25.038176 25.041653 25.045769 25.049698 25.054392 25.058830 25.064177 25.069178 25.075251 25.080873 25.087749 25.094051 25.101803 25.108837 25.117544 25.125359 25.135094 25.143736 25.154573 25.164083 25.176090 25.186504 25.199743 25.211086 25.225613 25.237900 25.253761 25.266998 25.284235 25.298412 25.317049 25.332144 25.352192 25.368166 25.389626 25.406425 25.429274 25.446831 25.471031 25.489258 25.514755 25.533543 25.560265 25.579489 25.607338 25.626863 25.655722 25.675390 25.705128 25.724768 25.755228 25.774658 25.805670 25.824692 25.856070 25.874479 25.906019 25.923611 25.955097 25.971659 26.002869 26.018185 26.048891 26.062756 26.092720 26.104937 26.133924 26.144302 26.172087 26.180450 26.206804 26.212997 26.237711 26.241596 26.264467 26.265934 26.286781 26.285742 26.304405 26.300795 26.317139 26.310928 26.324837 26.316023 26.327414 26.316023 26.324837 26.310928 26.317139 26.300795 26.304405 26.285742 26.286781 26.265934 26.264467 26.241596 26.237711 26.212997 26.206804 26.180450 26.172087 26.144302 26.133924 26.104937 26.092720 26.062756 26.048891 26.018185 26.002869 25.971657 25.955097 25.923611 25.906019 25.874479 25.856070 25.824692 25.805670 25.774656 25.755228 25.724768 25.705128 25.675390 25.655722 25.626862 25.607336 25.579489 25.560261 25.533543 25.514753 25.489256 25.471029 25.446829 25.429272 25.406422 25.389620 25.368160 25.352186 25.332136 25.317041 25.298403 25.284225 25.266985 25.253748 25.237883 25.225594 25.211063 25.199717 25.186474 25.176056 25.164045 25.154528 25.143684 25.135035 25.125292 25.117468 25.108751 25.101707 25.093941 25.087626 25.080734 25.075092 25.069000 25.063976 25.058605 25.054140 25.049414 25.045450 25.041298 25.037777 25.034124 25.030991 25.027767 25.024961 25.022100 25.019567 25.017006 25.014688 25.012362 25.010208 25.008053 25.006012 25.003969 25.001984 25.000000 
25.000000 25.002436 25.004871 25.007378 25.009886 25.012537 25.015186 25.018055 25.020914 25.024076 25.027212 25.030750 25.034235 25.038235 25.042137 25.046684 25.051079 25.056263 25.061228 25.067141 25.072750 25.079489 25.085819 25.093483 25.100611 25.109301 25.117302 25.127119 25.136068 25.147118 25.157082 25.169462 25.180510 25.194321 25.206509 25.221846 25.235224 25.252174 25.266787 25.285429 25.301302 25.321709 25.338852 25.361082 25.379496 25.403589 25.423254 25.449238 25.470114 25.497992 25.520018 25.549776 25.572870 25.604469 25.628523 25.661903 25.686787 25.721863 25.747419 25.784075 25.810131 25.848221 25.874580 25.913939 25.940378 25.980812 26.007093 26.048384 26.074253 26.116159 26.141346 26.183605 26.207834 26.250168 26.273155 26.315266 26.336727 26.378313 26.397963 26.438709 26.456280 26.495871 26.511097 26.549221 26.561861 26.598213 26.608042 26.642328 26.649149 26.681091 26.684736 26.714079 26.714413 26.740929 26.737850 26.761337 26.754784 26.775072 26.765020 26.781981 26.768444 26.781981 26.765020 26.775072 26.754784 26.761337 26.737850 26.740929 26.714413 26.714079 26.684736 26.681091 26.649149 26.642328 26.608042 26.598213 26.561861 26.549221 26.511097 26.495871 26.456280 26.438709 26.397963 26.378313 26.336727 26.315266 26.273153 26.250168 26.207832 26.183605 26.141344 26.116159 26.074251 26.048384 26.007092 25.980812 25.940376 25.913937 25.874578 25.848219 25.810129 25.784071 25.747417 25.721859 25.686785 25.661901 25.628519 25.604467 25.572865 25.549770 25.520012 25.497984 25.470106 25.449228 25.423244 25.403576 25.379482 25.361065 25.338833 25.321686 25.301275 25.285400 25.266752 25.252136 25.235178 25.221792 25.206448 25.194252 25.180431 25.169373 25.156981 25.147001 25.135939 25.126972 25.117134 25.109112 25.100397 25.093243 25.085550 25.079185 25.072411 25.066759 25.060802 25.055784 25.050547 25.046087 25.041475 25.037495 25.033415 25.029839 25.026201 25.022953 25.019674 25.016682 25.013678 25.010868 25.008055 25.005356 25.002659 25.000000 
25.000000 25.003067 25.006178 25.009291 25.012537 25.015783 25.019257 25.022724 25.026524 25.030296 25.034519 25.038685 25.043436 25.048086 25.053473 25.058697 25.064833 25.070726 25.077723 25.084383 25.092360 25.099882 25.108965 25.117443 25.127758 25.137293 25.148964 25.159649 25.172810 25.184734 25.199511 25.212761 25.229280 25.243937 25.262321 25.278448 25.298815 25.316475 25.338926 25.358160 25.382795 25.403629 25.430527 25.452969 25.482191 25.506227 25.537821 25.563414 25.597393 25.624479 25.660841 25.689333 25.728045 25.757816 25.798815 25.829721 25.872911 25.904772 25.950027 25.982634 26.029791 26.062908 26.111771 26.145132 26.195475 26.228790 26.280350 26.313313 26.365799 26.398073 26.451172 26.482414 26.535780 26.565638 26.618906 26.647020 26.699814 26.725828 26.777756 26.801317 26.851984 26.872755 26.921764 26.939425 26.986385 27.000641 27.045177 27.055759 27.097509 27.104189 27.142817 27.145401 27.180601 27.178942 27.210443 27.204435 27.232002 27.221592 27.245037 27.230219 27.249399 27.230219 27.245037 27.221592 27.232002 27.204435 27.210443 27.178942 27.180601 27.145401 27.142817 27.104189 27.097509 27.055759 27.045177 27.000641 26.986385 26.939425 26.921764 26.872755 26.851984 26.801317 26.777756 26.725826 26.699814 26.647020 26.618906 26.565636 26.535780 26.482412 26.451172 26.398071 26.365799 26.313311 26.280350 26.228790 26.195473 26.145132 26.111769 26.062906 26.029789 25.982632 25.950024 25.904770 25.872908 25.829718 25.798811 25.757812 25.728039 25.689325 25.660833 25.624472 25.597382 25.563402 25.537806 25.506214 25.482172 25.452948 25.430502 25.403601 25.382763 25.358122 25.338884 25.316423 25.298756 25.278383 25.262243 25.243849 25.229181 25.212648 25.199381 25.184589 25.172644 25.159462 25.148752 25.137054 25.127487 25.117142 25.108624 25.099501 25.091930 25.083902 25.077183 25.070124 25.064156 25.057945 25.052633 25.047153 25.042397 25.037533 25.033237 25.028881 25.024954 25.020996 25.017344 25.013681 25.010214 25.006744 25.003372 25.000000 
25.000000 25.003742 25.007484 25.011335 25.015186 25.019257 25.023323 25.027729 25.032114 25.036976 25.041782 25.047222 25.052563 25.058710 25.064692 25.071678 25.078415 25.086378 25.093987 25.103069 25.111664 25.122013 25.131712 25.143478 25.154400 25.167738 25.180000 25.195066 25.208778 25.225727 25.240999 25.259989 25.276918 25.298098 25.316778 25.340290 25.360796 25.386778 25.409170 25.437742 25.462067 25.493336 25.519609 25.553665 25.581886 25.618790 25.648928 25.688719 25.720713 25.763399 25.797157 25.842712 25.878107 25.926477 25.963343 26.014429 26.052568 26.106239 26.145414 26.201490 26.241434 26.299700 26.340107 26.400303 26.440838 26.502668 26.542967 26.606096 26.645765 26.709826 26.748459 26.813049 26.850220 26.914909 26.950186 27.014524 27.047472 27.110992 27.141180 27.203405 27.230413 27.290861 27.314291 27.372486 27.391960 27.447435 27.462616 27.514923 27.525507 27.574223 27.579950 27.624687 27.625353 27.665758 27.661207 27.696976 27.687111 27.717987 27.702772 27.728552 27.708012 27.728552 27.702772 27.717987 27.687111 27.696976 27.661207 27.665758 27.625353 27.624687 27.579950 27.574223 27.525507 27.514923 27.462616 27.447435 27.391960 27.372486 27.314291 27.290861 27.230412 27.203405 27.141178 27.110992 27.047472 27.014524 26.950186 26.914909 26.850218 26.813049 26.748457 26.709826 26.645763 26.606096 26.542965 26.502666 26.440838 26.400301 26.340105 26.299696 26.241432 26.201487 26.145412 26.106234 26.052565 26.014425 25.963337 25.926472 25.878099 25.842705 25.797148 25.763388 25.720701 25.688704 25.648912 25.618769 25.581863 25.553637 25.519579 25.493299 25.462025 25.437696 25.409117 25.386715 25.360723 25.340208 25.316685 25.297991 25.276798 25.259850 25.240845 25.225550 25.208578 25.194838 25.179743 25.167448 25.154074 25.143108 25.131298 25.121546 25.111141 25.102482 25.093330 25.085644 25.077597 25.070761 25.063671 25.057573 25.051300 25.045820 25.040230 25.035252 25.030210 25.025621 25.021004 25.016693 25.012373 25.008228 25.004086 25.000000 
25.000000 25.004417 25.008898 25.013380 25.018055 25.022724 25.027729 25.032715 25.038187 25.043610 25.049694 25.055679 25.062527 25.069206 25.076967 25.084473 25.093307 25.101774 25.111847 25.121412 25.132896 25.143698 25.156769 25.168949 25.183784 25.197481 25.214270 25.229614 25.248537 25.265665 25.286907 25.305939 25.329681 25.350731 25.377148 25.400314 25.429567 25.454933 25.487179 25.514805 25.550177 25.580101 25.618713 25.650948 25.692890 25.727413 25.772747 25.809505 25.858255 25.897161 25.949320 25.990240 26.045757 26.088522 26.147308 26.191702 26.253618 26.299385 26.364250 26.411091 26.478668 26.526245 26.596254 26.644188 26.716301 26.764177 26.838020 26.885393 26.960548 27.006943 27.082958 27.127882 27.204264 27.247210 27.323437 27.363892 27.439421 27.476871 27.551146 27.585089 27.657541 27.687492 27.757555 27.783056 27.850172 27.870800 27.934427 27.949800 28.009426 28.019211 28.074354 28.078276 28.128500 28.126343 28.171261 28.162878 28.202156 28.187468 28.220833 28.199831 28.227083 28.199831 28.220833 28.187468 28.202156 28.162878 28.171261 28.126343 28.128500 28.078276 28.074354 28.019211 28.009426 27.949800 27.934427 27.870800 27.850172 27.783056 27.757555 27.687492 27.657541 27.585089 27.551146 27.476870 27.439421 27.363890 27.323437 27.247208 27.204264 27.127880 27.082958 27.006941 26.960548 26.885391 26.838020 26.764175 26.716299 26.644186 26.596251 26.526243 26.478664 26.411089 26.364244 26.299383 26.253613 26.191696 26.147301 26.088514 26.045750 25.990231 25.949308 25.897148 25.858240 25.809490 25.772726 25.727390 25.692862 25.650915 25.618677 25.580057 25.550127 25.514748 25.487114 25.454859 25.429482 25.400215 25.377035 25.350605 25.329538 25.305779 25.286722 25.265455 25.248299 25.229347 25.213963 25.197138 25.183397 25.168512 25.156275 25.143148 25.132275 25.120718 25.111067 25.100904 25.092333 25.083389 25.075756 25.067862 25.061028 25.054022 25.047850 25.041573 25.035927 25.030224 25.024973 25.019697 25.014708 25.009712 25.004856 25.000000 
25.000000 25.005154 25.010309 25.015614 25.020914 25.026524 25.032114 25.038187 25.044212 25.050913 25.057520 25.065018 25.072353 25.080824 25.089041 25.098665 25.107920 25.118887 25.129335 25.141840 25.153645 25.167887 25.181210 25.197399 25.212400 25.230745 25.247587 25.268303 25.287136 25.310436 25.331411 25.357508 25.380762 25.409859 25.435514 25.467810 25.495972 25.531649 25.562405 25.601629 25.635035 25.677954 25.714037 25.760767 25.799524 25.850153 25.891542 25.946119 25.990059 26.048592 26.094954 26.157410 26.206018 26.272318 26.322948 26.392958 26.445339 26.518869 26.572681 26.649492 26.704361 26.784151 26.839664 26.922081 26.977776 27.062412 27.117788 27.204184 27.258709 27.346359 27.399471 27.487823 27.538944 27.627411 27.675945 27.763910 27.809265 27.896086 27.937670 28.022697 28.059935 28.142511 28.174856 28.254328 28.281267 28.356998 28.378063 28.449440 28.464216 28.530663 28.538797 28.599783 28.600990 28.656033 28.650101 28.698788 28.685585 28.727564 28.707037 28.742033 28.714214 28.742033 28.707037 28.727564 28.685585 28.698788 28.650101 28.656033 28.600990 28.599783 28.538797 28.530663 28.464216 28.449440 28.378063 28.356998 28.281267 28.254328 28.174856 28.142511 28.059935 28.022697 27.937668 27.896086 27.809263 27.763910 27.675945 27.627411 27.538942 27.487823 27.399469 27.346357 27.258707 27.204184 27.117786 27.062410 26.977774 26.922079 26.839663 26.784147 26.704357 26.649487 26.572678 26.518864 26.445333 26.392950 26.322941 26.272308 26.206007 26.157398 26.094938 26.048576 25.990040 25.946098 25.891520 25.850124 25.799494 25.760731 25.713993 25.677904 25.634975 25.601564 25.562328 25.531563 25.495872 25.467695 25.435385 25.409712 25.380596 25.357317 25.331198 25.310192 25.286861 25.267988 25.247234 25.230345 25.211950 25.196888 25.180639 25.167242 25.152925 25.141029 25.128431 25.117872 25.106791 25.097401 25.087637 25.079256 25.070616 25.063084 25.055380 25.048538 25.041592 25.035282 25.028919 25.022989 25.017036 25.011335 25.005627 25.000000 
25.000000 25.005890 25.011866 25.017838 25.024076 25.030296 25.036976 25.043610 25.050913 25.058128 25.066248 25.074211 25.083345 25.092230 25.102581 25.112562 25.124342 25.135601 25.149027 25.161749 25.177048 25.191416 25.208824 25.225019 25.244776 25.262987 25.285334 25.305738 25.330919 25.353691 25.381950 25.407255 25.438831 25.466818 25.501940 25.532738 25.571625 25.605345 25.648195 25.684921 25.731915 25.771692 25.822979 25.865828 25.921520 25.967413 26.027592 26.076458 26.141157 26.192875 26.262079 26.316477 26.390121 26.446970 26.524931 26.583948 26.666040 26.726889 26.812866 26.875147 26.964699 27.027966 27.120716 27.184465 27.279980 27.343660 27.441444 27.504467 27.603964 27.665701 27.766310 27.826109 27.927174 27.984362 28.085196 28.139095 28.238976 28.288906 28.387094 28.432392 28.528141 28.568157 28.660717 28.694849 28.783480 28.811165 28.895155 28.915886 28.994553 29.007891 29.080603 29.086180 29.152361 29.149889 29.209026 29.198311 29.249968 29.230900 29.274719 29.247288 29.283001 29.247288 29.274719 29.230900 29.249968 29.198311 29.209026 29.149889 29.152361 29.086180 29.080603 29.007891 28.994553 28.915886 28.895155 28.811165 28.783480 28.694849 28.660717 28.568157 28.528141 28.432390 28.387094 28.288904 28.238976 28.139093 28.085196 27.984362 27.927172 27.826107 27.766308 27.665701 27.603962 27.504465 27.441442 27.343658 27.279978 27.184462 27.120712 27.027962 26.964695 26.875143 26.812860 26.726885 26.666033 26.583942 26.524921 26.446960 26.390110 26.316463 26.262064 26.192856 26.141136 26.076433 26.027565 25.967382 25.921484 25.865786 25.822927 25.771635 25.731848 25.684845 25.648109 25.605246 25.571510 25.532608 25.501791 25.466650 25.438639 25.407040 25.381702 25.353413 25.330599 25.305378 25.284924 25.262527 25.244257 25.224438 25.208166 25.190680 25.176220 25.160822 25.147985 25.134441 25.123041 25.111116 25.100964 25.090437 25.081345 25.071999 25.063786 25.055410 25.047897 25.040287 25.033297 25.026257 25.019613 25.012949 25.006477 25.000000 
25.000000 25.006708 25.013414 25.020321 25.027212 25.034519 25.041782 25.049694 25.057520 25.066248 25.074825 25.084589 25.094112 25.105141 25.115807 25.128332 25.140343 25.154608 25.168171 25.184429 25.199751 25.218266 25.235556 25.256592 25.276060 25.299891 25.321743 25.348644 25.373083 25.403330 25.430546 25.464413 25.494583 25.532335 25.565617 25.607508 25.644041 25.690304 25.730198 25.781048 25.824379 25.879999 25.926804 25.987347 26.037621 26.103193 26.156881 26.227549 26.284542 26.360313 26.420448 26.501278 26.564327 26.650106 26.715782 26.806335 26.874287 26.969370 27.039181 27.138475 27.209665 27.312788 27.384821 27.491306 27.563587 27.672911 27.744793 27.856358 27.927153 28.040304 28.109285 28.223310 28.289730 28.403870 28.466961 28.580416 28.639410 28.751356 28.805492 28.915085 28.963619 29.070011 29.112234 29.214584 29.249836 29.347324 29.374998 29.466833 29.486391 29.571835 29.582819 29.661184 29.663225 29.733896 29.726717 29.789160 29.772589 29.826355 29.800322 29.845058 29.809601 29.845058 29.800322 29.826355 29.772589 29.789160 29.726717 29.733896 29.663225 29.661184 29.582819 29.571835 29.486391 29.466833 29.374998 29.347324 29.249836 29.214584 29.112234 29.070011 28.963619 28.915085 28.805490 28.751356 28.639410 28.580416 28.466961 28.403870 28.289730 28.223310 28.109285 28.040302 27.927151 27.856356 27.744791 27.672909 27.563585 27.491304 27.384817 27.312784 27.209661 27.138470 27.039175 26.969362 26.874281 26.806326 26.715773 26.650095 26.564314 26.501263 26.420429 26.360294 26.284517 26.227520 26.156851 26.103157 26.037579 25.987297 25.926748 25.879934 25.824303 25.780962 25.730099 25.690189 25.643913 25.607359 25.565451 25.532141 25.494366 25.464165 25.430267 25.403011 25.372723 25.348234 25.321281 25.299368 25.275471 25.255928 25.234810 25.217426 25.198812 25.183374 25.166992 25.153286 25.138870 25.126684 25.113977 25.103098 25.091850 25.082069 25.072039 25.063152 25.054108 25.045910 25.037622 25.029917 25.022165 25.014751 25.007320 25.000000 
25.000000 25.007523 25.015156 25.022779 25.030750 25.038685 25.047222 25.055679 25.065018 25.074211 25.084589 25.094736 25.106405 25.117723 25.130943 25.143660 25.158697 25.173038 25.190172 25.206373 25.225893 25.244188 25.266388 25.287012 25.312199 25.335384 25.363861 25.389841 25.421919 25.450914 25.486900 25.519117 25.559315 25.594940 25.639641 25.678843 25.728319 25.771238 25.825743 25.872484 25.932236 25.982864 26.048054 26.102589 26.173359 26.231766 26.308214 26.370403 26.452570 26.518389 26.606253 26.675482 26.768953 26.841305 26.940228 27.015343 27.119474 27.196924 27.305952 27.385233 27.498762 27.579304 27.696857 27.778025 27.899044 27.980141 28.103996 28.184275 28.310261 28.388926 28.516277 28.592503 28.720392 28.793324 28.920877 28.989655 29.115961 29.179726 29.303844 29.361752 29.482738 29.533972 29.650877 29.694666 29.806559 29.842192 29.948168 29.975002 30.074205 30.091681 30.183310 30.190960 30.274288 30.271748 30.346130 30.333147 30.398035 30.374470 30.429415 30.395250 30.439913 30.395250 30.429415 30.374470 30.398035 30.333147 30.346130 30.271748 30.274288 30.190960 30.183310 30.091681 30.074205 29.975002 29.948168 29.842192 29.806559 29.694666 29.650877 29.533972 29.482738 29.361752 29.303844 29.179726 29.115961 28.989655 28.920877 28.793324 28.720392 28.592501 28.516277 28.388926 28.310259 28.184273 28.103994 27.980139 27.899040 27.778021 27.696852 27.579300 27.498758 27.385229 27.305946 27.196918 27.119467 27.015333 26.940214 26.841293 26.768940 26.675465 26.606234 26.518364 26.452543 26.370373 26.308180 26.231726 26.173311 26.102533 26.047989 25.982792 25.932152 25.872387 25.825630 25.771112 25.728172 25.678679 25.639448 25.594725 25.559067 25.518839 25.486584 25.450556 25.421511 25.389383 25.363338 25.334797 25.311533 25.286266 25.265547 25.243244 25.224833 25.205187 25.188841 25.171553 25.157034 25.141809 25.128876 25.115431 25.103848 25.091908 25.081442 25.070738 25.061161 25.051435 25.042522 25.033525 25.025047 25.016535 25.008270 25.000000 
25.000000 25.008442 25.016878 25.025572 25.034235 25.043436 25.052563 25.062527 25.072353 25.083345 25.094112 25.106405 25.118359 25.132235 25.145622 25.161377 25.176449 25.194387 25.211403 25.231840 25.251062 25.274324 25.296013 25.322435 25.346855 25.376776 25.404184 25.437946 25.468597 25.506546 25.540676 25.583151 25.620983 25.668314 25.710049 25.762548 25.808357 25.866320 25.916338 25.980028 26.034351 26.103994 26.162672 26.238453 26.301476 26.383528 26.450829 26.539227 26.610672 26.705423 26.780806 26.881851 26.960890 27.068090 27.150423 27.263554 27.348743 27.467495 27.555023 27.678999 27.768265 27.896976 27.987312 28.120182 28.210844 28.347208 28.437391 28.576508 28.665350 28.806396 28.892998 29.035082 29.118505 29.260681 29.339970 29.481243 29.555435 29.694777 29.762924 29.899279 29.960457 30.092770 30.146091 30.273317 30.317955 30.439072 30.474268 30.588295 30.613380 30.719395 30.733795 30.830948 30.834198 30.921726 30.913479 30.990717 30.970755 31.037149 31.005383 31.060499 31.016968 31.060499 31.005383 31.037149 30.970755 30.990717 30.913479 30.921726 30.834198 30.830948 30.733795 30.719395 30.613380 30.588295 30.474268 30.439072 30.317955 30.273317 30.146091 30.092770 29.960457 29.899279 29.762924 29.694777 29.555435 29.481243 29.339970 29.260681 29.118504 29.035082 28.892996 28.806395 28.665350 28.576506 28.437389 28.347206 28.210842 28.120176 27.987309 27.896971 27.768261 27.678991 27.555017 27.467487 27.348736 27.263542 27.150412 27.068075 26.960875 26.881834 26.780783 26.705399 26.610641 26.539192 26.450790 26.383482 26.301424 26.238390 26.162601 26.103912 26.034258 25.979919 25.916214 25.866177 25.808195 25.762363 25.709837 25.668072 25.620710 25.582838 25.540321 25.506142 25.468142 25.437428 25.403603 25.376114 25.346113 25.321598 25.295074 25.273268 25.249878 25.230511 25.209917 25.192720 25.174593 25.159300 25.143316 25.129662 25.115507 25.103230 25.090605 25.079445 25.068056 25.057760 25.047325 25.037642 25.027884 25.018560 25.009211 25.000000 
25.000000 25.009350 25.018845 25.028316 25.038235 25.048086 25.058710 25.069206 25.080824 25.092230 25.105141 25.117723 25.132235 25.146271 25.162701 25.178469 25.197153 25.214931 25.236214 25.256294 25.280527 25.303202 25.330753 25.356314 25.387556 25.416290 25.451601 25.483793 25.523556 25.559479 25.604071 25.643982 25.693773 25.737906 25.793255 25.841814 25.903055 25.956217 26.023657 26.081549 26.155460 26.218161 26.298771 26.366306 26.453787 26.526115 26.620583 26.697594 26.799093 26.880596 26.989096 27.074825 27.190212 27.279810 27.401884 27.494907 27.623371 27.719290 27.853748 27.951946 28.091906 28.191679 28.336550 28.437115 28.586206 28.686707 28.839241 28.938751 29.093855 29.191401 29.348125 29.442686 29.600016 29.690538 29.847395 29.932821 30.088079 30.167349 30.319857 30.391930 30.540520 30.604389 30.747896 30.802614 30.939892 30.984579 31.114521 31.148382 31.269934 31.292278 31.404461 31.414711 31.516632 31.514336 31.605207 31.590050 31.669199 31.641005 31.707884 31.666626 31.720829 31.666626 31.707884 31.641005 31.669199 31.590050 31.605207 31.514336 31.516632 31.414711 31.404461 31.292278 31.269934 31.148382 31.114521 30.984579 30.939892 30.802614 30.747896 30.604389 30.540520 30.391930 30.319857 30.167349 30.088079 29.932821 29.847395 29.690538 29.600016 29.442684 29.348125 29.191399 29.093855 28.938749 28.839239 28.686705 28.586205 28.437113 28.336544 28.191675 28.091900 27.951941 27.853741 27.719282 27.623360 27.494896 27.401871 27.279795 27.190195 27.074804 26.989073 26.880568 26.799061 26.697556 26.620539 26.526066 26.453728 26.366238 26.298691 26.218071 26.155354 26.081429 26.023518 25.956059 25.902874 25.841610 25.793018 25.737637 25.693466 25.643635 25.603674 25.559031 25.523046 25.483219 25.450949 25.415558 25.386726 25.355383 25.329706 25.302029 25.279207 25.254818 25.234554 25.213083 25.195082 25.176167 25.160128 25.143417 25.129051 25.114202 25.101221 25.087908 25.076023 25.063927 25.052860 25.041668 25.031139 25.020550 25.010283 25.000000 
25.000000 25.010395 25.020773 25.031485 25.042137 25.053473 25.064692 25.076967 25.089041 25.102581 25.115807 25.130943 25.145622 25.162701 25.179138 25.198521 25.217024 25.239086 25.259972 25.285097 25.308687 25.337273 25.363888 25.396341 25.426304 25.463041 25.496668 25.538107 25.575706 25.622265 25.664129 25.716223 25.762623 25.820650 25.871832 25.936174 25.992346 26.063358 26.124689 26.202688 26.269295 26.354553 26.426493 26.519234 26.596498 26.696877 26.779385 26.887487 26.975073 27.090908 27.183319 27.306805 27.403700 27.534660 27.635597 27.773754 27.878201 28.023170 28.130489 28.281784 28.391251 28.548265 28.659060 28.821091 28.932306 29.098539 29.209196 29.378721 29.487768 29.659576 29.765915 29.938923 30.041410 30.214460 30.311930 30.483810 30.575090 30.744545 30.828476 30.994223 31.069677 31.230433 31.296331 31.450817 31.506149 31.653130 31.696970 31.835251 31.866779 31.995243 32.013756 32.131371 32.136299 32.242142 32.233059 32.326328 32.302963 32.382984 32.345219 32.411472 32.359360 32.411472 32.345219 32.382984 32.302963 32.326328 32.233059 32.242142 32.136299 32.131371 32.013756 31.995243 31.866779 31.835251 31.696970 31.653130 31.506149 31.450817 31.296331 31.230433 31.069677 30.994223 30.828476 30.744543 30.575090 30.483810 30.311930 30.214460 30.041409 29.938923 29.765913 29.659576 29.487766 29.378719 29.209194 29.098537 28.932304 28.821087 28.659056 28.548260 28.391245 28.281775 28.130482 28.023159 27.878189 27.773741 27.635582 27.534641 27.403679 27.306784 27.183292 27.090878 26.975037 26.887445 26.779335 26.696821 26.596434 26.519157 26.426407 26.354452 26.269178 26.202553 26.124537 26.063183 25.992147 25.935944 25.871571 25.820351 25.762283 25.715836 25.663691 25.621767 25.575144 25.537468 25.495949 25.462225 25.425388 25.395308 25.362728 25.335968 25.307226 25.283455 25.258141 25.237032 25.214737 25.195963 25.176296 25.159529 25.142107 25.127028 25.111485 25.097773 25.083748 25.071095 25.058243 25.046335 25.034317 25.022848 25.011335 25.000000 
25.000000 25.011414 25.023012 25.034567 25.046684 25.058697 25.071678 25.084473 25.098665 25.112562 25.128332 25.143660 25.161377 25.178469 25.198521 25.217718 25.240511 25.262156 25.288105 25.312548 25.342083 25.369680 25.403244 25.434347 25.472395 25.507355 25.550341 25.589504 25.637890 25.681587 25.735828 25.784370 25.844913 25.898586 25.965858 26.024912 26.099318 26.163961 26.245869 26.316259 26.405993 26.482225 26.580053 26.662159 26.768286 26.856216 26.970778 27.064394 27.187441 27.286518 27.418003 27.522215 27.661997 27.770914 27.918739 28.031828 28.187332 28.303951 28.466652 28.586052 28.755348 28.876678 29.051851 29.174166 29.354374 29.476639 29.660934 29.782030 29.969360 30.088108 30.277319 30.392487 30.582348 30.692665 30.881872 30.986055 31.173254 31.270021 31.453815 31.541908 31.720890 31.799095 31.971857 32.039028 32.204193 32.259258 32.415489 32.457489 32.603523 32.631618 32.766277 32.779770 32.901978 32.900314 33.009125 32.991924 33.086533 33.053570 33.133327 33.084572 33.148987 33.084572 33.133327 33.053570 33.086533 32.991924 33.009125 32.900314 32.901978 32.779770 32.766277 32.631618 32.603523 32.457489 32.415489 32.259258 32.204193 32.039028 31.971857 31.799095 31.720890 31.541908 31.453814 31.270021 31.173252 30.986055 30.881872 30.692665 30.582348 30.392485 30.277319 30.088106 29.969358 29.782028 29.660933 29.476637 29.354370 29.174162 29.051846 28.876675 28.755341 28.586044 28.466642 28.303940 28.187321 28.031813 27.918722 27.770895 27.661974 27.522188 27.417974 27.286482 27.187401 27.064348 26.970724 26.856153 26.768213 26.662075 26.579954 26.482113 26.405863 26.316111 26.245699 26.163769 26.099096 26.024660 25.965569 25.898258 25.844538 25.783945 25.735342 25.681040 25.637266 25.588802 25.549543 25.506458 25.471380 25.433208 25.401960 25.368240 25.340466 25.310740 25.286076 25.259893 25.237978 25.214903 25.195374 25.174978 25.157482 25.139355 25.123539 25.107283 25.092798 25.078022 25.064531 25.050859 25.038019 25.025084 25.012556 25.000000 
25.000000 25.012604 25.025183 25.038176 25.051079 25.064833 25.078415 25.093307 25.107920 25.124342 25.140343 25.158697 25.176449 25.197153 25.217024 25.240511 25.262878 25.289597 25.314842 25.345255 25.373764 25.408350 25.440512 25.479761 25.515963 25.560373 25.600996 25.651073 25.696487 25.752729 25.803289 25.866190 25.922224 25.992262 26.054064 26.131691 26.199514 26.285154 26.359200 26.453232 26.533640 26.636385 26.723225 26.834942 26.928204 27.049076 27.148663 27.278790 27.384499 27.523880 27.635414 27.783943 27.900888 28.058350 28.180178 28.346228 28.472298 28.646469 28.776020 28.957720 29.089878 29.278376 29.412159 29.606600 29.740919 29.940325 30.074005 30.277275 30.409056 30.614981 30.743542 30.950817 31.074787 31.282022 31.400003 31.605743 31.716330 31.919067 32.020866 32.219067 32.310726 32.502850 32.583073 32.767593 32.835167 33.010605 33.064411 33.229343 33.268398 33.421490 33.444946 33.584969 33.592140 33.717987 33.708359 33.819073 33.792313 33.887104 33.843063 33.921310 33.860043 33.921310 33.843063 33.887104 33.792313 33.819073 33.708359 33.717987 33.592140 33.584969 33.444946 33.421490 33.268398 33.229343 33.064411 33.010605 32.835167 32.767593 32.583073 32.502850 32.310726 32.219067 32.020866 31.919065 31.716330 31.605743 31.400003 31.282022 31.074785 30.950817 30.743540 30.614981 30.409054 30.277273 30.074001 29.940323 29.740917 29.606596 29.412153 29.278368 29.089870 28.957710 28.776012 28.646458 28.472284 28.346210 28.180159 28.058327 27.900864 27.783916 27.635380 27.523842 27.384455 27.278738 27.148602 27.049007 26.928123 26.834848 26.723118 26.636261 26.533499 26.453068 26.359015 26.284941 26.199270 26.131413 26.053745 25.991898 25.921812 25.865719 25.802757 25.752123 25.695805 25.650297 25.600122 25.559383 25.514851 25.478504 25.439102 25.406763 25.371986 25.343260 25.312614 25.287100 25.260101 25.237402 25.213573 25.193298 25.172184 25.153942 25.135096 25.118505 25.101498 25.086180 25.070591 25.056171 25.041595 25.027702 25.013739 25.000000 
25.000000 25.013754 25.027735 25.041653 25.056263 25.070726 25.086378 25.101774 25.118887 25.135601 25.154608 25.173038 25.194387 25.214931 25.239086 25.262156 25.289597 25.315603 25.346828 25.376194 25.411720 25.444866 25.485222 25.522575 25.568298 25.610279 25.661917 25.708937 25.767036 25.819492 25.884598 25.942863 26.015501 26.079918 26.160597 26.231464 26.320663 26.398232 26.496384 26.580839 26.688326 26.779787 26.896925 26.995422 27.122450 27.227928 27.364996 27.477293 27.624453 27.743296 27.900488 28.025490 28.192533 28.323183 28.499769 28.635427 28.821114 28.961016 29.155218 29.298471 29.500465 29.646057 29.854977 30.001778 30.216614 30.363388 30.583008 30.728424 30.951563 31.094215 31.319500 31.457918 31.683874 31.816545 32.041618 32.167011 32.389584 32.506172 32.724586 32.830864 33.043442 33.137966 33.343037 33.424431 33.620358 33.687351 33.872543 33.923985 34.096943 34.131836 34.291164 34.308659 34.453091 34.452530 34.580940 34.561859 34.673298 34.635433 34.729130 34.672424 34.747814 34.672424 34.729130 34.635433 34.673298 34.561859 34.580940 34.452530 34.453091 34.308659 34.291164 34.131836 34.096943 33.923985 33.872543 33.687351 33.620358 33.424431 33.343037 33.137966 33.043442 32.830864 32.724586 32.506172 32.389584 32.167011 32.041618 31.816544 31.683874 31.457914 31.319500 31.094213 30.951563 30.728422 30.583006 30.363384 30.216610 30.001772 29.854971 29.646051 29.500458 29.298464 29.155207 28.961002 28.821098 28.635410 28.499748 28.323158 28.192507 28.025457 27.900452 27.743254 27.624403 27.477234 27.364929 27.227852 27.122362 26.995321 26.896807 26.779652 26.688171 26.580662 26.496178 26.397997 26.320395 26.231159 26.160248 26.079521 26.015047 25.942348 25.884010 25.818830 25.766283 25.708088 25.660954 25.609196 25.567074 25.521200 25.483671 25.443129 25.409765 25.374010 25.344378 25.312872 25.286535 25.258755 25.235285 25.210720 25.189686 25.167845 25.148827 25.129230 25.111809 25.093996 25.077757 25.061275 25.045815 25.030224 25.015133 25.000000 
25.000000 25.015112 25.030188 25.045769 25.061228 25.077723 25.093987 25.111847 25.129335 25.149027 25.168171 25.190172 25.211403 25.236214 25.259972 25.288105 25.314842 25.346828 25.377001 25.413395 25.447460 25.488832 25.527254 25.574183 25.617424 25.670502 25.719017 25.778837 25.833071 25.900229 25.960598 26.035673 26.102570 26.186131 26.259903 26.352482 26.433435 26.535526 26.623898 26.735947 26.831902 26.954285 27.057909 27.190924 27.302204 27.446064 27.564880 27.719690 27.845812 28.011564 28.144630 28.321192 28.460714 28.647816 28.793169 28.990396 29.140820 29.347609 29.502197 29.717834 29.875553 30.099169 30.258850 30.489420 30.649778 30.886133 31.045771 31.286602 31.444027 31.687897 31.841541 32.086899 32.235142 32.480335 32.621517 32.864819 32.997272 33.236900 33.358978 33.593113 33.703205 33.930027 34.026592 34.244305 34.325905 34.532749 34.598061 34.792362 34.840210 35.020397 35.049774 35.214394 35.224480 35.372234 35.362415 35.492184 35.462051 35.572903 35.522285 35.613491 35.542435 35.613491 35.522285 35.572903 35.462051 35.492184 35.362415 35.372234 35.224480 35.214394 35.049774 35.020397 34.840210 34.792362 34.598061 34.532749 34.325905 34.244305 34.026592 33.930027 33.703205 33.593113 33.358978 33.236900 32.997272 32.864819 32.621517 32.480335 32.235142 32.086899 31.841539 31.687897 31.444025 31.286600 31.045767 30.886129 30.649775 30.489414 30.258844 30.099161 29.875546 29.717825 29.502186 29.347593 29.140802 28.990377 28.793148 28.647789 28.460686 28.321159 28.144590 28.011518 27.845757 27.719629 27.564808 27.445980 27.302107 27.190813 27.057779 26.954136 26.831732 26.735750 26.623674 26.535271 26.433142 26.352146 26.259521 26.185692 26.102076 26.035109 25.959957 25.899500 25.832249 25.777905 25.717968 25.669312 25.616087 25.572672 25.525560 25.486923 25.445326 25.410995 25.374325 25.343828 25.311504 25.284367 25.255829 25.231583 25.206282 25.184464 25.161873 25.142023 25.121630 25.103294 25.084600 25.067333 25.049852 25.033209 25.016468 25.000000 
