25.000000 25.000000 25.000000 25.000000 25.000000 25.000000 25.000000 25.000000 25.000000 25.000000 25.000000 25.000000 25.000000 25.000000 25.000000 25.000000 25.000000 25.000000 25.000000 25.000000 25.000000 25.000000 25.000000 25.000000 25.000000 25.000000 25.000000 25.000000 25.000000 25.000000 25.000000 25.000000 25.000000 25.000000 25.000000 25.000000 25.000000 25.000000 25.000000 25.000000 25.000000 25.000000 25.000000 25.000000 25.000000 25.000000 25.000000 25.000000 25.000000 25.000000 25.000000 25.000000 25.000000 25.000000 25.000000 25.000000 25.000000 25.000000 25.000000 25.000000 25.000000 25.000000 25.000000 25.000000 25.000000 25.000000 25.000000 25.000000 25.000000 25.000000 25.000000 25.000000 25.000000 25.000000 25.000000 25.000000 25.000000 25.000000 25.000000 25.000000 25.000000 25.000000 25.000000 25.000000 25.000000 25.000000 25.000000 25.000000 25.000000 25.000000 25.000000 25.000000 25.000000 25.000000 25.000000 25.000000 25.000000 25.000000 25.000000 25.000000 25.000000 25.000000 25.000000 25.000000 25.000000 25.000000 25.000000 25.000000 25.000000 25.000000 25.000000 25.000000 25.000000 25.000000 25.000000 25.000000 25.000000 25.000000 25.000000 25.000000 25.000000 25.000000 25.000000 25.000000 25.000000 25.000000 25.000000 25.000000 25.000000 25.000000 25.000000 25.000000 25.000000 25.000000 25.000000 25.000000 25.000000 25.000000 25.000000 25.000000 25.000000 25.000000 25.000000 25.000000 25.000000 25.000000 25.000000 25.000000 25.000000 25.000000 25.000000 25.000000 25.000000 25.000000 25.000000 25.000000 25.000000 25.000000 25.000000 25.000000 25.000000 25.000000 25.000000 25.000000 25.000000 25.000000 25.000000 25.000000 25.000000 25.000000 25.000000 25.000000 25.000000 25.000000 25.000000 25.000000 25.000000 25.000000 25.000000 25.000000 25.000000 25.000000 25.000000 25.000000 25.000000 25.000000 25.000000 25.000000 25.000000 25.000000 25.000000 25.000000 25.000000 25.000000 25.000000 25.000000 25.000000 25.000000 25.000000 25.000000 
25.000000 24.979633 24.958654 24.937702 24.915041 24.892651 24.867826 24.843935 24.817465 24.793135 24.766741 24.744202 24.720575 24.702656 24.684561 24.673502 24.662401 24.658546 24.653624 24.654982 24.653410 24.656595 24.654974 24.656885 24.652893 24.652111 24.645483 24.642765 24.635221 24.632895 24.627052 24.627552 24.625257 24.629515 24.630589 24.637358 24.639668 24.646297 24.647076 24.651085 24.648512 24.648958 24.643137 24.641109 24.634008 24.632057 24.626448 24.627142 24.624966 24.629320 24.630451 24.637270 24.639608 24.646259 24.647051 24.651070 24.648502 24.648952 24.643133 24.641108 24.634007 24.632055 24.626448 24.627142 24.624966 24.629320 24.630451 24.637270 24.639608 24.646259 24.647051 24.651070 24.648502 24.648952 24.643133 24.641108 24.634007 24.632055 24.626448 24.627142 24.624966 24.629320 24.630451 24.637270 24.639608 24.646259 24.647051 24.651070 24.648502 24.648952 24.643133 24.641108 24.634007 24.632055 24.626448 24.627142 24.624966 24.629320 24.630451 24.637270 24.639608 24.646259 24.647051 24.651070 24.648502 24.648952 24.643133 24.641108 24.634007 24.632055 24.626448 24.627142 24.624966 24.629320 24.630451 24.637270 24.639608 24.646259 24.647051 24.651070 24.648502 24.648952 24.643133 24.641108 24.634007 24.632055 24.626446 24.627140 24.624964 24.629316 24.630445 24.637259 24.639595 24.646240 24.647028 24.651033 24.648462 24.648891 24.643066 24.641010 24.633904 24.631907 24.626295 24.626930 24.624756 24.629036 24.630177 24.636908 24.639269 24.645826 24.646656 24.650583 24.648071 24.648438 24.642691 24.640593 24.633577 24.631571 24.626055 24.626713 24.624628 24.628962 24.630180 24.636990 24.639404 24.646059 24.646917 24.650948 24.648441 24.648918 24.643166 24.641191 24.634192 24.632341 24.626913 24.627811 24.625975 24.630730 24.632505 24.640085 24.643620 24.651672 24.654606 24.661110 24.662235 24.666929 24.667234 24.672152 24.674786 24.683689 24.692846 24.709681 24.728798 24.755888 24.786087 24.823097 24.862812 24.907015 24.952732 25.000000 
25.000000 24.958654 24.917280 24.873478 24.829811 24.781794 24.734722 24.682365 24.632786 24.578310 24.529625 24.477728 24.435444 24.392187 24.362082 24.332375 24.317556 24.302275 24.300964 24.295980 24.302061 24.300280 24.306417 24.301403 24.302572 24.291494 24.287052 24.271660 24.265224 24.250591 24.247765 24.239166 24.243965 24.243404 24.255480 24.260239 24.275017 24.279383 24.290922 24.289618 24.294006 24.285076 24.282478 24.268284 24.262867 24.248877 24.246592 24.238325 24.243401 24.243006 24.255217 24.260057 24.274900 24.279303 24.290873 24.289585 24.293985 24.285063 24.282471 24.268278 24.262863 24.248873 24.246590 24.238325 24.243401 24.243006 24.255217 24.260057 24.274900 24.279303 24.290873 24.289585 24.293985 24.285063 24.282471 24.268278 24.262863 24.248873 24.246590 24.238325 24.243401 24.243006 24.255217 24.260057 24.274900 24.279303 24.290873 24.289585 24.293985 24.285063 24.282471 24.268278 24.262863 24.248873 24.246590 24.238325 24.243401 24.243006 24.255217 24.260057 24.274900 24.279303 24.290873 24.289585 24.293985 24.285063 24.282471 24.268278 24.262863 24.248873 24.246590 24.238325 24.243401 24.243006 24.255217 24.260057 24.274900 24.279303 24.290873 24.289585 24.293985 24.285063 24.282471 24.268278 24.262863 24.248873 24.246588 24.238321 24.243395 24.242998 24.255203 24.260040 24.274874 24.279270 24.290819 24.289526 24.293894 24.284962 24.282318 24.268116 24.262627 24.248627 24.246241 24.237972 24.242914 24.242531 24.254583 24.259455 24.274118 24.278582 24.289965 24.288773 24.292995 24.284203 24.281452 24.267418 24.261875 24.248064 24.245689 24.237608 24.242626 24.242409 24.254593 24.259592 24.274431 24.278973 24.290558 24.289392 24.293831 24.285030 24.282511 24.268476 24.263205 24.249477 24.247480 24.239704 24.245350 24.245892 24.259207 24.265804 24.282717 24.290323 24.305634 24.309982 24.320904 24.321529 24.329857 24.331203 24.343302 24.353510 24.378016 24.405649 24.449625 24.499762 24.565365 24.637384 24.721136 24.809416 24.903910 25.000000 
25.000000 24.937702 24.873478 24.809118 24.739365 24.669992 24.592903 24.518017 24.434933 24.357695 24.274010 24.201637 24.126335 24.068563 24.011375 23.976355 23.942768 23.932030 23.919327 23.925911 23.924068 23.936043 23.933134 23.939737 23.927776 23.924240 23.902458 23.891598 23.866220 23.856478 23.837044 23.837383 23.830742 23.844658 23.850174 23.873100 23.882977 23.905291 23.909582 23.922459 23.914742 23.914862 23.895487 23.886679 23.862617 23.853987 23.835247 23.836166 23.829876 23.844084 23.849771 23.872841 23.882797 23.905178 23.909506 23.922411 23.914709 23.914843 23.895473 23.886671 23.862614 23.853985 23.835245 23.836166 23.829876 23.844084 23.849771 23.872841 23.882797 23.905178 23.909506 23.922411 23.914709 23.914843 23.895473 23.886671 23.862614 23.853985 23.835245 23.836166 23.829876 23.844084 23.849771 23.872841 23.882797 23.905178 23.909506 23.922411 23.914709 23.914843 23.895473 23.886671 23.862614 23.853985 23.835245 23.836166 23.829876 23.844084 23.849771 23.872841 23.882797 23.905178 23.909506 23.922411 23.914709 23.914843 23.895473 23.886671 23.862614 23.853985 23.835245 23.836166 23.829876 23.844084 23.849771 23.872841 23.882797 23.905178 23.909506 23.922411 23.914709 23.914843 23.895473 23.886671 23.862612 23.853983 23.835241 23.836161 23.829866 23.844070 23.849754 23.872812 23.882763 23.905123 23.909441 23.922310 23.914597 23.914671 23.895287 23.886395 23.862322 23.853563 23.834816 23.835564 23.829279 23.843273 23.848991 23.871811 23.881836 23.903948 23.908390 23.921026 23.913490 23.913374 23.894218 23.885206 23.861397 23.852606 23.834133 23.834946 23.828920 23.843067 23.849001 23.872047 23.882223 23.904612 23.909128 23.922070 23.914543 23.914751 23.895580 23.886929 23.863165 23.854837 23.836626 23.838152 23.832870 23.848267 23.855871 23.881203 23.894714 23.921265 23.931961 23.952280 23.955595 23.968430 23.967407 23.979504 23.984768 24.009033 24.035078 24.085278 24.144026 24.228167 24.323273 24.439941 24.565762 24.705601 24.850399 25.000000 
25.000000 24.915041 24.829811 24.739365 24.648537 24.548296 24.448881 24.337925 24.231236 24.113880 24.007080 23.893757 23.799698 23.705137 23.638498 23.575649 23.545134 23.516884 23.518400 23.514290 23.532261 23.534256 23.550335 23.542536 23.544552 23.520245 23.506941 23.470783 23.451584 23.416811 23.406551 23.387327 23.396957 23.398817 23.427454 23.443068 23.478498 23.492821 23.519659 23.519247 23.527637 23.507587 23.497925 23.464132 23.446939 23.413433 23.404240 23.385674 23.395849 23.398035 23.426943 23.442713 23.478271 23.492666 23.519564 23.519182 23.527599 23.507563 23.497910 23.464123 23.446932 23.413429 23.404238 23.385672 23.395849 23.398035 23.426943 23.442713 23.478271 23.492666 23.519564 23.519182 23.527599 23.507563 23.497910 23.464123 23.446932 23.413429 23.404238 23.385672 23.395849 23.398035 23.426943 23.442713 23.478271 23.492666 23.519564 23.519182 23.527599 23.507563 23.497910 23.464123 23.446932 23.413429 23.404238 23.385672 23.395849 23.398035 23.426943 23.442713 23.478271 23.492666 23.519564 23.519182 23.527599 23.507563 23.497910 23.464123 23.446932 23.413429 23.404238 23.385672 23.395849 23.398035 23.426943 23.442713 23.478271 23.492666 23.519564 23.519182 23.527599 23.507563 23.497910 23.464121 23.446932 23.413427 23.404234 23.385666 23.395836 23.398020 23.426918 23.442682 23.478220 23.492605 23.519466 23.519073 23.527431 23.507378 23.497631 23.463823 23.446497 23.412977 23.403595 23.385025 23.394955 23.397161 23.425772 23.441605 23.476828 23.491341 23.517889 23.517689 23.525770 23.505980 23.496029 23.462542 23.445112 23.411943 23.402576 23.384354 23.394423 23.396938 23.425793 23.441862 23.477409 23.492064 23.518988 23.518835 23.527321 23.507517 23.498003 23.464521 23.447611 23.414619 23.405993 23.388386 23.399687 23.403713 23.434797 23.454029 23.493664 23.514372 23.548660 23.559412 23.580763 23.579679 23.591835 23.589121 23.607235 23.622583 23.667988 23.722673 23.813030 23.919418 24.059614 24.215425 24.396364 24.587717 24.792086 25.000000 
25.000000 24.892651 24.781794 24.669992 24.548296 24.425770 24.288891 24.153568 24.002800 23.859509 23.704250 23.566614 23.424932 23.313791 23.207657 23.142607 23.086008 23.071972 23.059355 23.080584 23.088890 23.118383 23.121073 23.135519 23.115635 23.105247 23.061598 23.033012 22.979830 22.952629 22.912470 22.908417 22.898260 22.926195 22.944538 22.993219 23.021172 23.067833 23.082462 23.107229 23.094328 23.089926 23.050219 23.024986 22.973953 22.948565 22.909538 22.906435 22.896852 22.925262 22.943888 22.992798 23.020882 23.067650 23.082338 23.107153 23.094278 23.089895 23.050200 23.024975 22.973944 22.948561 22.909534 22.906433 22.896851 22.925262 22.943888 22.992798 23.020882 23.067650 23.082338 23.107153 23.094278 23.089895 23.050200 23.024975 22.973944 22.948561 22.909534 22.906433 22.896851 22.925262 22.943888 22.992798 23.020882 23.067650 23.082338 23.107153 23.094278 23.089895 23.050200 23.024975 22.973944 22.948561 22.909534 22.906433 22.896851 22.925262 22.943888 22.992798 23.020882 23.067650 23.082338 23.107153 23.094278 23.089895 23.050200 23.024975 22.973944 22.948561 22.909534 22.906433 22.896851 22.925262 22.943888 22.992798 23.020882 23.067650 23.082338 23.107153 23.094278 23.089895 23.050198 23.024973 22.973942 22.948557 22.909529 22.906424 22.896839 22.925241 22.943861 22.992756 23.020832 23.067566 23.082243 23.107002 23.094110 23.089640 23.049921 23.024563 22.973511 22.947935 22.908895 22.905535 22.895964 22.924051 22.942724 22.991257 23.019449 23.065807 23.080675 23.105080 23.092461 23.087698 23.048328 23.022783 22.972134 22.946503 22.907883 22.904612 22.895432 22.923748 22.942745 22.991617 23.020031 23.066809 23.081783 23.106653 23.094046 23.089783 23.050396 23.025412 22.974854 22.949959 22.911791 22.909672 22.901733 22.932081 22.953833 23.006435 23.040310 23.093887 23.118973 23.155937 23.161119 23.177689 23.168295 23.177906 23.175867 23.206076 23.242926 23.324396 23.426617 23.576862 23.751360 23.965780 24.198803 24.456814 24.724243 25.000000 
25.000000 24.867826 24.734722 24.592903 24.448881 24.288891 24.127344 23.945765 23.766886 23.569122 23.383797 23.187557 23.019627 22.854418 22.735727 22.631645 22.584318 22.550192 22.566465 22.579035 22.624334 22.644300 22.680056 22.674990 22.677223 22.634312 22.601192 22.530449 22.482096 22.412350 22.382278 22.346712 22.361469 22.373796 22.431286 22.473738 22.545137 22.583485 22.635126 22.640947 22.652519 22.615843 22.588036 22.520746 22.475319 22.407425 22.378910 22.344303 22.359859 22.372663 22.430544 22.473223 22.544809 22.583261 22.634987 22.640856 22.652464 22.615807 22.588015 22.520733 22.475309 22.407419 22.378906 22.344301 22.359858 22.372662 22.430544 22.473223 22.544809 22.583261 22.634987 22.640856 22.652464 22.615807 22.588015 22.520733 22.475309 22.407419 22.378906 22.344301 22.359858 22.372662 22.430544 22.473223 22.544809 22.583261 22.634987 22.640856 22.652464 22.615807 22.588015 22.520733 22.475309 22.407419 22.378906 22.344301 22.359858 22.372662 22.430544 22.473223 22.544809 22.583261 22.634987 22.640856 22.652464 22.615807 22.588015 22.520733 22.475309 22.407419 22.378906 22.344301 22.359858 22.372662 22.430544 22.473223 22.544809 22.583261 22.634987 22.640856 22.652464 22.615805 22.588013 22.520731 22.475307 22.407415 22.378899 22.344292 22.359842 22.372643 22.430511 22.473183 22.544744 22.583183 22.634863 22.640715 22.652245 22.615566 22.587650 22.520346 22.474743 22.406832 22.378067 22.343460 22.358690 22.371527 22.429012 22.471781 22.542921 22.581535 22.632793 22.638910 22.650068 22.613743 22.585552 22.518675 22.472931 22.405487 22.376740 22.342592 22.358000 22.371241 22.429049 22.472120 22.543692 22.582485 22.634247 22.640419 22.652124 22.615784 22.588186 22.521336 22.476315 22.409161 22.381466 22.348257 22.365452 22.380938 22.441992 22.489710 22.567242 22.614883 22.677395 22.699507 22.730083 22.721251 22.725748 22.704601 22.712254 22.718082 22.773241 22.851292 22.992180 23.168171 23.403185 23.668934 23.976254 24.301971 24.648069 25.000000 
25.000000 24.843935 24.682365 24.518017 24.337925 24.153568 23.945765 23.735258 23.498529 23.266296 23.013094 22.780193 22.541870 22.348526 22.171728 22.063927 21.984646 21.978014 21.985594 22.044756 22.087454 22.154428 22.177801 22.207161 22.179428 22.153585 22.073212 22.005493 21.901047 21.832394 21.753519 21.734682 21.722944 21.776236 21.827803 21.925306 21.995316 22.085844 22.125553 22.168917 22.150654 22.132889 22.057842 21.994646 21.893105 21.826902 21.749561 21.732008 21.721050 21.774984 21.826929 21.924742 21.994928 22.085600 22.125387 22.168816 22.150587 22.132851 22.057817 21.994631 21.893095 21.826897 21.749557 21.732006 21.721048 21.774982 21.826929 21.924742 21.994928 22.085600 22.125387 22.168816 22.150587 22.132851 22.057817 21.994631 21.893095 21.826897 21.749557 21.732006 21.721048 21.774982 21.826929 21.924742 21.994928 22.085600 22.125387 22.168816 22.150587 22.132851 22.057817 21.994631 21.893095 21.826897 21.749557 21.732006 21.721048 21.774982 21.826929 21.924742 21.994928 22.085600 22.125387 22.168816 22.150587 22.132851 22.057817 21.994631 21.893095 21.826897 21.749557 21.732006 21.721048 21.774982 21.826929 21.924742 21.994928 22.085600 22.125387 22.168816 22.150587 22.132849 22.057816 21.994629 21.893093 21.826891 21.749552 21.731995 21.721033 21.774960 21.826899 21.924692 21.994867 22.085505 22.125277 22.168640 22.150391 22.132549 22.057493 21.994146 21.892586 21.826159 21.748808 21.730944 21.720003 21.773546 21.825558 21.922913 21.993235 22.083410 22.123423 22.166348 22.148439 22.130238 22.055611 21.992031 21.890961 21.824461 21.747618 21.729856 21.719385 21.773197 21.825592 21.923355 21.993935 22.084616 22.124748 22.168243 22.150345 22.132759 22.058123 21.995253 21.894337 21.828793 21.752602 21.736380 21.727636 21.784193 21.840357 21.943155 22.021141 22.120995 22.174776 22.234604 22.240749 22.251478 22.217705 22.202494 22.168745 22.180761 22.210825 22.315346 22.466501 22.700455 22.983133 23.330515 23.710157 24.126745 24.557596 25.000000 
25.000000 24.817465 24.632786 24.434933 24.231236 24.002800 23.766886 23.498529 23.225676 22.920179 22.622091 22.303886 22.019133 21.742870 21.538731 21.376104 21.312323 21.291710 21.353138 21.419178 21.526299 21.594000 21.669556 21.678144 21.679743 21.607492 21.532578 21.397781 21.284203 21.144457 21.064722 20.998045 21.019392 21.062040 21.178385 21.283932 21.424971 21.516441 21.612324 21.634819 21.648287 21.583967 21.515800 21.385401 21.275549 21.138170 21.060427 20.994978 21.017345 21.060606 21.177448 21.283285 21.424559 21.516161 21.612148 21.634703 21.648216 21.583921 21.515774 21.385384 21.275539 21.138165 21.060423 20.994976 21.017344 21.060604 21.177448 21.283285 21.424559 21.516161 21.612148 21.634703 21.648216 21.583921 21.515774 21.385384 21.275539 21.138165 21.060423 20.994976 21.017344 21.060604 21.177448 21.283285 21.424559 21.516161 21.612148 21.634703 21.648216 21.583921 21.515774 21.385384 21.275539 21.138165 21.060423 20.994976 21.017344 21.060604 21.177448 21.283285 21.424559 21.516161 21.612148 21.634703 21.648216 21.583921 21.515774 21.385384 21.275539 21.138165 21.060423 20.994976 21.017344 21.060604 21.177448 21.283285 21.424559 21.516161 21.612148 21.634703 21.648216 21.583920 21.515772 21.385384 21.275536 21.138161 21.060415 20.994965 21.017328 21.060583 21.177412 21.283241 21.424486 21.516077 21.612015 21.634550 21.647980 21.583662 21.515379 21.384968 21.274921 21.137529 21.059509 20.994062 21.016068 21.059370 21.175768 21.281710 21.422478 21.514273 21.609730 21.632574 21.645576 21.581667 21.513067 21.383141 21.272930 21.136065 21.058058 20.993126 21.015324 21.059072 21.175825 21.282097 21.423347 21.515331 21.611355 21.634254 21.647879 21.583954 21.516045 21.386179 21.276834 21.140381 21.063681 21.000008 21.024475 21.071161 21.192062 21.304317 21.453157 21.556423 21.666096 21.709225 21.746828 21.717890 21.691095 21.620028 21.579472 21.539122 21.573954 21.661467 21.858025 22.129177 22.498381 22.922518 23.407116 23.918322 24.455572 25.000000 
25.000000 24.793135 24.578310 24.357695 24.113880 23.859509 23.569122 23.266296 22.920179 22.566650 22.174154 21.794128 21.400969 21.065094 20.768295 20.589436 20.491646 20.523367 20.601252 20.752518 20.880993 21.025719 21.098324 21.156115 21.120720 21.064064 20.918474 20.768848 20.562031 20.396507 20.233362 20.173380 20.165131 20.274151 20.408077 20.607063 20.769232 20.942629 21.035053 21.109747 21.085789 21.038889 20.899748 20.755610 20.552332 20.389803 20.228539 20.170130 20.162838 20.272644 20.407032 20.606390 20.768772 20.942339 21.034857 21.109627 21.085709 21.038841 20.899717 20.755590 20.552319 20.389795 20.228535 20.170128 20.162836 20.272644 20.407032 20.606390 20.768772 20.942339 21.034857 21.109627 21.085709 21.038841 20.899717 20.755590 20.552319 20.389795 20.228535 20.170128 20.162836 20.272644 20.407032 20.606390 20.768772 20.942339 21.034857 21.109627 21.085709 21.038841 20.899717 20.755590 20.552319 20.389795 20.228535 20.170128 20.162836 20.272644 20.407032 20.606390 20.768772 20.942339 21.034857 21.109627 21.085709 21.038841 20.899717 20.755590 20.552319 20.389795 20.228535 20.170128 20.162836 20.272644 20.407032 20.606390 20.768772 20.942339 21.034857 21.109627 21.085709 21.038841 20.899715 20.755590 20.552319 20.389791 20.228529 20.170116 20.162821 20.272619 20.407000 20.606340 20.768711 20.942240 21.034744 21.109447 21.085510 21.038538 20.899391 20.755100 20.551809 20.389048 20.227779 20.169048 20.161777 20.271173 20.405636 20.604507 20.767040 20.940075 21.032843 21.107077 21.083509 21.036146 20.897463 20.752920 20.550150 20.387308 20.226574 20.167946 20.161163 20.270838 20.405689 20.604990 20.767778 20.941349 21.034229 21.109070 21.085506 21.038813 20.900131 20.756376 20.553829 20.392090 20.232208 20.175428 20.170847 20.283878 20.423426 20.628876 20.800737 20.985426 21.094835 21.189362 21.194744 21.182154 21.092779 21.007048 20.886898 20.822298 20.797375 20.898542 21.105780 21.459845 21.908298 22.454056 23.046692 23.683851 24.336004 25.000000 
25.000000 24.766741 24.529625 24.274010 24.007080 23.704250 23.383797 23.013094 22.622091 22.174154 21.713749 21.208553 20.725521 20.250055 19.879917 19.614195 19.541458 19.590515 19.775986 19.979044 20.219435 20.390638 20.541904 20.582664 20.582956 20.463423 20.308405 20.052931 19.798561 19.505589 19.298836 19.158522 19.193598 19.321245 19.572710 19.822495 20.102266 20.300903 20.475515 20.532261 20.546228 20.435867 20.288692 20.038357 19.788364 19.498190 19.293797 19.154947 19.191231 19.319599 19.571644 19.821760 20.101799 20.300585 20.475315 20.532129 20.546148 20.435814 20.288660 20.038336 19.788351 19.498180 19.293793 19.154945 19.191231 19.319599 19.571644 19.821760 20.101799 20.300585 20.475315 20.532129 20.546148 20.435814 20.288660 20.038336 19.788351 19.498180 19.293793 19.154945 19.191231 19.319599 19.571644 19.821760 20.101799 20.300585 20.475315 20.532129 20.546148 20.435814 20.288660 20.038336 19.788351 19.498180 19.293793 19.154945 19.191231 19.319599 19.571644 19.821760 20.101799 20.300585 20.475315 20.532129 20.546148 20.435814 20.288660 20.038336 19.788351 19.498180 19.293793 19.154945 19.191231 19.319599 19.571644 19.821760 20.101799 20.300585 20.475315 20.532129 20.546148 20.435814 20.288658 20.038336 19.788349 19.498178 19.293787 19.154936 19.191216 19.319576 19.571609 19.821718 20.101730 20.300507 20.475187 20.531984 20.545923 20.435568 20.288286 20.037945 19.787767 19.497585 19.292929 19.154085 19.190010 19.318420 19.570017 19.820246 20.099773 20.298761 20.472956 20.530071 20.543571 20.433640 20.286030 20.036184 19.785837 19.496185 19.291536 19.153204 19.189318 19.318159 19.570108 19.820646 20.100655 20.299812 20.474577 20.531736 20.545872 20.435925 20.289030 20.039274 19.789854 19.500723 19.297543 19.160772 19.199556 19.331993 19.588863 19.846552 20.135471 20.347855 20.538445 20.618980 20.660627 20.590717 20.490818 20.308443 20.138771 19.962620 19.894701 19.945751 20.206709 20.632378 21.220909 21.895422 22.641747 23.412384 24.204590 25.000000 
25.000000 24.744202 24.477728 24.201637 23.893757 23.566614 23.187557 22.780193 22.303886 21.794128 21.208553 20.600811 19.943449 19.329687 18.779699 18.445965 18.351423 18.521252 18.801609 19.168240 19.482677 19.775496 19.942476 20.049681 20.007504 19.898268 19.642416 19.335911 18.922228 18.528446 18.151712 17.968269 17.984093 18.244522 18.588589 19.007936 19.359184 19.683203 19.871790 19.997555 19.968012 19.869658 19.621050 19.320763 18.911127 18.520792 18.146250 17.964632 17.981562 18.242876 18.587456 19.007210 19.358686 19.682886 19.871574 19.997423 19.967924 19.869604 19.621014 19.320742 18.911112 18.520784 18.146246 17.964630 17.981562 18.242876 18.587456 19.007210 19.358686 19.682886 19.871574 19.997423 19.967924 19.869604 19.621014 19.320742 18.911112 18.520784 18.146246 17.964630 17.981562 18.242876 18.587456 19.007210 19.358686 19.682886 19.871574 19.997423 19.967924 19.869604 19.621014 19.320742 18.911114 18.520784 18.146246 17.964630 17.981562 18.242876 18.587456 19.007210 19.358686 19.682886 19.871574 19.997423 19.967924 19.869604 19.621014 19.320742 18.911114 18.520784 18.146246 17.964630 17.981562 18.242876 18.587456 19.007210 19.358686 19.682886 19.871574 19.997423 19.967924 19.869604 19.621014 19.320740 18.911112 18.520781 18.146242 17.964621 17.981548 18.242855 18.587427 19.007164 19.358633 19.682800 19.871475 19.997263 19.967747 19.869331 19.620726 19.320305 18.910666 18.520124 18.145586 17.963675 17.980623 18.241547 18.586197 19.005478 19.357107 19.680792 19.869730 19.995058 19.965910 19.867111 19.618961 19.318291 18.909159 18.518538 18.144508 17.962696 17.980097 18.241283 18.586281 19.005968 19.357815 19.682013 19.871038 19.996954 19.967800 19.869658 19.621517 19.321632 18.912762 18.523281 18.150253 17.970490 17.990549 18.255640 18.606203 19.032982 19.395279 19.732059 19.939701 20.087479 20.090256 20.029266 19.834534 19.597136 19.277349 18.994707 18.774370 18.783052 19.066113 19.642048 20.391855 21.264975 22.178324 23.119350 24.058409 25.000000 
25.000000 24.720575 24.435444 24.126335 23.799698 23.424932 23.019627 22.541870 22.019133 21.400969 20.725521 19.943449 19.117775 18.239317 17.463230 16.924328 16.897017 17.212986 17.740959 18.264265 18.767538 19.127119 19.402821 19.499266 19.499109 19.311850 19.027082 18.563267 18.025995 17.380236 16.811300 16.430872 16.529982 16.932446 17.529188 18.100052 18.643332 19.030924 19.330883 19.444128 19.458603 19.281254 19.005085 18.546955 18.014585 17.372009 16.805780 16.427055 16.527510 16.930752 17.528093 18.099298 18.642849 19.030592 19.330675 19.443987 19.458517 19.281197 19.005049 18.546932 18.014572 17.372002 16.805777 16.427052 16.527508 16.930750 17.528093 18.099298 18.642849 19.030592 19.330675 19.443987 19.458517 19.281197 19.005049 18.546932 18.014572 17.372002 16.805777 16.427052 16.527508 16.930750 17.528093 18.099300 18.642849 19.030592 19.330675 19.443987 19.458517 19.281197 19.005051 18.546932 18.014574 17.372002 16.805777 16.427052 16.527508 16.930752 17.528095 18.099300 18.642849 19.030592 19.330675 19.443987 19.458517 19.281197 19.005051 18.546932 18.014574 17.372002 16.805777 16.427052 16.527508 16.930752 17.528095 18.099300 18.642849 19.030592 19.330675 19.443987 19.458517 19.281197 19.005049 18.546930 18.014570 17.371998 16.805771 16.427046 16.527496 16.930733 17.528067 18.099264 18.642792 19.030525 19.330564 19.443865 19.458324 19.280991 19.004736 18.546608 18.014091 17.371519 16.805071 16.426355 16.526493 16.929766 17.526693 18.097998 18.641069 19.029007 19.328587 19.442192 19.456242 19.279308 19.002745 18.545084 18.012407 17.370327 16.803894 16.425636 16.525949 16.929586 17.526831 18.098389 18.641899 19.029964 19.330070 19.443699 19.458340 19.281387 19.005497 18.547932 18.016129 17.374590 16.809612 16.433121 16.536463 16.944397 17.547306 18.127089 18.680588 19.083393 19.400808 19.539780 19.583647 19.448692 19.220913 18.831406 18.378782 17.850151 17.425018 17.256538 17.632643 18.410803 19.439486 20.548368 21.687225 22.804668 23.909697 25.000000 
25.000000 24.702656 24.392187 24.068563 23.705137 23.313791 22.854418 22.348526 21.742870 21.065094 20.250055 19.329687 18.239317 17.046572 15.800669 14.891101 14.979757 15.692719 16.544479 17.380325 18.035870 18.562624 18.869200 19.045448 18.999748 18.822939 18.416117 17.864075 17.074333 16.155201 15.132319 14.413935 14.625274 15.426093 16.335863 17.219753 17.909393 18.466276 18.794228 18.989468 18.956909 18.791670 18.392637 17.847385 17.062126 16.146877 15.126552 14.410295 14.622834 15.424524 16.334774 17.219044 17.908899 18.465958 18.794008 18.989328 18.956814 18.791613 18.392597 17.847363 17.062111 16.146870 15.126547 14.410293 14.622832 15.424523 16.334774 17.219044 17.908899 18.465958 18.794008 18.989328 18.956814 18.791613 18.392597 17.847363 17.062111 16.146870 15.126547 14.410293 14.622832 15.424523 16.334776 17.219046 17.908899 18.465960 18.794010 18.989330 18.956816 18.791615 18.392599 17.847364 17.062113 16.146872 15.126548 14.410294 14.622833 15.424524 16.334776 17.219046 17.908901 18.465960 18.794010 18.989330 18.956816 18.791615 18.392601 17.847364 17.062113 16.146872 15.126548 14.410294 14.622833 15.424524 16.334776 17.219046 17.908901 18.465960 18.794010 18.989328 18.956816 18.791613 18.392597 17.847361 17.062109 16.146866 15.126543 14.410286 14.622824 15.424507 16.334753 17.219007 17.908855 18.465887 18.793928 18.989199 18.956675 18.791395 18.392372 17.847023 17.061773 16.146376 15.126066 14.409592 14.622130 15.423474 16.333769 17.217611 17.907598 18.464193 18.792475 18.987329 18.955143 18.789516 18.390909 17.845335 17.060545 16.145086 15.125230 14.408860 14.621767 15.423336 16.333893 17.218088 17.908234 18.465281 18.793617 18.988997 18.956795 18.791758 18.393162 17.848282 17.063719 16.149227 15.130274 14.415857 14.631967 15.438148 16.355261 17.247467 17.949306 18.520105 18.868620 19.087177 19.088366 18.960941 18.615063 18.128788 17.424759 16.602093 15.716311 15.185439 15.720705 16.929033 18.350796 19.801786 21.182207 22.502399 23.763577 25.000000 
25.000000 24.684561 24.362082 24.011375 23.638498 23.207657 22.735727 22.171728 21.538731 20.768295 19.879917 18.779699 17.463230 15.800669 13.801771 11.754847 12.438193 13.906123 15.363914 16.521132 17.432987 18.042562 18.465908 18.627533 18.631496 18.377663 17.950373 17.225971 16.252062 14.876852 13.148843 11.330378 12.131085 13.661255 15.168417 16.362026 17.308212 17.943319 18.390285 18.568758 18.587893 18.344482 17.926405 17.208164 16.239653 14.868057 13.143251 11.327018 12.129007 13.659801 15.167438 16.361322 17.307745 17.942987 18.390072 18.568609 18.587799 18.344419 17.926367 17.208139 16.239637 14.868048 13.143247 11.327015 12.129005 13.659800 15.167438 16.361322 17.307745 17.942987 18.390072 18.568609 18.587799 18.344419 17.926367 17.208139 16.239637 14.868048 13.143247 11.327015 12.129006 13.659801 15.167438 16.361322 17.307745 17.942989 18.390076 18.568613 18.587803 18.344421 17.926369 17.208141 16.239641 14.868051 13.143249 11.327016 12.129007 13.659802 15.167440 16.361326 17.307747 17.942991 18.390076 18.568613 18.587803 18.344423 17.926371 17.208143 16.239641 14.868051 13.143249 11.327016 12.129007 13.659801 15.167439 16.361324 17.307747 17.942989 18.390074 18.568611 18.587799 18.344419 17.926367 17.208139 16.239635 14.868047 13.143244 11.327011 12.128998 13.659787 15.167416 16.361294 17.307699 17.942936 18.389988 18.568518 18.587652 18.344267 17.926134 17.207907 16.239298 14.867728 13.142801 11.326605 12.128334 13.659100 15.166368 16.360317 17.306322 17.941732 18.388384 18.567184 18.585960 18.342928 17.924524 17.206711 16.237970 14.866832 13.141951 11.326151 12.128028 13.659041 15.166564 16.360683 17.307055 17.942547 18.389650 18.568455 18.587749 18.344700 17.926886 17.209148 16.241100 14.870299 13.146322 11.331696 12.137361 13.673892 15.188109 16.391645 17.349056 18.000698 18.466381 18.672136 18.721687 18.521194 18.149605 17.493803 16.589369 15.297979 13.652696 11.964771 13.135706 15.170996 17.232880 19.080215 20.737413 22.234894 23.642208 25.000000 
25.000000 24.673502 24.332375 23.976355 23.575649 23.142607 22.631645 22.063927 21.376104 20.589436 19.614195 18.445965 16.924328 14.891101 11.754847 5.888321 9.010730 12.129666 14.341171 15.907303 16.959049 17.708729 18.133478 18.367277 18.324392 18.105839 17.590870 16.837374 15.659276 13.951301 11.120268 5.627649 8.783388 11.919425 14.153670 15.751724 16.830919 17.608500 18.054131 18.307383 18.278202 18.071959 17.565342 16.819212 15.646040 13.942446 11.114628 5.625516 8.781832 11.918234 14.152733 15.751062 16.830433 17.608177 18.053904 18.307236 18.278101 18.071896 17.565300 16.819187 15.646024 13.942436 11.114623 5.625514 8.781831 11.918233 14.152733 15.751062 16.830433 17.608177 18.053904 18.307238 18.278101 18.071896 17.565300 16.819189 15.646025 13.942437 11.114623 5.625515 8.781832 11.918235 14.152735 15.751064 16.830435 17.608179 18.053907 18.307241 18.278107 18.071899 17.565304 16.819193 15.646029 13.942441 11.114627 5.625515 8.781835 11.918238 14.152739 15.751068 16.830441 17.608183 18.053911 18.307243 18.278109 18.071903 17.565308 16.819193 15.646029 13.942442 11.114627 5.625515 8.781833 11.918236 14.152736 15.751065 16.830437 17.608179 18.053905 18.307238 18.278103 18.071896 17.565302 16.819187 15.646025 13.942435 11.114622 5.625513 8.781826 11.918221 14.152717 15.751035 16.830400 17.608124 18.053844 18.307140 18.278002 18.071739 17.565144 16.818954 15.645806 13.942137 11.114385 5.625314 8.781479 11.917549 14.152025 15.749986 16.829458 17.606810 18.052736 18.305679 18.276831 18.070274 17.564034 16.817657 15.644900 13.941200 11.113849 5.625003 8.781351 11.917567 14.152193 15.750428 16.829996 17.607719 18.053675 18.307064 18.278204 18.072161 17.565952 16.820164 15.647576 13.944453 11.117110 5.627197 8.789190 11.931930 14.174605 15.781941 16.874525 17.667246 18.135117 18.413292 18.419821 18.252541 17.799118 17.107452 16.000792 14.347758 11.535517 5.885243 9.624239 13.386362 16.277048 18.548782 20.416679 22.057552 23.557772 25.000000 
25.000000 24.662401 24.317556 23.942768 23.545134 23.086008 22.584318 21.984646 21.312323 20.491646 19.541458 18.351423 16.897017 14.979757 12.438193 9.010730 5.586738 11.143996 13.963801 15.642890 16.787176 17.507994 17.991999 18.179369 18.192953 17.926033 17.469894 16.682327 15.596369 13.991239 11.753281 8.612555 5.455392 10.944679 13.775115 15.479185 16.655237 17.401592 17.910357 18.115643 18.145573 17.889919 17.443790 16.662920 15.582850 13.981682 11.747299 8.609303 5.454571 10.943554 13.774198 15.478472 16.654747 17.401239 17.910126 18.115482 18.145472 17.889851 17.443748 16.662893 15.582833 13.981671 11.747293 8.609300 5.454570 10.943553 13.774197 15.478471 16.654747 17.401239 17.910128 18.115484 18.145473 17.889853 17.443748 16.662893 15.582835 13.981673 11.747295 8.609302 5.454572 10.943557 13.774200 15.478476 16.654753 17.401245 17.910133 18.115490 18.145479 17.889860 17.443756 16.662901 15.582842 13.981681 11.747302 8.609307 5.454576 10.943563 13.774207 15.478484 16.654760 17.401253 17.910139 18.115496 18.145485 17.889864 17.443758 16.662903 15.582843 13.981681 11.747301 8.609305 5.454574 10.943559 13.774202 15.478477 16.654753 17.401243 17.910130 18.115486 18.145473 17.889854 17.443748 16.662895 15.582833 13.981672 11.747293 8.609299 5.454566 10.943545 13.774181 15.478452 16.654715 17.401201 17.910067 18.115417 18.145369 17.889750 17.443588 16.662743 15.582614 13.981483 11.747047 8.609125 5.454362 10.943146 13.773458 15.477765 16.653696 17.400328 17.908861 18.114443 18.144094 17.888769 17.442387 16.661879 15.581645 13.980865 11.746486 8.608895 5.454360 10.943200 13.773686 15.478086 16.654306 17.400982 17.909887 18.115473 18.145571 17.890268 17.444416 16.664061 15.584474 13.984092 11.750411 8.613445 5.460253 10.957854 13.796429 15.511482 16.699854 17.464314 17.993542 18.228659 18.291758 18.082827 17.686876 16.972715 15.958590 14.434266 12.256370 9.163230 6.089645 12.421070 15.940170 18.375656 20.322971 21.995396 23.531328 25.000000 
25.000000 24.658546 24.302275 23.932030 23.516884 23.071972 22.550192 21.978014 21.291710 20.523367 19.590515 18.521252 17.212986 15.692719 13.906123 12.129666 11.143996 12.895780 14.576604 15.913280 16.849771 17.544067 17.938311 18.165243 18.126625 17.935442 17.470999 16.825668 15.864295 14.664003 13.145679 11.613896 10.807024 12.628786 14.354106 15.734662 16.705263 17.432274 17.850435 18.099258 18.075924 17.898357 17.443100 16.805828 15.849778 14.654132 13.138915 11.609823 10.804654 12.627214 14.352955 15.733879 16.704700 17.431906 17.850176 18.099092 18.075811 17.898289 17.443054 16.805801 15.849761 14.654122 13.138909 11.609820 10.804652 12.627213 14.352954 15.733878 16.704700 17.431906 17.850178 18.099094 18.075813 17.898291 17.443056 16.805803 15.849764 14.654125 13.138913 11.609825 10.804658 12.627219 14.352961 15.733886 16.704710 17.431915 17.850189 18.099106 18.075825 17.898302 17.443069 16.805815 15.849776 14.654138 13.138926 11.609836 10.804669 12.627231 14.352974 15.733899 16.704723 17.431927 17.850201 18.099115 18.075834 17.898310 17.443075 16.805819 15.849779 14.654138 13.138924 11.609833 10.804664 12.627223 14.352963 15.733887 16.704708 17.431911 17.850183 18.099098 18.075817 17.898293 17.443058 16.805803 15.849763 14.654122 13.138909 11.609818 10.804649 12.627206 14.352943 15.733859 16.704678 17.431868 17.850138 18.099028 18.075747 17.898182 17.442955 16.805645 15.849623 14.653917 13.138739 11.609571 10.804420 12.626747 14.352479 15.733116 16.704025 17.430920 17.849361 18.097967 18.074923 17.897123 17.442177 16.804716 15.848996 14.653255 13.138368 11.609292 10.804358 12.626806 14.352637 15.733485 16.704451 17.431643 17.850101 18.099083 18.076059 17.898724 17.443907 16.807060 15.851770 14.656953 13.143170 11.615891 10.814307 12.642795 14.377097 15.767698 16.752943 17.496611 17.939390 18.216042 18.232954 18.100130 17.707396 17.137939 16.273006 15.174348 13.789865 12.421662 11.906323 14.268102 16.633350 18.690699 20.465437 22.069733 23.558336 25.000000 
25.000000 24.653624 24.300964 23.919327 23.518400 23.059355 22.566465 21.985594 21.353138 20.601252 19.775986 18.801609 17.740959 16.544479 15.363914 14.341171 13.963801 14.576604 15.533554 16.399523 17.154558 17.669798 18.051931 18.193521 18.212864 17.994114 17.652987 17.072260 16.371140 15.466755 14.551532 13.737833 13.530020 14.244060 15.277861 16.197010 16.998877 17.547663 17.959852 18.122496 18.160503 17.954441 17.624424 17.051050 16.356304 15.456067 14.544406 13.732995 13.527007 14.242009 15.276526 16.196075 16.998270 17.547239 17.959581 18.122311 18.160389 17.954365 17.624378 17.051020 16.356287 15.456057 14.544400 13.732992 13.527005 14.242008 15.276526 16.196075 16.998270 17.547239 17.959583 18.122314 18.160391 17.954369 17.624382 17.051023 16.356291 15.456061 14.544406 13.733000 13.527014 14.242019 15.276537 16.196089 16.998285 17.547258 17.959600 18.122335 18.160412 17.954391 17.624401 17.051046 16.356312 15.456084 14.544427 13.733022 13.527034 14.242042 15.276559 16.196112 16.998306 17.547279 17.959620 18.122353 18.160425 17.954405 17.624411 17.051054 16.356316 15.456084 14.544424 13.733015 13.527024 14.242027 15.276541 16.196091 16.998283 17.547253 17.959593 18.122324 18.160397 17.954374 17.624384 17.051025 16.356291 15.456059 14.544401 13.732992 13.527002 14.242003 15.276516 16.196062 16.998247 17.547215 17.959541 18.122271 18.160320 17.954302 17.624273 17.050924 16.356134 15.455926 14.544194 13.732812 13.526694 14.241702 15.275999 16.195601 16.997536 17.546627 17.958698 18.121613 18.159428 17.953640 17.623434 17.050343 16.355461 15.455509 14.543786 13.732621 13.526597 14.241733 15.276177 16.195850 16.998011 17.547131 17.959503 18.122440 18.160646 17.954958 17.625286 17.052546 16.358505 15.459517 14.549379 13.740672 13.538269 14.259504 15.301456 16.232336 17.047604 17.616344 18.051361 18.247665 18.323881 18.172800 17.904636 17.418087 16.821150 16.057386 15.307083 14.733470 14.845886 16.043823 17.634430 19.234856 20.778345 22.230602 23.632282 25.000000 
25.000000 24.654982 24.295980 23.925911 23.514290 23.080584 22.579035 22.044756 21.419178 20.752518 19.979044 19.168240 18.264265 17.380325 16.521132 15.907303 15.642890 15.913280 16.399523 16.996700 17.488941 17.928635 18.178284 18.344049 18.302610 18.175161 17.843685 17.439241 16.864073 16.280346 15.659527 15.255884 15.146260 15.539570 16.109755 16.776638 17.317663 17.799644 18.078798 18.270370 18.246569 18.134481 17.813236 17.417641 16.848223 16.269426 15.651750 15.250745 15.142728 15.537290 16.108183 16.775625 17.316963 17.799198 18.078493 18.270182 18.246441 18.134405 17.813187 17.417610 16.848204 16.269417 15.651743 15.250742 15.142726 15.537289 16.108183 16.775625 17.316965 17.799200 18.078497 18.270185 18.246447 18.134411 17.813192 17.417618 16.848211 16.269424 15.651754 15.250754 15.142741 15.537305 16.108204 16.775648 17.316992 17.799227 18.078529 18.270216 18.246481 18.134443 17.813231 17.417652 16.848249 16.269461 15.651792 15.250789 15.142778 15.537340 16.108242 16.775684 17.317028 17.799261 18.078560 18.270245 18.246508 18.134464 17.813248 17.417664 16.848257 16.269461 15.651786 15.250778 15.142761 15.537317 16.108212 16.775650 17.316988 17.799219 18.078514 18.270199 18.246458 18.134418 17.813200 17.417622 16.848213 16.269423 15.651749 15.250744 15.142727 15.537285 16.108177 16.775614 17.316952 17.799175 18.078470 18.270140 18.246403 18.134336 17.813126 17.417507 16.848114 16.269264 15.651613 15.250519 15.142525 15.536932 16.107864 16.775103 17.316526 17.798532 18.077967 18.269421 18.245867 18.133619 17.812622 17.416878 16.847706 16.268810 15.651361 15.250300 15.142457 15.536961 16.107979 16.775379 17.316845 17.799084 18.078543 18.270311 18.246830 18.135021 17.814281 17.419233 16.850798 16.273176 15.657554 15.259118 15.155485 15.555482 16.135008 16.812572 17.369495 17.869793 18.176327 18.399372 18.421766 18.362553 18.117229 17.808622 17.362238 16.926964 16.512808 16.359249 16.603867 17.426876 18.553341 19.835945 21.135860 22.442047 23.724049 25.000000 
