25.000000 25.000000 25.000000 25.000000 25.000000 25.000000 25.000000 25.000000 25.000000 25.000000 25.000000 25.000000 25.000000 25.000000 25.000000 25.000000 25.000000 25.000000 25.000000 25.000000 25.000000 25.000000 25.000000 25.000000 25.000000 25.000000 25.000000 25.000000 25.000000 25.000000 25.000000 25.000000 25.000000 25.000000 25.000000 25.000000 25.000000 25.000000 25.000000 25.000000 25.000000 25.000000 25.000000 25.000000 25.000000 25.000000 25.000000 25.000000 25.000000 25.000000 25.000000 25.000000 25.000000 25.000000 25.000000 25.000000 25.000000 25.000000 25.000000 25.000000 25.000000 25.000000 25.000000 25.000000 25.000000 25.000000 25.000000 25.000000 25.000000 25.000000 25.000000 25.000000 25.000000 25.000000 25.000000 25.000000 25.000000 25.000000 25.000000 25.000000 25.000000 25.000000 25.000000 25.000000 25.000000 25.000000 25.000000 25.000000 25.000000 25.000000 25.000000 25.000000 25.000000 25.000000 25.000000 25.000000 25.000000 25.000000 25.000000 25.000000 25.000000 25.000000 25.000000 25.000000 25.000000 25.000000 25.000000 25.000000 25.000000 25.000000 25.000000 25.000000 25.000000 25.000000 25.000000 25.000000 25.000000 25.000000 25.000000 25.000000 25.000000 25.000000 25.000000 25.000000 25.000000 25.000000 25.000000 25.000000 25.000000 25.000000 25.000000 25.000000 25.000000 25.000000 25.000000 25.000000 25.000000 25.000000 25.000000 25.000000 25.000000 25.000000 25.000000 25.000000 25.000000 25.000000 25.000000 25.000000 25.000000 25.000000 25.000000 25.000000 25.000000 25.000000 25.000000 25.000000 25.000000 25.000000 25.000000 25.000000 25.000000 25.000000 25.000000 25.000000 25.000000 25.000000 25.000000 25.000000 25.000000 25.000000 25.000000 25.000000 25.000000 25.000000 25.000000 25.000000 25.000000 25.000000 25.000000 25.000000 25.000000 25.000000 25.000000 25.000000 25.000000 25.000000 25.000000 25.000000 25.000000 25.000000 25.000000 25.000000 25.000000 25.000000 25.000000 25.000000 25.000000 25.000000 25.000000 25.000000 
25.000000 25.012875 25.025850 25.038637 25.051737 25.064449 25.077692 25.090347 25.103750 25.116360 25.129938 25.142519 25.156290 25.168856 25.182829 25.195389 25.209579 25.222145 25.236563 25.249140 25.263790 25.276384 25.291279 25.303894 25.319031 25.331669 25.347052 25.359709 25.375336 25.388008 25.403873 25.416557 25.432653 25.445335 25.461653 25.474321 25.490845 25.503485 25.520197 25.532791 25.549675 25.562201 25.579231 25.591665 25.608820 25.621134 25.638382 25.650551 25.667862 25.679853 25.697191 25.708973 25.726303 25.737841 25.755125 25.766380 25.783577 25.794516 25.811583 25.822163 25.839056 25.849237 25.865913 25.875660 25.892071 25.901339 25.917439 25.926189 25.941931 25.950123 25.965462 25.973057 25.987944 25.994904 26.009295 26.015583 26.029430 26.035013 26.048277 26.053120 26.065756 26.069828 26.081799 26.085073 26.096338 26.098789 26.109316 26.110922 26.120676 26.121416 26.130371 26.130232 26.138359 26.137327 26.144606 26.142673 26.149084 26.146248 26.151773 26.148033 26.152664 26.148022 26.151751 26.146214 26.149036 26.142616 26.144535 26.137245 26.138264 26.130123 26.130247 26.121281 26.120523 26.110756 26.109133 26.098593 26.096123 26.084839 26.081545 26.069555 26.065460 26.052805 26.047937 26.034651 26.029041 26.015167 26.008848 25.994431 25.987436 25.972519 25.964886 25.949512 25.941280 25.925501 25.916704 25.900562 25.891245 25.874788 25.864986 25.848259 25.838017 25.821066 25.810419 25.793291 25.782278 25.765017 25.753677 25.736322 25.724695 25.707287 25.695406 25.677982 25.665882 25.648481 25.636194 25.618847 25.606403 25.589142 25.576571 25.559422 25.546747 25.529737 25.516983 25.500134 25.487322 25.470652 25.457798 25.441326 25.428446 25.412184 25.399290 25.383247 25.370348 25.354534 25.341637 25.326056 25.313164 25.297815 25.284931 25.269815 25.256937 25.242052 25.229176 25.214514 25.201633 25.187189 25.174299 25.160059 25.147148 25.133102 25.120159 25.106297 25.093309 25.079613 25.066570 25.053022 25.039909 25.026497 25.013296 25.000000 
25.000000 25.025850 25.051510 25.077587 25.103085 25.129431 25.154797 25.181444 25.206707 25.233692 25.258883 25.286232 25.311378 25.339127 25.364252 25.392420 25.417545 25.446157 25.471300 25.500374 25.525547 25.555096 25.580309 25.610344 25.635601 25.666126 25.691425 25.722441 25.747778 25.779276 25.804638 25.836609 25.861979 25.894402 25.919760 25.952610 25.977926 26.011173 26.036415 26.070024 26.095152 26.129080 26.154047 26.188246 26.213005 26.247421 26.271915 26.306488 26.330660 26.365324 26.389109 26.423794 26.447124 26.481754 26.504560 26.539057 26.561264 26.595543 26.617073 26.651052 26.671827 26.705414 26.725353 26.758459 26.777483 26.810013 26.828043 26.859903 26.876858 26.907955 26.923754 26.953997 26.968563 26.997858 27.011116 27.039370 27.051250 27.078379 27.088814 27.114727 27.123652 27.148272 27.155626 27.178875 27.184607 27.206411 27.210474 27.230764 27.233116 27.251835 27.252439 27.269529 27.268360 27.283773 27.280811 27.294506 27.289738 27.301680 27.295101 27.305264 27.296877 27.305241 27.295055 27.301611 27.289646 27.294390 27.280672 27.283609 27.268171 27.269312 27.252195 27.251560 27.232815 27.230431 27.210110 27.206013 27.184177 27.178406 27.155121 27.147724 27.123064 27.114094 27.088137 27.077650 27.050474 27.038536 27.010229 26.996904 26.967552 26.952915 26.922607 26.906733 26.875561 26.858521 26.826582 26.808455 26.775839 26.756706 26.723505 26.703449 26.669756 26.648851 26.614758 26.593084 26.558678 26.536314 26.501680 26.478701 26.443922 26.420401 26.385553 26.361563 26.326721 26.302324 26.267559 26.242821 26.208197 26.183172 26.148748 26.123495 26.089321 26.063887 26.030014 26.004440 25.970911 25.945238 25.912086 25.886347 25.853601 25.827824 25.795509 25.769711 25.737846 25.712046 25.680643 25.654850 25.623913 25.598135 25.567665 25.541899 25.511894 25.486137 25.456585 25.430828 25.401716 25.375948 25.347258 25.321457 25.293167 25.267315 25.239403 25.213476 25.185911 25.159883 25.132637 25.106482 25.079519 25.053207 25.026497 25.000000 
25.000000 25.038637 25.077587 25.115959 25.155281 25.193432 25.233183 25.271158 25.311390 25.349234 25.389994 25.427748 25.469080 25.506788 25.548735 25.586426 25.629023 25.666727 25.710003 25.747746 25.791725 25.829521 25.874224 25.912083 25.957520 25.995445 26.041615 26.079603 26.126505 26.164539 26.212160 26.250221 26.298534 26.336594 26.385569 26.423588 26.473183 26.511116 26.561281 26.599075 26.649752 26.687340 26.738461 26.775774 26.827261 26.864222 26.915989 26.952511 27.004463 27.040453 27.092491 27.127851 27.179867 27.214491 27.266365 27.300148 27.351761 27.384584 27.435810 27.467562 27.518267 27.548824 27.598875 27.628120 27.677378 27.705191 27.753515 27.779774 27.827024 27.851608 27.897644 27.920437 27.965118 27.986006 28.029198 28.048069 28.089634 28.106386 28.146194 28.160728 28.198654 28.210878 28.246801 28.256630 28.290442 28.297798 28.329388 28.334208 28.363483 28.365705 28.392580 28.392160 28.416553 28.413458 28.435301 28.429504 28.448742 28.440229 28.456816 28.445587 28.459490 28.445553 28.456747 28.440126 28.448603 28.429331 28.435091 28.413212 28.416265 28.391838 28.392212 28.365299 28.363029 28.333710 28.328840 28.297203 28.289791 28.255930 28.246040 28.210060 28.197769 28.159782 28.145174 28.105297 28.088463 28.046824 28.027859 27.984587 27.963596 27.918823 27.895918 27.849779 27.825071 27.777708 27.751312 27.702864 27.674898 27.625505 27.596090 27.545889 27.515144 27.464273 27.432318 27.380913 27.347862 27.296051 27.262022 27.209934 27.175037 27.122787 27.087132 27.034836 26.998526 26.946293 26.909420 26.857351 26.820011 26.768198 26.730473 26.678999 26.640965 26.589907 26.551634 26.501060 26.462610 26.412579 26.374004 26.324562 26.285910 26.237097 26.198400 26.150249 26.111540 26.064072 26.025368 25.978596 25.939909 25.893841 25.855173 25.809805 25.771156 25.726475 25.687834 25.643824 25.605173 25.561811 25.523130 25.480385 25.441643 25.399481 25.360643 25.319025 25.280058 25.238939 25.199800 25.159136 25.119781 25.079521 25.039909 25.000000 
25.000000 25.051737 25.103085 25.155281 25.206306 25.259037 25.309797 25.363132 25.413689 25.467697 25.518108 25.572853 25.623171 25.678709 25.728987 25.785366 25.835642 25.892912 25.943222 26.001415 26.051788 26.110933 26.161385 26.221502 26.272041 26.333139 26.383766 26.445843 26.496544 26.559587 26.610340 26.674326 26.725096 26.789986 26.840731 26.906477 26.957140 27.023682 27.074194 27.141460 27.191742 27.259647 27.309612 27.378057 27.427607 27.496483 27.545504 27.614693 27.663067 27.732439 27.780041 27.849453 27.896145 27.965450 28.011089 28.080128 28.124569 28.193174 28.236259 28.304260 28.345837 28.413054 28.452959 28.519211 28.557285 28.622387 28.658466 28.722231 28.756157 28.818396 28.850012 28.910536 28.939686 28.998310 29.024845 29.081390 29.105167 29.159456 29.180340 29.232199 29.250061 29.299330 29.314051 29.360575 29.372049 29.415682 29.423813 29.464420 29.469126 29.506586 29.507797 29.541998 29.539660 29.570505 29.564577 29.591982 29.582441 29.606339 29.593174 29.613510 29.596727 29.613464 29.593082 29.606201 29.582258 29.591749 29.564299 29.570173 29.539282 29.541561 29.507311 29.506039 29.468525 29.463753 29.423086 29.414885 29.371185 29.359634 29.313040 29.298233 29.248886 29.230930 29.178984 29.157997 29.103613 29.079721 29.023069 28.996407 28.937664 28.908371 28.847719 28.815945 28.753565 28.719463 28.655542 28.619268 28.553993 28.515705 28.449261 28.409121 28.341692 28.299856 28.231625 28.188251 28.119392 28.074638 28.005325 27.959341 27.889734 27.842665 27.772923 27.724913 27.655182 27.606361 27.536781 27.487276 27.417978 27.367905 27.299006 27.248470 27.180077 27.129177 27.061384 27.010208 26.943102 26.891727 26.825375 26.773867 26.708330 26.656742 26.592068 26.540443 26.476667 26.425037 26.362185 26.310572 26.248652 26.197065 26.136082 26.084522 26.024466 25.972923 25.913774 25.862234 25.803965 25.752398 25.694973 25.643345 25.586721 25.534990 25.479120 25.427240 25.372065 25.319983 25.265446 25.213106 25.159140 25.106487 25.053026 25.000000 
25.000000 25.064449 25.129431 25.193432 25.259037 25.322670 25.388988 25.452330 25.519445 25.582569 25.650568 25.713545 25.782499 25.845392 25.915371 25.978239 26.049301 26.112192 26.184389 26.247339 26.320711 26.383753 26.458328 26.521475 26.597275 26.660534 26.737558 26.800920 26.879164 26.942604 27.022043 27.085531 27.166124 27.229609 27.311306 27.374725 27.457458 27.520733 27.604418 27.667458 27.751995 27.814693 27.899971 27.962212 28.048098 28.109751 28.196104 28.257023 28.343689 28.403721 28.490528 28.549509 28.636274 28.694031 28.780561 28.836912 28.923008 28.977762 29.063210 29.116173 29.200752 29.251728 29.335215 29.384001 29.466164 29.512558 29.593166 29.636967 29.715782 29.756794 29.833582 29.871605 29.946135 29.980980 30.053020 30.084505 30.153833 30.181784 30.248178 30.272429 30.335686 30.356081 30.415998 30.432398 30.488791 30.501068 30.553759 30.561802 30.610630 30.614344 30.659166 30.658472 30.699156 30.693996 30.730427 30.720762 30.752848 30.738653 30.766315 30.747591 30.770773 30.747534 30.766201 30.738482 30.752615 30.720472 30.730074 30.693584 30.698675 30.657932 30.658550 30.613665 30.609873 30.560972 30.552845 30.500076 30.487707 30.431229 30.414728 30.354715 30.334209 30.270849 30.246477 30.179966 30.151880 30.082426 30.050789 29.978609 29.943594 29.868914 29.830702 29.753744 29.712524 29.633522 29.589489 29.508677 29.462027 29.379635 29.330568 29.246830 29.195545 29.110689 29.057384 28.971636 28.916506 28.830080 28.773317 28.686426 28.628218 28.541059 28.481585 28.394350 28.333780 28.246651 28.185146 28.098288 28.036003 27.949570 27.886642 27.800777 27.737337 27.652164 27.588326 27.503960 27.439825 27.356359 27.292019 27.209539 27.145067 27.063637 26.999092 26.918766 26.854198 26.775013 26.710453 26.632427 26.567898 26.491043 26.426550 26.350861 26.286396 26.211857 26.147406 26.073984 26.009518 25.937178 25.872656 25.801346 25.736725 25.666388 25.601608 25.532177 25.467178 25.398582 25.333298 25.265457 25.199816 25.132648 25.066576 25.000000 
25.000000 25.077692 25.154797 25.233183 25.309797 25.388988 25.465204 25.545303 25.621214 25.702324 25.778015 25.860229 25.935785 26.019188 26.094681 26.179352 26.254841 26.340845 26.416386 26.503777 26.579412 26.668234 26.743986 26.834267 26.910152 27.001905 27.077923 27.171144 27.247272 27.341946 27.418152 27.514236 27.590473 27.687916 27.764112 27.862841 27.938913 28.038837 28.114685 28.215693 28.291197 28.393164 28.468191 28.570971 28.645370 28.748796 28.822405 28.926302 28.998940 29.103109 29.174585 29.278816 29.348928 29.452995 29.521528 29.625195 29.691927 29.794941 29.859642 29.961746 30.024181 30.125109 30.185034 30.284513 30.341688 30.439438 30.493622 30.589361 30.640312 30.733757 30.781239 30.872112 30.915892 31.003914 31.043766 31.128664 31.164377 31.245884 31.277252 31.355112 31.381943 31.455914 31.478029 31.547876 31.565115 31.630623 31.642843 31.703806 31.710884 31.767120 31.768951 31.820293 31.816795 31.863098 31.854212 31.895350 31.881037 31.916906 31.897150 31.927675 31.902483 31.927607 31.897013 31.916698 31.880758 31.894999 31.853790 31.862600 31.816225 31.819639 31.768219 31.766298 31.709980 31.702805 31.641752 31.629425 31.563820 31.546465 31.476509 31.454268 31.380178 31.353209 31.275215 31.243692 31.162043 31.126156 31.041101 31.001053 30.912859 30.868864 30.777798 30.730078 30.636419 30.585203 30.489229 30.434753 30.336744 30.279245 30.179482 30.119200 30.017956 29.955132 29.852680 29.787548 29.684155 29.616951 29.512871 29.443819 29.339300 29.268621 29.163898 29.091805 28.987099 28.913788 28.809309 28.734970 28.630913 28.555721 28.452261 28.376377 28.273678 28.197248 28.095449 28.018606 27.917833 27.840693 27.741053 27.663712 27.565296 27.487833 27.390715 27.313196 27.217426 27.139902 27.045513 26.968016 26.875029 26.797571 26.705990 26.628572 26.538382 26.460993 26.372164 26.294775 26.207270 26.129841 26.043604 25.966082 25.881048 25.803373 25.719467 25.641569 25.558710 25.480507 25.398603 25.320015 25.238972 25.159908 25.079624 25.000000 
25.000000 25.090347 25.181444 25.271158 25.363132 25.452330 25.545303 25.634090 25.728186 25.816668 25.911999 26.000273 26.096943 26.185102 26.283209 26.371332 26.470957 26.559111 26.660324 26.748566 26.851425 26.939793 27.044342 27.132856 27.239119 27.327789 27.435770 27.524586 27.634274 27.723204 27.834562 27.923557 28.036537 28.125528 28.240053 28.328953 28.444927 28.533627 28.650934 28.739304 28.857805 28.945698 29.065237 29.152489 29.272881 29.359306 29.480352 29.565750 29.687233 29.771389 29.893068 29.975752 30.097374 30.178339 30.299633 30.378628 30.499306 30.576065 30.695835 30.770086 30.888638 30.960102 31.077120 31.145517 31.260679 31.325726 31.438705 31.500116 31.610582 31.668083 31.775709 31.829021 31.933479 31.982338 32.083305 32.127457 32.224621 32.263817 32.356869 32.390877 32.479530 32.508137 32.592110 32.615112 32.694145 32.711369 32.785213 32.796505 32.864929 32.870155 32.932964 32.932014 32.989017 32.981808 33.032856 33.019329 33.064281 33.044403 33.083160 33.056931 33.089409 33.056850 33.083000 33.044163 33.063957 33.018921 33.032360 32.981228 32.988350 32.931252 32.932102 32.869202 32.863869 32.795341 32.783932 32.709980 32.692623 32.613472 32.590328 32.506222 32.477463 32.388664 32.354485 32.261269 32.221878 32.124542 32.080177 31.979017 31.929918 31.825249 31.771669 31.663809 31.606016 31.495289 31.433552 31.320284 31.254879 31.139399 31.070606 30.953238 30.881336 30.762400 30.687668 30.567476 30.490189 30.369047 30.289474 30.167677 30.086079 29.963905 29.880531 29.758251 29.673344 29.551208 29.464991 29.343237 29.255924 29.134766 29.046553 28.926189 28.837257 28.717865 28.628376 28.510111 28.420208 28.303205 28.213015 28.097391 28.007015 27.892866 27.802389 27.689785 27.599276 27.488266 27.397772 27.288387 27.197935 27.090193 26.999790 26.893681 26.803322 26.698822 26.608479 26.505548 26.415184 26.313768 26.223328 26.123356 26.032774 25.934164 25.843363 25.746023 25.654915 25.558746 25.467234 25.372126 25.280113 25.185951 25.093332 25.000000 
25.000000 25.103750 25.206707 25.311390 25.413689 25.519445 25.621214 25.728186 25.829546 25.937864 26.038935 26.148727 26.249615 26.360996 26.461796 26.574869 26.675669 26.790520 26.891388 27.008093 27.109085 27.227699 27.328852 27.449413 27.550741 27.673265 27.774771 27.899256 28.000912 28.127331 28.229094 28.357397 28.459198 28.589315 28.691063 28.822895 28.924479 29.057907 29.159189 29.294065 29.394890 29.531044 29.631233 29.768471 29.867823 30.005924 30.104218 30.242945 30.339945 30.479034 30.574486 30.713655 30.807285 30.946236 31.037758 31.176170 31.265287 31.402830 31.489235 31.625563 31.708942 31.843695 31.923727 32.056541 32.132904 32.263409 32.335777 32.463596 32.531651 32.656406 32.719826 32.841145 32.899624 33.017136 33.070374 33.183712 33.231419 33.340229 33.382137 33.486076 33.521927 33.620670 33.650227 33.743465 33.766510 33.853954 33.870296 33.951672 33.961151 34.036213 34.038685 34.107212 34.102570 34.164368 34.152531 34.207432 34.188347 34.236217 34.209862 34.250595 34.216984 34.250504 34.209679 34.235939 34.187977 34.206963 34.151966 34.163704 34.101807 34.106339 34.037708 34.035114 33.959942 33.950336 33.868839 33.852356 33.764782 33.741581 33.648197 33.618473 33.519569 33.483536 33.379417 33.337303 33.228302 33.180359 33.066811 33.013313 32.895573 32.836807 32.715233 32.651489 32.526451 32.458046 32.329914 32.257153 32.126301 32.049511 31.916311 31.835804 31.700630 31.616726 31.479939 31.392956 31.254910 31.165159 31.026194 30.933981 30.794426 30.700041 30.560211 30.463938 30.324131 30.226233 30.086731 29.987457 29.848516 29.748106 29.609961 29.508627 29.371492 29.269432 29.133501 29.030890 28.896328 28.793318 28.660271 28.556992 28.425577 28.322140 28.192451 28.088942 27.961054 27.857534 27.731491 27.628008 27.503834 27.400406 27.278107 27.174736 27.054293 26.950958 26.832335 26.729000 26.612143 26.508753 26.393589 26.290075 26.176517 26.072802 25.960751 25.856733 25.746078 25.641657 25.532280 25.427340 25.319113 25.213539 25.106329 25.000000 
25.000000 25.116360 25.233692 25.349234 25.467697 25.582569 25.702324 25.816668 25.937864 26.051817 26.174604 26.288290 26.412802 26.526339 26.652699 26.766188 26.894505 27.008034 27.138397 27.252039 27.384521 27.498325 27.632980 27.746977 27.883837 27.998035 28.137106 28.251492 28.392757 28.507292 28.650711 28.765329 28.910833 29.025448 29.172941 29.287437 29.436796 29.551033 29.702108 29.815922 29.968534 30.081736 30.235682 30.348057 30.503099 30.614412 30.770296 30.880287 31.036730 31.145123 31.301817 31.408316 31.564932 31.669220 31.825411 31.927162 32.082561 32.181435 32.335659 32.431305 32.583961 32.676018 32.826694 32.914803 33.063091 33.146885 33.292358 33.371471 33.513706 33.587784 33.726360 33.795044 33.929543 33.992493 34.122494 34.179379 34.304482 34.354988 34.474792 34.518623 34.632759 34.669632 34.777740 34.807400 34.909145 34.931362 35.026424 35.041000 35.129086 35.135853 35.216702 35.215511 35.288891 35.279636 35.345345 35.327957 35.385815 35.360252 35.410126 35.376385 35.418175 35.376282 35.409920 35.359940 35.385395 35.327431 35.344704 35.278893 35.288025 35.214531 35.215595 35.134624 35.127720 35.039501 35.024773 34.929569 34.907185 34.805290 34.775448 34.667164 34.630096 34.515770 34.471722 34.351707 34.300953 34.175629 34.118462 33.988216 33.924957 33.790188 33.721157 33.582279 33.507824 33.365253 33.285717 33.139874 33.055618 32.906921 32.818306 32.667171 32.574554 32.421402 32.325138 32.170372 32.070820 31.914824 31.812328 31.655485 31.550383 31.393055 31.285667 31.128201 31.018837 30.861557 30.750509 30.593718 30.481256 30.325232 30.211615 30.056608 29.942068 29.788309 29.673052 29.520744 29.404957 29.254276 29.138115 28.989208 28.872810 28.725798 28.609272 28.464249 28.347681 28.204712 28.088163 27.947287 27.830793 27.692026 27.575600 27.438934 27.322563 27.187971 27.071621 26.939049 26.822672 26.692049 26.575575 26.446810 26.330153 26.203144 26.086205 25.960831 25.843494 25.719627 25.601774 25.479275 25.360771 25.239492 25.120207 25.000000 
25.000000 25.129938 25.258883 25.389994 25.518108 25.650568 25.778015 25.911999 26.038935 26.174604 26.301178 26.438690 26.565035 26.704536 26.830772 26.972393 27.098627 27.242476 27.368797 27.514963 27.641441 27.789997 27.916676 28.067667 28.194569 28.348019 28.475142 28.631044 28.758356 28.916681 29.044127 29.204809 29.332304 29.495255 29.622684 29.787783 29.915009 30.082100 30.208950 30.377853 30.504131 30.674633 30.800116 30.971972 31.096407 31.269344 31.392458 31.566174 31.687670 31.861837 31.981394 32.155663 32.272934 32.446926 32.561562 32.734875 32.846504 33.018726 33.126961 33.297657 33.402103 33.570827 33.671082 33.837376 33.933037 34.096439 34.187096 34.347134 34.432388 34.588585 34.668041 34.819935 34.893200 35.040325 35.107029 35.248928 35.308708 35.444935 35.497452 35.627575 35.672512 35.796127 35.833179 35.949902 35.978802 36.088264 36.108772 36.210636 36.222546 36.316505 36.319645 36.405415 36.399643 36.476990 36.462208 36.530918 36.507061 36.566963 36.534004 36.584969 36.542923 36.584854 36.533775 36.566616 36.506596 36.530331 36.461502 36.476158 36.398685 36.404324 36.318417 36.315132 36.221035 36.208961 36.106945 36.086262 35.976635 35.947544 35.830639 35.793377 35.669556 35.624393 35.494049 35.441269 35.304806 35.244732 35.102570 35.035542 34.888130 34.814499 34.662285 34.582428 34.425877 34.340176 34.179749 34.088600 33.924767 33.828568 33.661789 33.560940 33.391689 33.286591 33.115314 33.006359 32.833504 32.721085 32.547077 32.431576 32.256828 32.138607 31.963514 31.842926 31.667862 31.545240 31.370554 31.246216 31.072227 30.946465 30.773472 30.646555 30.474827 30.347002 30.176775 30.048260 29.879749 29.750736 29.584118 29.454769 29.290194 29.160648 28.998234 28.868597 28.708435 28.578789 28.420935 28.291334 28.135818 28.006289 27.853121 27.723661 27.572815 27.443403 27.294836 27.165424 27.019066 26.889585 26.745346 26.615713 26.473486 26.343597 26.203255 26.072990 25.934399 25.803625 25.666634 25.535212 25.399660 25.267443 25.133165 25.000000 
25.000000 25.142519 25.286232 25.427748 25.572853 25.713545 25.860229 26.000273 26.148727 26.288290 26.438690 26.577930 26.730440 26.869495 27.024269 27.163267 27.320435 27.459484 27.619158 27.758343 27.920610 28.059996 28.224924 28.364546 28.532169 28.672039 28.842373 28.982473 29.155491 29.295774 29.471426 29.611814 29.790018 29.930401 30.111040 30.251280 30.434198 30.574125 30.759142 30.898550 31.085447 31.224108 31.412634 31.550285 31.740154 31.876503 32.067398 32.202133 32.393711 32.526489 32.718372 32.848831 33.040615 33.168369 33.359631 33.484280 33.674568 33.795692 33.984539 34.101711 34.288639 34.401417 34.585918 34.693863 34.875431 34.978088 35.156216 35.253143 35.427303 35.518063 35.687737 35.771900 35.936573 36.013710 36.172882 36.242592 36.395760 36.457657 36.604340 36.658058 36.797798 36.842999 36.975353 37.011723 37.136280 37.163540 37.279911 37.297813 37.405640 37.413975 37.512939 37.511536 37.601349 37.590069 37.670486 37.649246 37.720051 37.688797 37.749825 37.708553 37.759678 37.708424 37.749569 37.688412 37.719536 37.648602 37.669701 37.589157 37.600288 37.510334 37.511581 37.412468 37.403965 37.295975 37.277889 37.161343 37.133884 37.009136 36.972546 36.839977 36.794537 36.654568 36.600574 36.453640 36.391438 36.237995 36.167946 36.008472 35.930958 35.765945 35.681366 35.511318 35.420094 35.245525 35.148079 34.969501 34.866276 34.684204 34.575638 34.390583 34.277115 34.089581 33.971657 33.782139 33.660183 33.469162 33.343605 33.151543 33.022793 32.830139 32.698589 32.505760 32.371796 32.179192 32.043163 31.851152 31.713398 31.522326 31.383156 31.193329 31.053028 30.864727 30.723551 30.537024 30.395197 30.210659 30.068380 29.886011 29.743443 29.563391 29.420670 29.243050 29.100277 28.925171 28.782421 28.609879 28.467197 28.297237 28.154636 27.987249 27.844719 27.679867 27.537365 27.374987 27.232450 27.072456 26.929802 26.772085 26.629208 26.473637 26.330412 26.176846 26.033136 25.881414 25.737070 25.587025 25.441885 25.293335 25.147234 25.000000 
25.000000 25.156290 25.311378 25.469080 25.623171 25.782499 25.935785 26.096943 26.249615 26.412802 26.565035 26.730440 26.882399 27.050192 27.202023 27.372362 27.524191 27.697208 27.849144 28.024950 28.177071 28.355747 28.508112 28.689716 28.842350 29.026909 29.179810 29.367317 29.520445 29.710861 29.864153 30.057404 30.210754 30.406731 30.560007 30.758560 30.911591 31.112539 31.265121 31.468245 31.620142 31.825184 31.976126 32.182793 32.332478 32.540440 32.688538 32.897434 33.043587 33.253025 33.396847 33.606400 33.747478 33.956696 34.094604 34.303009 34.437298 34.644386 34.774597 34.979847 35.105499 35.308380 35.428993 35.628948 35.744038 35.940510 36.049583 36.242008 36.344585 36.532394 36.627995 36.810623 36.898785 37.075672 37.155945 37.326546 37.398495 37.562271 37.625484 37.781925 37.836018 37.984631 38.029247 38.169563 38.204376 38.335960 38.360683 38.483128 38.497517 38.610451 38.614288 38.717377 38.710503 38.803455 38.785744 38.868309 38.839684 38.911659 38.872089 38.933311 38.882812 38.933174 38.871807 38.911240 38.839123 38.867603 38.784893 38.802452 38.709347 38.716061 38.612808 38.608795 38.495693 38.481117 38.358486 38.333553 38.201767 38.166725 38.026188 37.981319 37.832466 37.778091 37.621387 37.557865 37.393795 37.321499 37.150581 37.069920 36.892681 36.804085 36.621071 36.524986 36.336750 36.233643 36.040745 35.931080 35.734085 35.618347 35.417816 35.296490 35.092976 34.966534 34.760586 34.629513 34.421661 34.286419 34.077183 33.938232 33.728104 33.585884 33.375340 33.230274 33.019760 32.872253 32.662186 32.512619 32.303391 32.152107 31.944073 31.791410 31.584890 31.431133 31.226419 31.071835 30.869179 30.713997 30.513615 30.358030 30.160103 30.004282 29.808950 29.653025 29.460396 29.304459 29.114607 28.958723 28.771685 28.615887 28.431665 28.275955 28.094524 27.938873 27.760181 27.604528 27.428492 27.272760 27.099270 26.943356 26.772284 26.616058 26.447254 26.290579 26.123877 25.966591 25.801813 25.643747 25.480703 25.321676 25.160172 25.000000 
25.000000 25.168856 25.339127 25.506788 25.678709 25.845392 26.019188 26.185102 26.360996 26.526339 26.704536 26.869495 27.050192 27.214937 27.398310 27.562990 27.749197 27.913937 28.103111 28.268013 28.460260 28.625399 28.820795 28.986216 29.184803 29.350519 29.552313 29.718300 29.923273 30.089479 30.297569 30.463903 30.675011 30.841343 31.055330 31.221493 31.438181 31.603971 31.823141 31.988323 32.209713 32.374012 32.597328 32.760433 32.985336 33.146904 33.373016 33.532673 33.759590 33.916931 34.144207 34.298798 34.525959 34.677345 34.903885 35.051594 35.276978 35.420513 35.644188 35.783043 36.004436 36.138088 36.356613 36.484535 36.699581 36.821243 37.032207 37.147087 37.353348 37.460922 37.661869 37.761623 37.956646 38.048084 38.236580 38.319225 38.500607 38.573997 38.747696 38.811401 38.976871 39.030483 39.187206 39.230362 39.377842 39.410206 39.547989 39.569267 39.696930 39.706879 39.824036 39.822449 39.928768 39.915485 40.010666 39.985584 40.069378 40.032436 40.104652 40.055840 40.116325 40.055687 40.104351 40.031982 40.068771 39.984821 40.009739 39.914402 39.927509 39.821026 39.822430 39.705090 39.694946 39.567089 39.545597 39.407604 39.375004 39.227291 39.183876 39.026909 38.973003 38.807259 38.743233 38.569233 38.495487 38.313778 38.230732 38.041878 37.949989 37.754570 37.654316 37.452930 37.344807 37.138058 37.022568 36.811069 36.688732 36.473087 36.344429 36.125252 35.990784 35.768669 35.628922 35.404449 35.259933 35.033680 34.884892 34.657406 34.504841 34.276646 34.120766 33.892365 33.733620 33.505482 33.344299 33.116859 32.953632 32.727303 32.562401 32.337540 32.171299 31.948244 31.780968 31.560013 31.391966 31.173363 31.004782 30.788744 30.619823 30.406528 30.237429 30.027010 29.857851 29.650408 29.481277 29.276867 29.107819 28.906466 28.737514 28.539207 28.370338 28.175034 28.006201 27.813822 27.644951 27.455395 27.286385 27.099524 26.930248 26.745930 26.576246 26.394300 26.224041 26.044281 25.873268 25.695494 25.523539 25.347538 25.174440 25.000000 
25.000000 25.182829 25.364252 25.548735 25.728987 25.915371 26.094681 26.283209 26.461796 26.652699 26.830772 27.024269 27.202023 27.398310 27.575918 27.775177 27.952785 28.155176 28.332909 28.538559 28.716511 28.925516 29.103754 29.316183 29.494736 29.710615 29.889481 30.108807 30.287941 30.510666 30.689995 30.916029 31.095430 31.324648 31.503962 31.736193 31.915222 32.150249 32.328754 32.566322 32.744030 32.983833 33.160427 33.402130 33.577255 33.820469 33.993740 34.238045 34.409039 34.653973 34.822243 35.067310 35.232372 35.477043 35.638401 35.882114 36.039238 36.281414 36.433769 36.673790 36.820816 37.058060 37.199192 37.433014 37.567688 37.797428 37.925072 38.150078 38.270123 38.489723 38.601612 38.815151 38.918343 39.125164 39.219128 39.418591 39.502823 39.694305 39.768318 39.951221 40.014565 40.188313 40.240574 40.404613 40.445412 40.599232 40.628235 40.771362 40.788277 40.920277 40.924858 41.045345 41.037392 41.146023 41.125397 41.221878 41.188488 41.272579 41.226387 41.297905 41.238934 41.297745 41.226063 41.272091 41.187832 41.221050 41.124401 41.144848 41.036041 41.043804 40.923130 40.918346 40.786144 40.769009 40.625664 40.596416 40.442360 40.401291 40.236996 40.184437 40.010414 39.946735 39.763527 39.689148 39.497326 39.412689 39.212852 39.118435 38.911201 38.807503 38.593510 38.481056 38.260956 38.140285 37.914730 37.786396 37.556042 37.420612 37.186119 37.044144 36.806160 36.658211 36.417374 36.264008 36.020943 35.862705 35.618011 35.455441 35.209702 35.043308 34.797077 34.627357 34.381157 34.208584 33.962910 33.787922 33.543224 33.366234 33.122929 32.944321 32.702785 32.522903 32.283478 32.102627 31.865602 31.684055 31.449686 31.267673 31.036169 30.853882 30.625412 30.443003 30.217691 30.035271 29.813202 29.630846 29.412064 29.229811 29.014320 28.832170 28.619944 28.437860 28.228834 28.046755 27.840832 27.658661 27.455713 27.273329 27.073206 26.890461 26.692991 26.509718 26.314707 26.130718 25.937958 25.753056 25.562325 25.376299 25.187366 25.000000 
25.000000 25.195389 25.392420 25.586426 25.785366 25.978239 26.179352 26.371332 26.574869 26.766188 26.972393 27.163267 27.372362 27.562990 27.775177 27.965731 28.181196 28.371820 28.590715 28.781530 29.003977 29.195068 29.421154 29.612572 29.842348 30.034111 30.267590 30.459669 30.696825 30.889158 31.129915 31.322399 31.566643 31.759127 32.006695 32.198986 32.449677 32.641541 32.895100 33.086258 33.342381 33.532520 33.790867 33.979630 34.239807 34.426788 34.688366 34.873138 35.135643 35.317734 35.580650 35.759567 36.022343 36.197556 36.459606 36.630562 36.891277 37.057407 37.316143 37.476856 37.732944 37.887642 38.140408 38.288479 38.537216 38.678051 38.922058 39.055050 39.293613 39.418152 39.650562 39.766060 39.991608 40.097488 40.315483 40.411190 40.620956 40.705956 40.906830 40.980621 41.171978 41.234097 41.415325 41.465347 41.635883 41.673420 41.832729 41.857452 42.005047 42.016663 42.152103 42.150375 42.273273 42.258011 42.368027 42.339111 42.435955 42.393322 42.476765 42.420399 42.490269 42.420223 42.476414 42.392796 42.435253 42.338230 42.366955 42.256756 42.271820 42.148727 42.150246 42.014595 42.002750 41.854931 41.829960 41.670410 41.632591 41.461800 41.411469 41.229958 41.167500 40.975830 40.901665 40.700443 40.615028 40.404884 40.308716 40.090302 39.983906 39.757893 39.641823 39.408897 39.283726 39.044598 38.910904 38.666271 38.524658 38.275234 38.126305 37.872784 37.717144 37.460217 37.298466 37.038818 36.871552 36.609833 36.437626 36.174477 35.997902 35.733925 35.553524 35.289303 35.105587 34.841671 34.655132 34.392021 34.203117 33.941284 33.750446 33.490311 33.297924 33.039875 32.846291 32.590668 32.396194 32.143288 31.948198 31.698256 31.502777 31.256001 31.060316 30.816864 30.621115 30.381100 30.185387 29.948877 29.753260 29.520283 29.324781 29.095325 28.899920 28.673933 28.478571 28.255968 28.060564 27.841225 27.645658 27.429436 27.233564 27.020281 26.823938 26.613398 26.416389 26.208376 26.010496 25.804781 25.605808 25.402149 25.201853 25.000000 
25.000000 25.209579 25.417545 25.629023 25.835642 26.049301 26.254841 26.470957 26.675669 26.894505 27.098627 27.320435 27.524191 27.749197 27.952785 28.181196 28.384789 28.616781 28.820518 29.056244 29.260237 29.499805 29.704124 29.947613 30.152296 30.399736 30.604778 30.856163 31.061518 31.316792 31.522371 31.781435 31.987101 32.249805 32.455376 32.721531 32.926777 33.196133 33.400776 33.673038 33.876770 34.151596 34.354053 34.631046 34.831821 35.110546 35.309196 35.589165 35.785210 36.065895 36.258816 36.539650 36.728901 37.009277 37.194279 37.473557 37.653713 37.931217 38.105907 38.380939 38.549526 38.821369 38.983204 39.251122 39.405556 39.668793 39.815174 40.072975 40.210651 40.462254 40.590591 40.835239 40.953606 41.190552 41.298347 41.526859 41.623493 41.842857 41.927792 42.137314 42.210022 42.409046 42.469055 42.656952 42.703827 42.880009 42.913364 43.077290 43.096790 43.247959 43.253330 43.391300 43.382305 43.506687 43.483170 43.593624 43.555477 43.651733 43.598919 43.680759 43.613297 43.680576 43.598545 43.651173 43.554729 43.592678 43.482029 43.505341 43.380760 43.389534 43.251350 43.245743 43.094345 43.074585 42.910416 42.876778 42.700329 42.653141 42.464954 42.404602 42.205261 42.132172 41.922295 41.836941 41.617195 41.520088 41.291149 41.182835 40.945415 40.826469 40.581295 40.452320 40.200142 40.061749 39.803314 39.656143 39.392208 39.236900 38.968216 38.805416 38.532722 38.363079 38.087112 37.911263 37.632732 37.451302 37.170906 36.984509 36.702908 36.512135 36.229965 36.035381 35.753242 35.555389 35.273849 35.073231 34.792805 34.589893 34.311062 34.106297 33.829487 33.623260 33.348866 33.141533 32.869888 32.661758 32.393150 32.184490 31.919163 31.710190 31.448332 31.239220 30.980980 30.771858 30.517330 30.308287 30.057520 29.848595 29.601599 29.392794 29.149532 28.940809 28.701210 28.492493 28.256447 28.047625 27.814989 27.605923 27.376524 27.167044 26.940683 26.730598 26.507053 26.296150 26.075186 25.863234 25.644596 25.431355 25.214779 25.000000 
25.000000 25.222145 25.446157 25.666727 25.892912 26.112192 26.340845 26.559111 26.790520 27.008034 27.242476 27.459484 27.697208 27.913937 28.155176 28.371820 28.616781 28.833511 29.082365 29.299314 29.552202 29.769466 30.026487 30.244125 30.505337 30.723368 30.988785 31.207180 31.476767 31.695456 31.969131 32.187992 32.465626 32.684490 32.965904 33.184547 33.469505 33.687664 33.975876 34.193237 34.484360 34.700565 34.994209 35.208847 35.504570 35.717190 36.014496 36.224606 36.522961 36.730026 37.028847 37.232300 37.530956 37.730202 38.028030 38.222443 38.518745 38.707676 39.001720 39.184494 39.475529 39.651470 39.938717 40.107128 40.389793 40.549984 40.827263 40.978542 41.249626 41.391304 41.655388 41.786789 42.043072 42.163544 42.411236 42.520142 42.758472 42.855213 43.083439 43.167442 43.384834 43.455578 43.661457 43.718449 43.912170 43.954975 44.135937 44.164169 44.331814 44.345146 44.498974 44.497143 44.636707 44.619499 44.744415 44.711689 44.821632 44.773308 44.868019 44.804089 44.883373 44.803890 44.867622 44.772713 44.820831 44.710686 44.743198 44.618073 44.635052 44.495270 44.496857 44.342796 44.329197 44.161301 44.132782 43.951550 43.908428 43.714413 43.657074 43.450871 43.379745 43.161991 43.077564 42.848946 42.751732 42.512970 42.403538 42.155365 42.034313 41.777496 41.645451 41.380779 41.238384 40.966652 40.814579 40.536591 40.375515 40.092068 39.922680 39.634571 39.457558 39.165577 38.981625 38.686535 38.496315 38.198868 38.003040 37.703960 37.503162 37.203144 36.997997 36.697697 36.488785 36.188820 35.976704 35.677654 35.462852 35.165245 34.948246 34.652565 34.433807 34.140495 33.920376 33.629818 33.408691 33.121212 32.899387 32.615276 32.393009 32.112492 31.889994 31.613251 31.390680 31.117840 30.895315 30.626455 30.404039 30.139191 29.916908 29.656055 29.433887 29.176973 28.954859 28.701786 28.479622 28.230259 28.007914 27.762089 27.539400 27.296913 27.073687 26.834318 26.610334 26.373838 26.148865 25.914980 25.688763 25.457214 25.229494 25.000000 
25.000000 25.236563 25.471300 25.710003 25.943222 26.184389 26.416386 26.660324 26.891388 27.138397 27.368797 27.619158 27.849144 28.103111 28.332909 28.590715 28.820518 29.082365 29.312338 29.578388 29.808651 30.079035 30.309668 30.584471 30.815517 31.094776 31.326231 31.609934 31.841747 32.129833 32.361900 32.654255 32.886425 33.182888 33.414948 33.715298 33.946991 34.250950 34.481976 34.789207 35.019199 35.329319 35.557873 35.870434 36.097095 36.411602 36.635868 36.951778 37.173100 37.489815 37.707619 38.024490 38.238155 38.554504 38.763378 39.078480 39.281887 39.594986 39.792221 40.102528 40.292885 40.599583 40.782326 41.084583 41.258980 41.555946 41.721260 42.012085 42.167580 42.451405 42.596359 42.872334 43.006042 43.273319 43.395100 43.652851 43.762043 44.009468 44.105453 44.341770 44.423965 44.648422 44.716293 44.928192 44.981239 45.179916 45.217712 45.402554 45.424713 45.595161 45.601372 45.756920 45.746925 45.887135 45.860752 45.985245 45.942356 46.050823 45.991379 46.083580 46.007603 46.083370 45.990959 46.050190 45.941509 45.984177 45.859467 45.885616 45.745182 45.754921 45.599136 45.592655 45.421951 45.399498 45.214382 45.176266 44.977291 44.923889 44.711662 44.643410 44.418587 44.335964 44.099247 44.002789 43.754929 43.645206 43.386971 43.264603 42.996792 42.862431 42.585865 42.440189 42.155708 41.999413 41.707867 41.541668 41.243908 41.068527 40.765400 40.581570 40.273911 40.082363 39.771004 39.572456 39.258202 39.053360 38.736988 38.526543 38.208809 37.993427 37.675045 37.455364 37.137012 36.913647 36.595963 36.369476 36.053043 35.823978 35.509335 35.278175 34.965816 34.733009 34.423370 34.189316 33.882774 33.647823 33.344704 33.109154 32.809731 32.573830 32.278320 32.042263 31.750828 31.514769 31.227512 30.991545 30.708530 30.472696 30.193933 29.958237 29.683685 29.448082 29.177658 28.942066 28.675648 28.439939 28.177366 27.941383 27.682459 27.446012 27.190514 26.953384 26.701063 26.463011 26.213598 25.974363 25.727577 25.486887 25.242428 25.000000 
