25.000000 25.000000 25.000000 25.000000 25.000000 25.000000 25.000000 25.000000 25.000000 25.000000 25.000000 25.000000 25.000000 25.000000 25.000000 25.000000 25.000000 25.000000 25.000000 25.000000 25.000000 25.000000 25.000000 25.000000 25.000000 25.000000 25.000000 25.000000 25.000000 25.000000 25.000000 25.000000 25.000000 25.000000 25.000000 25.000000 25.000000 25.000000 25.000000 25.000000 25.000000 25.000000 25.000000 25.000000 25.000000 25.000000 25.000000 25.000000 25.000000 25.000000 25.000000 25.000000 25.000000 25.000000 25.000000 25.000000 25.000000 25.000000 25.000000 25.000000 25.000000 25.000000 25.000000 25.000000 25.000000 25.000000 25.000000 25.000000 25.000000 25.000000 25.000000 25.000000 25.000000 25.000000 25.000000 25.000000 25.000000 25.000000 25.000000 25.000000 25.000000 25.000000 25.000000 25.000000 25.000000 25.000000 25.000000 25.000000 25.000000 25.000000 25.000000 25.000000 25.000000 25.000000 25.000000 25.000000 25.000000 25.000000 25.000000 25.000000 25.000000 25.000000 25.000000 25.000000 25.000000 25.000000 25.000000 25.000000 25.000000 25.000000 25.000000 25.000000 25.000000 25.000000 25.000000 25.000000 25.000000 25.000000 25.000000 25.000000 25.000000 25.000000 25.000000 25.000000 25.000000 25.000000 25.000000 25.000000 25.000000 25.000000 25.000000 25.000000 25.000000 25.000000 25.000000 25.000000 25.000000 25.000000 25.000000 25.000000 25.000000 25.000000 25.000000 25.000000 25.000000 25.000000 25.000000 25.000000 25.000000 25.000000 25.000000 25.000000 25.000000 25.000000 25.000000 25.000000 25.000000 25.000000 25.000000 25.000000 25.000000 25.000000 25.000000 25.000000 25.000000 25.000000 25.000000 25.000000 25.000000 25.000000 25.000000 25.000000 25.000000 25.000000 25.000000 25.000000 25.000000 25.000000 25.000000 25.000000 25.000000 25.000000 25.000000 25.000000 25.000000 25.000000 25.000000 25.000000 25.000000 25.000000 25.000000 25.000000 25.000000 25.000000 25.000000 25.000000 25.000000 25.000000 25.000000 25.000000 
25.000000 25.001457 25.002930 25.004398 25.005919 25.007423 25.009022 25.010588 25.012297 25.013952 25.015800 25.017572 25.019590 25.021503 25.023722 25.025806 25.028255 25.030535 25.033247 25.035744 25.038752 25.041491 25.044823 25.047831 25.051516 25.054811 25.058880 25.062487 25.066967 25.070900 25.075821 25.080095 25.085482 25.090113 25.095985 25.100981 25.107361 25.112728 25.119629 25.125372 25.132809 25.138924 25.146902 25.153383 25.161909 25.168741 25.177811 25.184978 25.194586 25.202065 25.212194 25.219954 25.230587 25.238592 25.249702 25.257910 25.269463 25.277828 25.289782 25.298252 25.310560 25.319077 25.331686 25.340183 25.353035 25.361446 25.374475 25.382727 25.395863 25.403883 25.417048 25.424759 25.437876 25.445202 25.458187 25.465052 25.477821 25.484146 25.496614 25.502327 25.514408 25.519436 25.531048 25.535324 25.546385 25.549849 25.560280 25.562874 25.572603 25.574282 25.583237 25.583961 25.592083 25.591820 25.599054 25.597782 25.604084 25.601791 25.607121 25.603804 25.608137 25.603804 25.607121 25.601791 25.604084 25.597782 25.599054 25.591820 25.592083 25.583961 25.583237 25.574282 25.572603 25.562874 25.560280 25.549849 25.546385 25.535324 25.531048 25.519436 25.514408 25.502327 25.496614 25.484146 25.477821 25.465052 25.458187 25.445202 25.437876 25.424759 25.417048 25.403881 25.395863 25.382725 25.374474 25.361444 25.353035 25.340181 25.331684 25.319073 25.310558 25.298248 25.289780 25.277824 25.269459 25.257906 25.249695 25.238585 25.230579 25.219944 25.212185 25.202053 25.194572 25.184963 25.177795 25.168722 25.161888 25.153360 25.146877 25.138893 25.132774 25.125336 25.119587 25.112682 25.107307 25.100922 25.095919 25.090038 25.085400 25.080006 25.075720 25.070787 25.066843 25.062347 25.058725 25.054640 25.051325 25.047621 25.044590 25.041237 25.038469 25.035435 25.032906 25.030161 25.027845 25.025358 25.023230 25.020967 25.019001 25.016932 25.015099 25.013191 25.011465 25.009687 25.008039 25.006361 25.004765 25.003151 25.001577 25.000000 
25.000000 25.002930 25.005854 25.008850 25.011820 25.014942 25.018011 25.021320 25.024544 25.028101 25.031528 25.035397 25.039083 25.043324 25.047323 25.051998 25.056362 25.061529 25.066309 25.072035 25.077276 25.083624 25.089378 25.096405 25.102716 25.110483 25.117395 25.125959 25.133509 25.142929 25.151150 25.161476 25.170397 25.181677 25.191322 25.203598 25.213984 25.227291 25.238426 25.252794 25.264679 25.280128 25.292751 25.309296 25.322639 25.340277 25.354313 25.373034 25.387718 25.407503 25.422781 25.443598 25.459406 25.481203 25.497463 25.520184 25.536808 25.560375 25.577261 25.601589 25.618626 25.643612 25.660677 25.686211 25.703171 25.729124 25.745842 25.772079 25.788406 25.814779 25.830568 25.856922 25.872015 25.898190 25.912432 25.938259 25.951498 25.976809 25.988892 26.013512 26.024294 26.048056 26.057398 26.080135 26.087910 26.109461 26.115549 26.135763 26.140062 26.158796 26.161219 26.178341 26.178814 26.194212 26.192682 26.206251 26.202684 26.214344 26.208727 26.218410 26.210747 26.218410 26.208727 26.214344 26.202684 26.206251 26.192682 26.194212 26.178814 26.178341 26.161219 26.158796 26.140062 26.135763 26.115549 26.109461 26.087910 26.080135 26.057398 26.048056 26.024294 26.013512 25.988892 25.976807 25.951498 25.938259 25.912432 25.898190 25.872013 25.856922 25.830566 25.814779 25.788404 25.772078 25.745838 25.729122 25.703167 25.686207 25.660673 25.643608 25.618620 25.601583 25.577253 25.560368 25.536798 25.520172 25.497452 25.481190 25.459391 25.443579 25.422762 25.407480 25.387691 25.373005 25.354279 25.340240 25.322598 25.309248 25.292700 25.280069 25.264612 25.252718 25.238342 25.227196 25.213879 25.203480 25.191191 25.181530 25.170233 25.161293 25.150946 25.142702 25.133257 25.125681 25.117085 25.110140 25.102337 25.095985 25.088915 25.083111 25.076715 25.071413 25.065628 25.060780 25.055540 25.051094 25.046339 25.042242 25.037907 25.034107 25.030127 25.026567 25.022881 25.019506 25.016048 25.012806 25.009512 25.006342 25.003151 25.000000 
25.000000 25.004398 25.008850 25.013277 25.017874 25.022409 25.027243 25.031969 25.037130 25.042126 25.047709 25.053053 25.059149 25.064926 25.071629 25.077913 25.085316 25.092186 25.100380 25.107914 25.116995 25.125263 25.135323 25.144396 25.155527 25.165472 25.177761 25.188637 25.202169 25.214033 25.228893 25.241789 25.258051 25.272020 25.289749 25.304825 25.324080 25.340279 25.361109 25.378437 25.400883 25.419334 25.443417 25.462971 25.488699 25.509317 25.536690 25.558317 25.587307 25.609873 25.640440 25.663857 25.695940 25.720098 25.753616 25.778391 25.813244 25.838490 25.874554 25.900112 25.937248 25.962944 26.000988 26.026628 26.065399 26.090780 26.130081 26.154989 26.194607 26.218815 26.258522 26.281803 26.321360 26.343477 26.382639 26.403360 26.441870 26.460964 26.498566 26.515812 26.552246 26.567429 26.602444 26.615362 26.648708 26.659178 26.690624 26.698473 26.727797 26.732885 26.759880 26.762085 26.786564 26.785793 26.807594 26.803780 26.822763 26.815870 26.831926 26.821943 26.834990 26.821943 26.831926 26.815870 26.822763 26.803780 26.807594 26.785793 26.786564 26.762085 26.759880 26.732885 26.727797 26.698473 26.690624 26.659178 26.648708 26.615362 26.602442 26.567429 26.552244 26.515812 26.498564 26.460964 26.441868 26.403360 26.382637 26.343477 26.321360 26.281801 26.258522 26.218813 26.194607 26.154985 26.130079 26.090776 26.065395 26.026621 26.000980 25.962936 25.937241 25.900105 25.874544 25.838478 25.813229 25.778376 25.753599 25.720078 25.695917 25.663830 25.640411 25.609840 25.587269 25.558273 25.536640 25.509260 25.488638 25.462898 25.443336 25.419245 25.400782 25.378325 25.360981 25.340136 25.323919 25.304647 25.289549 25.271801 25.257803 25.241516 25.228586 25.213692 25.201792 25.188215 25.177292 25.164955 25.154953 25.143766 25.134624 25.124495 25.116144 25.106981 25.099350 25.091061 25.084074 25.076559 25.070137 25.063303 25.057369 25.051119 25.045589 25.039825 25.034618 25.029245 25.024277 25.019201 25.014385 25.009512 25.004765 25.000000 
25.000000 25.005919 25.011820 25.017874 25.023865 25.030174 25.036367 25.043056 25.049557 25.056747 25.063663 25.071482 25.078920 25.087486 25.095556 25.104998 25.113800 25.124243 25.133881 25.145451 25.156025 25.168844 25.180452 25.194643 25.207376 25.223063 25.237003 25.254301 25.269529 25.288548 25.305132 25.325979 25.343977 25.366747 25.386208 25.410984 25.431938 25.458797 25.481264 25.510260 25.534239 25.565414 25.590887 25.624266 25.651194 25.686777 25.715097 25.752867 25.782495 25.822409 25.853239 25.895227 25.927128 25.971092 26.003908 26.049730 26.083277 26.130806 26.164883 26.213943 26.248325 26.298712 26.333151 26.384636 26.418867 26.471193 26.504936 26.557833 26.590790 26.643957 26.675829 26.728954 26.759426 26.812183 26.840942 26.892998 26.919733 26.970741 26.995148 27.044762 27.066547 27.114428 27.133312 27.179121 27.194843 27.238260 27.250586 27.291302 27.300022 27.337749 27.342686 27.377165 27.378170 27.409166 27.406136 27.433443 27.426308 27.449762 27.438490 27.457964 27.442564 27.457964 27.438490 27.449762 27.426308 27.433443 27.406136 27.409166 27.378170 27.377165 27.342686 27.337749 27.300022 27.291302 27.250586 27.238260 27.194843 27.179121 27.133310 27.114426 27.066545 27.044760 26.995148 26.970739 26.919733 26.892996 26.840942 26.812183 26.759424 26.728952 26.675825 26.643955 26.590788 26.557829 26.504932 26.471189 26.418859 26.384628 26.333143 26.298702 26.248316 26.213932 26.164871 26.130791 26.083260 26.049707 26.003883 25.971066 25.927097 25.895191 25.853201 25.822363 25.782444 25.752810 25.715031 25.686703 25.651108 25.624170 25.590780 25.565294 25.534103 25.510107 25.481094 25.458605 25.431726 25.410744 25.385942 25.366449 25.343647 25.325609 25.304722 25.288090 25.269020 25.253735 25.236380 25.222366 25.206612 25.193794 25.179518 25.167809 25.154888 25.144194 25.132507 25.122726 25.112144 25.103172 25.093567 25.085302 25.076542 25.068874 25.060833 25.053652 25.046200 25.039394 25.032404 25.025860 25.019205 25.012808 25.006363 25.000000 
25.000000 25.007423 25.014942 25.022409 25.030174 25.037825 25.045992 25.053961 25.062683 25.071106 25.080540 25.089554 25.099852 25.109591 25.120911 25.131508 25.144007 25.155594 25.169432 25.182135 25.197466 25.211409 25.228392 25.243692 25.262478 25.279247 25.299988 25.318331 25.341167 25.361174 25.386244 25.407995 25.435425 25.458988 25.488894 25.514317 25.546795 25.574112 25.609245 25.638470 25.676321 25.707439 25.748047 25.781025 25.824408 25.859179 25.905325 25.941801 25.990673 26.028732 26.080257 26.119751 26.173826 26.214573 26.271061 26.312847 26.371580 26.414165 26.474936 26.518049 26.580616 26.623962 26.688057 26.731312 26.796625 26.839447 26.905647 26.947672 27.014402 27.055252 27.122124 27.161411 27.228025 27.265360 27.331297 27.366282 27.431116 27.463364 27.526659 27.555794 27.617121 27.642780 27.701710 27.723557 27.779673 27.797394 27.850302 27.863615 27.912939 27.921602 27.966999 27.970806 28.011963 28.010756 28.047398 28.041065 28.072958 28.061436 28.088396 28.071672 28.093559 28.071672 28.088396 28.061436 28.072958 28.041065 28.047398 28.010756 28.011963 27.970806 27.966999 27.921602 27.912939 27.863615 27.850302 27.797394 27.779673 27.723557 27.701710 27.642780 27.617119 27.555794 27.526657 27.463364 27.431114 27.366280 27.331295 27.265358 27.228024 27.161409 27.122122 27.055246 27.014399 26.947668 26.905643 26.839439 26.796618 26.731302 26.688046 26.623951 26.580605 26.518034 26.474916 26.414146 26.371555 26.312820 26.271030 26.214537 26.173788 26.119707 26.080208 26.028675 25.990608 25.941727 25.905243 25.859085 25.824301 25.780905 25.747913 25.707287 25.676149 25.638279 25.609032 25.573874 25.546524 25.514017 25.488556 25.458614 25.435007 25.407530 25.385725 25.360598 25.340527 25.317619 25.299198 25.278378 25.261511 25.242626 25.227209 25.210110 25.196030 25.180559 25.167692 25.153692 25.141912 25.129221 25.118395 25.106852 25.096844 25.086285 25.076960 25.067223 25.058441 25.049366 25.040983 25.032412 25.024284 25.016056 25.008043 25.000000 
25.000000 25.009022 25.018011 25.027243 25.036367 25.045992 25.055420 25.065622 25.075518 25.086487 25.097015 25.108936 25.120260 25.133324 25.145605 25.160000 25.173401 25.189318 25.203991 25.221621 25.237720 25.257254 25.274925 25.296547 25.315929 25.339825 25.361050 25.387396 25.410578 25.439543 25.464790 25.496532 25.523933 25.558599 25.588226 25.625946 25.657845 25.698729 25.732929 25.777063 25.813566 25.861012 25.899790 25.950583 25.991573 26.045717 26.088829 26.146292 26.191399 26.252115 26.299051 26.362915 26.411482 26.478348 26.528307 26.597990 26.649067 26.721340 26.773226 26.847816 26.900169 26.976768 27.029213 27.107471 27.159603 27.239136 27.290527 27.370916 27.421120 27.501911 27.550465 27.631184 27.677614 27.757765 27.801596 27.880667 27.921427 27.998896 28.036118 28.111462 28.144701 28.217400 28.246233 28.315775 28.339808 28.405704 28.424574 28.486357 28.499748 28.556984 28.564623 28.616915 28.618582 28.665573 28.661104 28.702488 28.691778 28.727303 28.710304 28.739771 28.716501 28.739771 28.710304 28.727303 28.691778 28.702488 28.661104 28.665573 28.618582 28.616915 28.564623 28.556984 28.499748 28.486357 28.424572 28.405703 28.339806 28.315775 28.246231 28.217398 28.144701 28.111460 28.036118 27.998894 27.921425 27.880665 27.801594 27.757763 27.677610 27.631182 27.550461 27.501907 27.421114 27.370911 27.290522 27.239130 27.159594 27.107462 27.029200 26.976755 26.900154 26.847797 26.773205 26.721315 26.649040 26.597958 26.528271 26.478306 26.411434 26.362862 26.298990 26.252045 26.191319 26.146204 26.088728 26.045603 25.991444 25.950438 25.899626 25.860828 25.813360 25.776831 25.732670 25.698437 25.657520 25.625580 25.587820 25.558146 25.523428 25.495968 25.464163 25.438843 25.409801 25.386532 25.360096 25.338766 25.314764 25.295252 25.273500 25.255674 25.235989 25.219707 25.201895 25.187006 25.170874 25.157219 25.142572 25.129993 25.116636 25.104963 25.092699 25.081768 25.070402 25.060040 25.049379 25.039412 25.029264 25.019520 25.009695 25.000000 
25.000000 25.010588 25.021320 25.031969 25.043056 25.053961 25.065622 25.076981 25.089434 25.101440 25.114904 25.127750 25.142450 25.156330 25.172485 25.187588 25.205423 25.221935 25.241676 25.259777 25.281649 25.301516 25.325737 25.347540 25.374329 25.398226 25.427795 25.453932 25.486488 25.514996 25.550730 25.581722 25.620815 25.654390 25.697001 25.733229 25.779499 25.818424 25.868473 25.910114 25.964027 26.008368 26.066202 26.113190 26.174969 26.224514 26.290220 26.342194 26.411770 26.466002 26.539347 26.595623 26.672588 26.730652 26.811043 26.870590 26.954163 27.014853 27.101315 27.162762 27.251770 27.313551 27.404716 27.466377 27.559267 27.620314 27.714453 27.774372 27.869247 27.927502 28.022570 28.078606 28.173294 28.226555 28.320267 28.370193 28.462320 28.508360 28.598288 28.639902 28.727015 28.763691 28.847383 28.878639 28.958321 28.983713 29.058819 29.077946 29.147945 29.160460 29.224863 29.230473 29.288839 29.287317 29.339256 29.330444 29.375624 29.359432 29.397591 29.373999 29.404936 29.373999 29.397591 29.359432 29.375624 29.330444 29.339256 29.287317 29.288839 29.230473 29.224863 29.160460 29.147945 29.077946 29.058819 28.983711 28.958321 28.878639 28.847382 28.763691 28.727013 28.639902 28.598286 28.508358 28.462318 28.370190 28.320265 28.226551 28.173290 28.078602 28.022566 27.927496 27.869244 27.774364 27.714445 27.620304 27.559256 27.466364 27.404703 27.313536 27.251749 27.162741 27.101288 27.014826 26.954130 26.870554 26.810999 26.730604 26.672533 26.595560 26.539274 26.465919 26.411678 26.342089 26.290100 26.224379 26.174816 26.113018 26.066010 26.008152 25.963783 25.909842 25.868166 25.818083 25.779114 25.732800 25.696520 25.653854 25.620216 25.581057 25.549988 25.514172 25.485571 25.452917 25.426668 25.396980 25.372948 25.346018 25.324049 25.299662 25.279598 25.257530 25.239195 25.219219 25.202433 25.184322 25.168896 25.152420 25.138159 25.123087 25.109797 25.095898 25.083380 25.070423 25.058474 25.046236 25.034649 25.022905 25.011477 25.000000 
25.000000 25.012297 25.024544 25.037130 25.049557 25.062683 25.075518 25.089434 25.102905 25.117863 25.132195 25.148449 25.163862 25.181671 25.198389 25.218008 25.236246 25.257938 25.277908 25.301929 25.323841 25.350449 25.374498 25.403948 25.430328 25.462866 25.491751 25.527620 25.559170 25.598600 25.632959 25.676163 25.713451 25.760628 25.800943 25.852266 25.895676 25.951294 25.997837 26.057867 26.107542 26.172070 26.224838 26.293909 26.349691 26.423307 26.481976 26.560093 26.621475 26.704004 26.767879 26.854675 26.920771 27.011633 27.079626 27.174301 27.243820 27.341999 27.412624 27.513939 27.585203 27.689232 27.760626 27.866894 27.937872 28.045851 28.115831 28.224953 28.293329 28.402981 28.469122 28.578661 28.641924 28.750671 28.810413 28.917677 28.973251 29.078323 29.129103 29.231272 29.276648 29.375206 29.414604 29.508863 29.541746 29.631041 29.656918 29.740614 29.759054 29.836561 29.847195 29.917976 29.920504 29.984077 29.978273 30.034225 30.019947 30.067934 30.045115 30.084871 30.053532 30.084871 30.045115 30.067934 30.019947 30.034225 29.978273 29.984077 29.920504 29.917976 29.847195 29.836561 29.759054 29.740612 29.656918 29.631039 29.541744 29.508862 29.414604 29.375206 29.276648 29.231270 29.129101 29.078321 28.973249 28.917675 28.810410 28.750669 28.641920 28.578657 28.469118 28.402977 28.293322 28.224947 28.115822 28.045841 27.937859 27.866879 27.760611 27.689213 27.585182 27.513914 27.412596 27.341967 27.243784 27.174257 27.079576 27.011576 26.920706 26.854603 26.767797 26.703911 26.621368 26.559973 26.481838 26.423151 26.349516 26.293711 26.224617 26.171820 26.107262 26.057550 25.997484 25.950895 25.895233 25.851767 25.800388 25.760006 25.712759 25.675390 25.632101 25.597645 25.558111 25.526443 25.490450 25.461422 25.428734 25.402182 25.372555 25.348295 25.321478 25.299318 25.275049 25.254784 25.232800 25.214216 25.194252 25.177128 25.158920 25.143030 25.126310 25.111427 25.095930 25.081821 25.067286 25.053713 25.039877 25.026606 25.013210 25.000000 
25.000000 25.013952 25.028101 25.042126 25.056747 25.071106 25.086487 25.101440 25.117863 25.133667 25.151421 25.168331 25.187710 25.205978 25.227272 25.247149 25.270655 25.292385 25.318394 25.342216 25.371025 25.397171 25.429071 25.457762 25.493038 25.524485 25.563414 25.597805 25.640657 25.678169 25.725197 25.765980 25.817417 25.861595 25.917654 25.965321 26.026184 26.077402 26.143223 26.198013 26.268904 26.327244 26.403278 26.465103 26.546310 26.611502 26.697857 26.766243 26.857672 26.929031 27.025396 27.099447 27.200554 27.276958 27.382545 27.460911 27.570658 27.650530 27.764053 27.844929 27.961779 28.043100 28.162762 28.243933 28.365837 28.446213 28.569736 28.648640 28.773106 28.849833 28.974531 29.048355 29.172531 29.242720 29.365593 29.431414 29.552183 29.612909 29.730770 29.785698 29.899841 29.948296 30.057928 30.099274 30.203625 30.237276 30.335606 30.361038 30.452650 30.469406 30.553658 30.561356 30.637667 30.636009 30.703871 30.692644 30.751629 30.730713 30.780472 30.749842 30.790117 30.749842 30.780472 30.730713 30.751629 30.692644 30.703871 30.636009 30.637667 30.561356 30.553656 30.469406 30.452648 30.361038 30.335604 30.237276 30.203623 30.099274 30.057928 29.948294 29.899841 29.785696 29.730768 29.612907 29.552181 29.431410 29.365589 29.242716 29.172527 29.048351 28.974527 28.849827 28.773102 28.648630 28.569727 28.446199 28.365824 28.243916 28.162743 28.043079 27.961752 27.844900 27.764021 27.650494 27.570616 27.460861 27.382490 27.276894 27.200480 27.099365 27.025303 26.928925 26.857552 26.766106 26.697701 26.611324 26.546110 26.464880 26.403025 26.326960 26.268581 26.197655 26.142817 26.076952 26.025675 25.964756 25.917017 25.860888 25.816626 25.765100 25.724216 25.677082 25.639448 25.596466 25.561924 25.522840 25.491215 25.455753 25.426846 25.394726 25.368320 25.339251 25.315121 25.288803 25.266708 25.242842 25.222538 25.200819 25.182051 25.162180 25.144686 25.126360 25.109879 25.092796 25.077061 25.060926 25.045666 25.030182 25.015127 25.000000 
25.000000 25.015800 25.031528 25.047709 25.063663 25.080540 25.097015 25.114904 25.132195 25.151421 25.169813 25.190704 25.210484 25.233366 25.254816 25.280024 25.303423 25.331284 25.356905 25.387753 25.415861 25.450024 25.480877 25.518679 25.552517 25.594278 25.631329 25.677353 25.717821 25.768404 25.812473 25.867889 25.915716 25.976213 26.027924 26.093725 26.149403 26.220699 26.280394 26.357332 26.421041 26.503731 26.571409 26.659903 26.731443 26.825745 26.900990 27.001040 27.079765 27.185448 27.267374 27.378498 27.463274 27.579586 27.666801 27.787973 27.877151 28.002783 28.093386 28.223009 28.314440 28.447510 28.539120 28.675028 28.766115 28.904188 28.994011 29.133516 29.221296 29.361454 29.446386 29.586369 29.667633 29.806576 29.883345 30.020361 30.091810 30.225996 30.291321 30.421766 30.480190 30.605993 30.656780 30.777058 30.819517 30.933420 30.966927 31.073650 31.097651 31.196440 31.210457 31.300627 31.304279 31.385214 31.378216 31.449389 31.431547 31.492523 31.463758 31.514196 31.474531 31.514196 31.463758 31.492523 31.431547 31.449389 31.378216 31.385214 31.304279 31.300625 31.210457 31.196438 31.097651 31.073648 30.966927 30.933418 30.819515 30.777056 30.656778 30.605991 30.480190 30.421764 30.291319 30.225994 30.091806 30.020359 29.883339 29.806574 29.667627 29.586365 29.446381 29.361448 29.221289 29.133509 28.993998 28.904173 28.766098 28.675009 28.539097 28.447485 28.314411 28.222975 28.093349 28.002741 27.877104 27.787916 27.666739 27.579514 27.463192 27.378405 27.267267 27.185328 27.079630 27.000883 26.900812 26.825542 26.731218 26.659647 26.571123 26.503407 26.420683 26.356924 26.279940 26.220186 26.148832 26.093082 26.027208 25.975414 25.914827 25.866896 25.811373 25.767174 25.716459 25.675837 25.629654 25.592417 25.550467 25.516405 25.478376 25.447256 25.412823 25.384396 25.353228 25.327229 25.298992 25.275146 25.249498 25.227526 25.204126 25.183739 25.162249 25.143148 25.123230 25.105118 25.086435 25.069010 25.051228 25.034184 25.016970 25.000000 
25.000000 25.017572 25.035397 25.053053 25.071482 25.089554 25.108936 25.127750 25.148449 25.168331 25.190704 25.211977 25.236389 25.259369 25.286190 25.311192 25.340788 25.368118 25.400862 25.430822 25.467083 25.499964 25.540106 25.576183 25.620565 25.660105 25.709072 25.752316 25.806206 25.853371 25.912498 25.963774 26.028431 26.083975 26.154428 26.214357 26.290834 26.355227 26.437914 26.506796 26.595837 26.669182 26.764666 26.842390 26.944349 27.026304 27.134710 27.220682 27.335434 27.425146 27.546070 27.639170 27.766016 27.862080 27.994524 28.093058 28.230696 28.331131 28.473475 28.575182 28.721664 28.823948 28.973927 29.076031 29.228792 29.329912 29.484671 29.583956 29.739866 29.836437 29.992599 30.085548 30.241020 30.329426 30.483231 30.566172 30.717308 30.793875 30.941332 31.010643 31.153408 31.214617 31.351696 31.404005 31.534433 31.577108 31.699963 31.732344 31.846754 31.868265 31.973431 31.983593 32.078785 32.077225 32.161808 32.148254 32.221699 32.195999 32.257870 32.219994 32.269966 32.219994 32.257870 32.195999 32.221699 32.148254 32.161808 32.077225 32.078785 31.983593 31.973429 31.868265 31.846752 31.732344 31.699961 31.577108 31.534431 31.404003 31.351694 31.214615 31.153406 31.010641 30.941328 30.793873 30.717304 30.566168 30.483227 30.329420 30.241016 30.085543 29.992594 29.836430 29.739859 29.583944 29.484657 29.329895 29.228773 29.076010 28.973904 28.823919 28.721634 28.575146 28.473433 28.331083 28.230640 28.092995 27.994453 27.862000 27.765924 27.639065 27.545950 27.425011 27.335279 27.220510 27.134512 27.026083 26.944098 26.842106 26.764345 26.668821 26.595430 26.506342 26.437401 26.354656 26.290192 26.213642 26.153625 26.083084 26.027433 25.962666 25.911261 25.851999 25.804678 25.750628 25.707193 25.658031 25.618263 25.573650 25.537298 25.496880 25.463673 25.427082 25.396734 25.363602 25.335814 25.305761 25.280220 25.252867 25.229256 25.204222 25.182215 25.159124 25.138386 25.116861 25.097057 25.076727 25.057518 25.038010 25.019053 25.000000 
25.000000 25.019590 25.039083 25.059149 25.078920 25.099852 25.120260 25.142450 25.163862 25.187710 25.210484 25.236389 25.260880 25.289249 25.315805 25.347048 25.376015 25.410538 25.442255 25.480471 25.515263 25.557577 25.595760 25.642572 25.684450 25.736149 25.782000 25.838966 25.889044 25.951639 26.006172 26.074730 26.133909 26.208740 26.272720 26.354095 26.422987 26.511135 26.584993 26.680099 26.758924 26.861116 26.944851 27.054193 27.142708 27.259203 27.352299 27.475874 27.573278 27.703781 27.805145 27.942341 28.047239 28.190807 28.298729 28.448265 28.558622 28.713631 28.825762 28.985659 29.098829 29.262943 29.376348 29.543926 29.656702 29.826916 29.938145 30.110086 30.218813 30.391518 30.496748 30.669195 30.769917 30.941040 31.036234 31.204939 31.293589 31.458761 31.539873 31.700394 31.773008 31.927767 31.990973 32.138882 32.191833 32.331848 32.373768 32.504898 32.535099 32.656418 32.674316 32.784977 32.790104 32.889355 32.881344 32.968540 32.947159 33.021763 32.986908 33.048508 33.000202 33.048508 32.986908 33.021763 32.947159 32.968540 32.881344 32.889355 32.790104 32.784977 32.674316 32.656414 32.535099 32.504894 32.373768 32.331848 32.191833 32.138882 31.990973 31.927765 31.773006 31.700392 31.539871 31.458759 31.293585 31.204937 31.036230 30.941036 30.769911 30.669189 30.496740 30.391510 30.218801 30.110075 29.938129 29.826897 29.656681 29.543903 29.376320 29.262913 29.098793 28.985619 28.825716 28.713577 28.558561 28.448195 28.298649 28.190718 28.047136 27.942225 27.805014 27.703630 27.573109 27.475679 27.352081 27.258955 27.142429 27.053877 26.944496 26.860716 26.758476 26.679592 26.584427 26.510498 26.422276 26.353298 26.271833 26.207747 26.132807 26.073496 26.004803 25.950111 25.887354 25.837084 25.779921 25.733839 25.681904 25.639748 25.592655 25.554138 25.511490 25.476301 25.437689 25.405504 25.370514 25.340994 25.309206 25.282001 25.252993 25.227747 25.201101 25.177446 25.152744 25.130310 25.107140 25.085552 25.063499 25.042379 25.021036 25.000000 
25.000000 25.021503 25.043324 25.064926 25.087486 25.109591 25.133324 25.156330 25.181671 25.205978 25.233366 25.259369 25.289249 25.317335 25.350153 25.380707 25.416914 25.450312 25.490360 25.526968 25.571304 25.611477 25.660549 25.704626 25.758865 25.807167 25.866999 25.919821 25.985651 26.043262 26.115473 26.178102 26.257050 26.324888 26.410891 26.484085 26.577419 26.656061 26.756952 26.841076 26.949696 27.039268 27.155724 27.250643 27.374969 27.475056 27.607210 27.712208 27.852068 27.961632 28.108982 28.222687 28.377224 28.494555 28.655874 28.776228 28.943836 29.066525 29.239824 29.364077 29.542377 29.667349 29.849863 29.974636 30.160492 30.284084 30.472326 30.593706 30.783302 30.901396 31.091251 31.204954 31.393919 31.502113 31.688999 31.790560 31.974152 32.067974 32.247040 32.332047 32.505356 32.580517 32.746868 32.811211 32.969425 33.022060 33.171017 33.211132 33.349781 33.376678 33.504044 33.517139 33.632339 33.631172 33.733440 33.717682 33.806366 33.775826 33.850410 33.805042 33.865139 33.805042 33.850410 33.775826 33.806366 33.717682 33.733440 33.631172 33.632339 33.517139 33.504044 33.376678 33.349781 33.211132 33.171017 33.022060 32.969425 32.811211 32.746864 32.580517 32.505356 32.332043 32.247036 32.067970 31.974150 31.790556 31.688995 31.502108 31.393915 31.204947 31.091242 30.901384 30.783291 30.593691 30.472309 30.284065 30.160469 29.974609 29.849834 29.667315 29.542337 29.364033 29.239773 29.066465 28.943769 28.776152 28.655788 28.494455 28.377110 28.222559 28.108835 27.961466 27.851877 27.711994 27.606968 27.474783 27.374659 27.250296 27.155329 27.038828 26.949198 26.840519 26.756325 26.655361 26.576632 26.483208 26.409906 26.323795 26.255825 26.176744 26.113955 26.041580 25.983778 25.917751 25.864695 25.804626 25.756042 25.701519 25.657106 25.607697 25.567123 25.522385 25.485300 25.444778 25.410820 25.374054 25.342840 25.309370 25.280510 25.249872 25.222969 25.194704 25.169348 25.142998 25.118780 25.093891 25.070393 25.046513 25.023319 25.000000 
25.000000 25.023722 25.047323 25.071629 25.095556 25.120911 25.145605 25.172485 25.198389 25.227272 25.254816 25.286190 25.315805 25.350153 25.382263 25.420080 25.455103 25.496881 25.535225 25.581459 25.623516 25.674694 25.720848 25.777452 25.828066 25.890566 25.945976 26.014826 26.075342 26.150974 26.216873 26.299688 26.371201 26.461571 26.538879 26.637131 26.720367 26.826773 26.916010 27.030787 27.126024 27.249323 27.350489 27.482386 27.589325 27.729818 27.842295 27.991289 28.108974 28.266287 28.388758 28.554100 28.680843 28.853828 28.984232 29.164364 29.297722 29.484404 29.619917 29.812439 29.949223 30.146776 30.283863 30.485538 30.621891 30.826685 30.961197 31.168018 31.299540 31.507223 31.634556 31.841873 31.963800 32.169468 32.284763 32.487461 32.594898 32.793289 32.891674 33.084415 33.172588 33.358341 33.435207 33.612667 33.677204 33.845116 33.896389 34.053562 34.090744 34.236073 34.258457 34.390923 34.397938 34.516640 34.507847 34.612011 34.587124 34.676113 34.635002 34.708321 34.651016 34.708321 34.635002 34.676113 34.587124 34.612011 34.507847 34.516640 34.397938 34.390923 34.258457 34.236073 34.090744 34.053562 33.896389 33.845116 33.677204 33.612667 33.435207 33.358341 33.172588 33.084415 32.891674 32.793289 32.594894 32.487461 32.284756 32.169464 31.963793 31.841866 31.634546 31.507212 31.299526 31.168003 30.961180 30.826662 30.621866 30.485512 30.283831 30.146740 29.949179 29.812389 29.619860 29.484339 29.297649 29.164280 28.984137 28.853718 28.680719 28.553957 28.388597 28.266102 28.108768 27.991055 27.842030 27.729517 27.588987 27.482000 27.350058 27.248835 27.125479 27.030172 26.915323 26.826000 26.719505 26.636162 26.537802 26.460363 26.369860 26.298191 26.215210 26.149120 26.073292 26.012541 25.943455 25.887762 25.824978 25.774025 25.717081 25.670523 25.618940 25.576403 25.529690 25.490780 25.448437 25.412743 25.374266 25.341368 25.306250 25.275715 25.243448 25.214834 25.184919 25.157778 25.129713 25.103588 25.076880 25.051315 25.025469 25.000000 
25.000000 25.025806 25.051998 25.077913 25.104998 25.131508 25.160000 25.187588 25.218008 25.247149 25.280024 25.311192 25.347048 25.380707 25.420080 25.456694 25.500122 25.540138 25.588160 25.632017 25.685169 25.733292 25.792103 25.844900 25.909887 25.967739 26.039408 26.102671 26.181501 26.250496 26.336946 26.411947 26.506437 26.587673 26.690582 26.778227 26.889883 26.984045 27.104713 27.205437 27.335316 27.442560 27.581776 27.695419 27.844006 27.963839 28.121744 28.247456 28.414526 28.545710 28.721687 28.857832 29.042347 29.182838 29.375408 29.519527 29.719553 29.866482 30.073248 30.222067 30.434744 30.584444 30.802095 30.951582 31.173161 31.321264 31.545626 31.691116 31.917030 32.058624 32.284786 32.421165 32.646202 32.776035 32.998524 33.120476 33.338966 33.451710 33.664745 33.766994 33.973110 34.063637 34.261391 34.339035 34.527035 34.590729 34.767643 34.816422 34.980991 35.014023 35.165096 35.181675 35.318207 35.317780 35.438854 35.421028 35.525883 35.490425 35.578438 35.525291 35.596016 35.525291 35.578438 35.490425 35.525883 35.421028 35.438854 35.317780 35.318207 35.181675 35.165096 35.014023 34.980991 34.816422 34.767643 34.590729 34.527035 34.339035 34.261391 34.063633 33.973106 33.766991 33.664745 33.451706 33.338966 33.120468 32.998520 32.776028 32.646194 32.421158 32.284775 32.058613 31.917015 31.691097 31.545605 31.321239 31.173132 30.951551 30.802061 30.584404 30.434698 30.222013 30.073185 29.866411 29.719471 29.519436 29.375301 29.182718 29.042210 28.857677 28.721510 28.545511 28.414299 28.247200 28.121452 27.963511 27.843634 27.695002 27.581301 27.442030 27.334717 27.204767 27.103958 26.983204 26.888935 26.777172 26.689400 26.586357 26.504965 26.410313 26.335121 26.248474 26.179249 26.100180 26.036636 25.964682 25.906490 25.841164 25.787962 25.728748 25.680141 25.626509 25.582079 25.533489 25.492798 25.448702 25.411293 25.371140 25.336548 25.299786 25.267532 25.233612 25.203207 25.171581 25.142536 25.112661 25.084476 25.055815 25.027985 25.000000 
25.000000 25.028255 25.056362 25.085316 25.113800 25.144007 25.173401 25.205423 25.236246 25.270655 25.303423 25.340788 25.376015 25.416914 25.455103 25.500122 25.541769 25.591490 25.637081 25.692087 25.742088 25.802961 25.857828 25.925137 25.985298 26.059597 26.125456 26.207281 26.279203 26.369064 26.447376 26.545750 26.630728 26.738045 26.829908 26.946552 27.045458 27.171751 27.277779 27.413975 27.527128 27.673399 27.793594 27.950026 28.077082 28.243664 28.377296 28.553917 28.693741 28.880171 29.025686 29.221586 29.372181 29.577084 29.732037 29.945353 30.103828 30.324841 30.485893 30.713762 30.876345 31.110107 31.273077 31.511652 31.673780 31.915977 32.075958 32.320484 32.476948 32.722424 32.873959 33.118931 33.264095 33.507038 33.644386 33.883743 34.011818 34.246010 34.363396 34.590828 34.696156 34.915257 35.007229 35.216454 35.293854 35.491726 35.553452 35.738560 35.783630 35.954674 35.982246 36.138027 36.147419 36.286880 36.277573 36.399799 36.371452 36.475697 36.428146 36.513832 36.447105 36.513832 36.428146 36.475697 36.371452 36.399799 36.277573 36.286880 36.147419 36.138027 35.982246 35.954674 35.783630 35.738560 35.553448 35.491726 35.293854 35.216454 35.007225 34.915257 34.696156 34.590828 34.363392 34.246006 34.011814 33.883739 33.644379 33.507030 33.264088 33.118919 32.873947 32.722408 32.476933 32.320465 32.075932 31.915951 31.673750 31.511620 31.273039 31.110064 30.876293 30.713703 30.485825 30.324762 30.103739 29.945251 29.731922 29.576952 29.372032 29.221416 29.025494 28.879953 28.693493 28.553637 28.376980 28.243305 28.076675 27.949568 27.793079 27.672817 27.526478 27.413240 27.276958 27.170828 27.044428 26.945396 26.828623 26.736603 26.629126 26.543959 26.445393 26.366850 26.276754 26.204554 26.122444 26.056250 25.981611 25.921045 25.853334 25.797985 25.736631 25.686054 25.630478 25.584211 25.533819 25.491371 25.445568 25.406439 25.364624 25.328299 25.289875 25.255827 25.220196 25.187893 25.154465 25.123367 25.091555 25.061115 25.030331 25.000000 
25.000000 25.030535 25.061529 25.092186 25.124243 25.155594 25.189318 25.221935 25.257938 25.292385 25.331284 25.368118 25.410538 25.450312 25.496881 25.540138 25.591490 25.638762 25.695528 25.747330 25.810143 25.866978 25.936457 25.998804 26.075560 26.143871 26.228495 26.303190 26.396246 26.477699 26.579721 26.668261 26.779741 26.875637 26.997015 27.100471 27.232130 27.343275 27.485523 27.604408 27.757475 27.884054 28.048079 28.182209 28.357231 28.498665 28.684614 28.832987 29.029678 29.184511 29.391636 29.552328 29.769445 29.935276 30.161810 30.331936 30.567177 30.740635 30.983738 31.159449 31.409435 31.586210 31.841970 32.018524 32.278828 32.453789 32.717285 32.889202 33.154442 33.321815 33.587265 33.748539 34.012581 34.166191 34.427158 34.571533 34.827724 34.961304 35.211006 35.332279 35.573772 35.681290 35.912888 36.005291 36.225357 36.301388 36.508358 36.566883 36.759289 36.799320 36.975811 36.996521 37.155876 37.156609 37.297764 37.278046 37.400105 37.359669 37.461910 37.400677 37.482582 37.400677 37.461910 37.359669 37.400105 37.278046 37.297764 37.156609 37.155876 36.996521 36.975811 36.799320 36.759289 36.566883 36.508358 36.301388 36.225357 36.005291 35.912884 35.681290 35.573769 35.332275 35.211002 34.961300 34.827721 34.571522 34.427155 34.166180 34.012573 33.748524 33.587250 33.321800 33.154427 32.889183 32.717258 32.453758 32.278793 32.018486 31.841928 31.586161 31.409378 31.159382 30.983665 30.740549 30.567081 30.331825 30.161684 29.935133 29.769281 29.552143 29.391426 29.184273 29.029409 28.832680 28.684269 28.498272 28.356791 28.181711 28.047516 27.883423 27.756763 27.603611 27.484629 27.342276 27.231005 27.099218 26.995611 26.874075 26.777994 26.666321 26.577555 26.475302 26.393572 26.300236 26.225208 26.140249 26.071533 25.994377 25.931547 25.861589 25.804182 25.740803 25.688320 25.630882 25.582809 25.530670 25.486469 25.438982 25.398102 25.354612 25.316488 25.276356 25.240410 25.202986 25.168640 25.133287 25.099951 25.066034 25.033112 25.000000 
25.000000 25.033247 25.066309 25.100380 25.133881 25.169432 25.203991 25.241676 25.277908 25.318394 25.356905 25.400862 25.442255 25.490360 25.535225 25.588160 25.637081 25.695528 25.749071 25.813713 25.872433 25.943947 26.008371 26.087423 26.158058 26.245295 26.322611 26.418657 26.503086 26.608534 26.700457 26.815861 26.915600 27.041464 27.149277 27.286041 27.402113 27.550150 27.674578 27.834177 27.966963 28.138323 28.279367 28.462582 28.611673 28.806725 28.963535 29.170284 29.334358 29.552532 29.723291 29.952482 30.129211 30.368868 30.550722 30.800152 30.986155 31.244511 31.433559 31.699858 31.890726 32.163834 32.355190 32.633839 32.824242 33.107037 33.294968 33.580395 33.764252 34.050701 34.228832 34.514599 34.685322 34.968632 35.130245 35.409279 35.560093 35.832996 35.971355 36.236279 36.360577 36.615685 36.724403 36.967899 37.059624 37.289776 37.363213 37.578388 37.632381 37.831062 37.864635 38.045429 38.057774 38.219456 38.209961 38.351467 38.319729 38.440193 38.386017 38.484776 38.408184 38.484776 38.386017 38.440193 38.319729 38.351467 38.209961 38.219456 38.057774 38.045429 37.864635 37.831062 37.632381 37.578388 37.363209 37.289776 37.059620 36.967896 36.724403 36.615681 36.360577 36.236279 35.971352 35.832993 35.560085 35.409271 35.130234 34.968624 34.685307 34.514587 34.228817 34.050686 33.764233 33.580376 33.294941 33.107010 32.824207 32.633797 32.355141 32.163780 31.890665 31.699787 31.433477 31.244421 30.986050 30.800034 30.550587 30.368713 30.129034 29.952282 29.723063 29.552273 29.334064 29.169950 28.963160 28.806301 28.611195 28.462040 28.278759 28.137636 27.966192 27.833311 27.673609 27.549061 27.400898 27.284678 27.147760 27.039762 26.913712 26.813749 26.698116 26.605923 26.500198 26.415440 26.319061 26.241346 26.153713 26.082600 26.003073 25.938080 25.865999 25.806604 25.741293 25.686947 25.627714 25.577848 25.523994 25.478020 25.428843 25.386154 25.340954 25.300934 25.259014 25.221037 25.181704 25.145136 25.107702 25.071901 25.035681 25.000000 
