25.000000 25.000000 25.000000 25.000000 25.000000 25.000000 25.000000 25.000000 25.000000 25.000000 25.000000 25.000000 25.000000 25.000000 25.000000 25.000000 25.000000 25.000000 25.000000 25.000000 25.000000 25.000000 25.000000 25.000000 25.000000 25.000000 25.000000 25.000000 25.000000 25.000000 25.000000 25.000000 25.000000 25.000000 25.000000 25.000000 25.000000 25.000000 25.000000 25.000000 25.000000 25.000000 25.000000 25.000000 25.000000 25.000000 25.000000 25.000000 25.000000 25.000000 25.000000 25.000000 25.000000 25.000000 25.000000 25.000000 25.000000 25.000000 25.000000 25.000000 25.000000 25.000000 25.000000 25.000000 25.000000 25.000000 25.000000 25.000000 25.000000 25.000000 25.000000 25.000000 25.000000 25.000000 25.000000 25.000000 25.000000 25.000000 25.000000 25.000000 25.000000 25.000000 25.000000 25.000000 25.000000 25.000000 25.000000 25.000000 25.000000 25.000000 25.000000 25.000000 25.000000 25.000000 25.000000 25.000000 25.000000 25.000000 25.000000 25.000000 25.000000 25.000000 25.000000 25.000000 25.000000 25.000000 25.000000 25.000000 25.000000 25.000000 25.000000 25.000000 25.000000 25.000000 25.000000 25.000000 25.000000 25.000000 25.000000 25.000000 25.000000 25.000000 25.000000 25.000000 25.000000 25.000000 25.000000 25.000000 25.000000 25.000000 25.000000 25.000000 25.000000 25.000000 25.000000 25.000000 25.000000 25.000000 25.000000 25.000000 25.000000 25.000000 25.000000 25.000000 25.000000 25.000000 25.000000 25.000000 25.000000 25.000000 25.000000 25.000000 25.000000 25.000000 25.000000 25.000000 25.000000 25.000000 25.000000 25.000000 25.000000 25.000000 25.000000 25.000000 25.000000 25.000000 25.000000 25.000000 25.000000 25.000000 25.000000 25.000000 25.000000 25.000000 25.000000 25.000000 25.000000 25.000000 25.000000 25.000000 25.000000 25.000000 25.000000 25.000000 25.000000 25.000000 25.000000 25.000000 25.000000 25.000000 25.000000 25.000000 25.000000 25.000000 25.000000 25.000000 25.000000 25.000000 25.000000 25.000000 
25.000000 25.000402 25.000811 25.001221 25.001652 25.002083 25.002548 25.003014 25.003529 25.004042 25.004620 25.005196 25.005854 25.006510 25.007263 25.008011 25.008881 25.009733 25.010738 25.011715 25.012873 25.013990 25.015324 25.016598 25.018129 25.019575 25.021328 25.022963 25.024960 25.026802 25.029066 25.031130 25.033684 25.035986 25.038855 25.041409 25.044615 25.047432 25.050995 25.054087 25.058027 25.061399 25.065735 25.069393 25.074139 25.078081 25.083246 25.087471 25.093063 25.097563 25.103586 25.108345 25.114798 25.119797 25.126673 25.131889 25.139174 25.144577 25.152252 25.157806 25.165848 25.171511 25.179886 25.185612 25.194284 25.200022 25.208946 25.214640 25.223764 25.229355 25.238625 25.244049 25.253405 25.258598 25.267971 25.272869 25.282192 25.286728 25.295931 25.300037 25.309048 25.312664 25.321405 25.324472 25.332874 25.335337 25.343328 25.345135 25.352648 25.353758 25.360729 25.361103 25.367474 25.367088 25.372807 25.371641 25.376663 25.374706 25.378994 25.376247 25.379774 25.376247 25.378994 25.374706 25.376663 25.371641 25.372807 25.367088 25.367474 25.361103 25.360729 25.353758 25.352648 25.345135 25.343328 25.335337 25.332874 25.324472 25.321405 25.312664 25.309048 25.300037 25.295931 25.286728 25.282192 25.272869 25.267971 25.258598 25.253405 25.244049 25.238625 25.229355 25.223764 25.214640 25.208946 25.200022 25.194284 25.185612 25.179886 25.171511 25.165848 25.157804 25.152252 25.144575 25.139174 25.131887 25.126673 25.119797 25.114798 25.108343 25.103586 25.097561 25.093063 25.087471 25.083244 25.078079 25.074137 25.069391 25.065733 25.061398 25.058025 25.054085 25.050991 25.047428 25.044609 25.041403 25.038847 25.035978 25.033674 25.031118 25.029053 25.026787 25.024942 25.022943 25.021305 25.019548 25.018099 25.016563 25.015287 25.013947 25.012825 25.011660 25.010675 25.009663 25.008801 25.007921 25.007162 25.006397 25.005728 25.005056 25.004461 25.003864 25.003330 25.002796 25.002306 25.001814 25.001352 25.000893 25.000446 25.000000 
25.000000 25.000811 25.001623 25.002464 25.003305 25.004202 25.005098 25.006079 25.007057 25.008150 25.009241 25.010477 25.011711 25.013124 25.014528 25.016153 25.017756 25.019634 25.021467 25.023634 25.025730 25.028231 25.030622 25.033497 25.036221 25.039515 25.042601 25.046360 25.049845 25.054119 25.058035 25.062866 25.067245 25.072685 25.077557 25.083649 25.089039 25.095827 25.101757 25.109285 25.115772 25.124075 25.131132 25.140244 25.147873 25.157818 25.166016 25.176815 25.185572 25.197233 25.206528 25.219051 25.228849 25.242231 25.252489 25.266708 25.277372 25.292395 25.303400 25.319181 25.330450 25.346935 25.358377 25.375496 25.387016 25.404684 25.416174 25.434298 25.445639 25.464111 25.475185 25.493889 25.504566 25.523373 25.533520 25.552296 25.561783 25.580389 25.589081 25.607372 25.615143 25.632969 25.639696 25.656914 25.662479 25.678942 25.683243 25.698812 25.701754 25.716299 25.717802 25.731197 25.731197 25.743336 25.741787 25.752569 25.749443 25.758787 25.754074 25.761915 25.755625 25.761915 25.754074 25.758787 25.749443 25.752569 25.741787 25.743336 25.731197 25.731197 25.717802 25.716299 25.701754 25.698812 25.683243 25.678942 25.662479 25.656914 25.639696 25.632969 25.615143 25.607372 25.589081 25.580389 25.561783 25.552296 25.533520 25.523373 25.504566 25.493889 25.475185 25.464111 25.445639 25.434298 25.416174 25.404684 25.387016 25.375496 25.358377 25.346935 25.330448 25.319181 25.303398 25.292395 25.277370 25.266708 25.252489 25.242231 25.228848 25.219051 25.206526 25.197231 25.185570 25.176811 25.166014 25.157814 25.147869 25.140238 25.131126 25.124069 25.115767 25.109278 25.101749 25.095818 25.089027 25.083635 25.077541 25.072668 25.067225 25.062843 25.058006 25.054089 25.049810 25.046322 25.042555 25.039461 25.036161 25.033430 25.030546 25.028143 25.025631 25.023523 25.021341 25.019491 25.017597 25.015974 25.014326 25.012897 25.011457 25.010195 25.008924 25.007795 25.006662 25.005638 25.004612 25.003658 25.002707 25.001799 25.000893 25.000000 
25.000000 25.001221 25.002464 25.003708 25.005014 25.006321 25.007732 25.009144 25.010702 25.012260 25.014015 25.015764 25.017759 25.019743 25.022032 25.024294 25.026934 25.029520 25.032570 25.035526 25.039045 25.042425 25.046476 25.050329 25.054979 25.059357 25.064676 25.069628 25.075686 25.081263 25.088129 25.094383 25.102131 25.109106 25.117804 25.125542 25.135258 25.143795 25.154594 25.163961 25.175905 25.186123 25.199263 25.210344 25.224722 25.236670 25.252319 25.265120 25.282066 25.295694 25.313944 25.328360 25.347912 25.363054 25.383884 25.399685 25.421753 25.438120 25.461369 25.478193 25.502548 25.519705 25.545069 25.562418 25.588676 25.606062 25.633080 25.650333 25.677958 25.694899 25.722961 25.739403 25.767717 25.783463 25.811831 25.826677 25.854893 25.868645 25.896494 25.908951 25.936209 25.947184 25.973631 25.982941 26.008358 26.015837 26.040009 26.045506 26.068228 26.071611 26.092690 26.093853 26.113115 26.111975 26.129259 26.125757 26.140932 26.135040 26.147993 26.139709 26.150356 26.139709 26.147993 26.135040 26.140932 26.125757 26.129259 26.111975 26.113115 26.093853 26.092690 26.071611 26.068228 26.045506 26.040009 26.015837 26.008358 25.982941 25.973631 25.947184 25.936209 25.908951 25.896494 25.868645 25.854893 25.826677 25.811831 25.783463 25.767717 25.739403 25.722961 25.694899 25.677958 25.650333 25.633080 25.606062 25.588676 25.562418 25.545069 25.519705 25.502548 25.478193 25.461369 25.438118 25.421753 25.399683 25.383884 25.363052 25.347910 25.328358 25.313944 25.295691 25.282063 25.265116 25.252316 25.236664 25.224716 25.210337 25.199255 25.186115 25.175896 25.163950 25.154583 25.143780 25.135241 25.125521 25.117779 25.109077 25.102100 25.094347 25.088089 25.081215 25.075632 25.069567 25.064606 25.059277 25.054890 25.050228 25.046360 25.042294 25.038897 25.035358 25.032379 25.029306 25.026693 25.024023 25.021727 25.019402 25.017376 25.015335 25.013535 25.011728 25.010105 25.008482 25.006994 25.005505 25.004107 25.002707 25.001352 25.000000 
25.000000 25.001652 25.003305 25.005014 25.006723 25.008545 25.010368 25.012360 25.014351 25.016573 25.018793 25.021307 25.023811 25.026688 25.029533 25.032845 25.036097 25.039917 25.043636 25.048046 25.052299 25.057384 25.062239 25.068087 25.073608 25.080309 25.086573 25.094217 25.101290 25.109976 25.117924 25.127743 25.136631 25.147684 25.157570 25.169949 25.180885 25.194677 25.206711 25.222000 25.235167 25.252028 25.266350 25.284847 25.300335 25.320522 25.337166 25.359081 25.376860 25.400522 25.419390 25.444805 25.464693 25.491846 25.512669 25.541512 25.563160 25.593632 25.615973 25.647982 25.670856 25.704288 25.727518 25.762230 25.785620 25.821442 25.844770 25.881510 25.904545 25.941986 25.964476 26.002380 26.024067 26.062178 26.082796 26.120840 26.140118 26.177809 26.195482 26.232529 26.248335 26.284439 26.298128 26.332991 26.344332 26.377661 26.386436 26.417952 26.423973 26.453405 26.456512 26.483614 26.483677 26.508226 26.505150 26.526947 26.520674 26.539555 26.530064 26.545897 26.533205 26.545897 26.530064 26.539555 26.520674 26.526947 26.505150 26.508226 26.483677 26.483614 26.456512 26.453405 26.423973 26.417952 26.386436 26.377661 26.344332 26.332991 26.298128 26.284439 26.248335 26.232529 26.195482 26.177809 26.140118 26.120838 26.082796 26.062178 26.024067 26.002380 25.964476 25.941986 25.904545 25.881510 25.844770 25.821442 25.785620 25.762230 25.727518 25.704288 25.670856 25.647982 25.615971 25.593632 25.563160 25.541512 25.512667 25.491844 25.464691 25.444803 25.419386 25.400520 25.376854 25.359077 25.337162 25.320515 25.300327 25.284838 25.266340 25.252016 25.235153 25.221985 25.206694 25.194656 25.180862 25.169920 25.157537 25.147648 25.136589 25.127697 25.117867 25.109913 25.101217 25.094135 25.086479 25.080202 25.073488 25.067947 25.062082 25.057207 25.052099 25.047819 25.043379 25.039627 25.035770 25.032478 25.029123 25.026224 25.023296 25.020729 25.018148 25.015852 25.013552 25.011465 25.009378 25.007442 25.005507 25.003660 25.001814 25.000000 
25.000000 25.002083 25.004202 25.006321 25.008545 25.010771 25.013176 25.015579 25.018236 25.020891 25.023878 25.026854 25.030254 25.033627 25.037531 25.041374 25.045876 25.050272 25.055468 25.060493 25.066492 25.072233 25.079138 25.085684 25.093609 25.101046 25.110106 25.118521 25.128836 25.138315 25.150003 25.160633 25.173817 25.185673 25.200472 25.213623 25.230154 25.244665 25.263033 25.278955 25.299263 25.316633 25.338970 25.357809 25.382246 25.402555 25.429152 25.450912 25.479706 25.502874 25.533878 25.558386 25.591595 25.617340 25.652714 25.679577 25.717049 25.744873 25.784346 25.812950 25.854292 25.883463 25.926512 25.956013 26.000570 26.030140 26.075977 26.105326 26.152185 26.181007 26.228600 26.256575 26.304588 26.331383 26.379484 26.404758 26.452593 26.476009 26.523211 26.544436 26.590628 26.609341 26.654150 26.670040 26.713093 26.725880 26.766813 26.776239 26.814707 26.820551 26.856226 26.858305 26.890892 26.889061 26.918291 26.912455 26.938103 26.928209 26.950083 26.936132 26.954094 26.936132 26.950083 26.928209 26.938103 26.912455 26.918291 26.889061 26.890892 26.858305 26.856226 26.820551 26.814707 26.776239 26.766813 26.725880 26.713093 26.670040 26.654150 26.609339 26.590628 26.544436 26.523211 26.476009 26.452593 26.404758 26.379484 26.331383 26.304588 26.256575 26.228600 26.181007 26.152185 26.105326 26.075977 26.030140 26.000570 25.956013 25.926512 25.883463 25.854292 25.812950 25.784346 25.744873 25.717047 25.679575 25.652712 25.617336 25.591593 25.558380 25.533876 25.502869 25.479702 25.450907 25.429146 25.402548 25.382236 25.357798 25.338957 25.316620 25.299246 25.278936 25.263010 25.244640 25.230122 25.213589 25.200430 25.185625 25.173763 25.160572 25.149935 25.138235 25.128744 25.118416 25.109985 25.100910 25.093454 25.085510 25.078939 25.072010 25.066236 25.060207 25.055143 25.049904 25.045464 25.040913 25.037010 25.033045 25.029600 25.026125 25.023058 25.019981 25.017218 25.014452 25.011917 25.009380 25.006998 25.004614 25.002306 25.000000 
25.000000 25.002548 25.005098 25.007732 25.010368 25.013176 25.015985 25.019054 25.022123 25.025547 25.028963 25.032841 25.036692 25.041128 25.045506 25.050611 25.055611 25.061502 25.067219 25.074020 25.080555 25.088396 25.095856 25.104866 25.113356 25.123678 25.133305 25.145079 25.155951 25.169321 25.181540 25.196655 25.210318 25.227325 25.242523 25.261564 25.278381 25.299589 25.318094 25.341599 25.361843 25.387760 25.409781 25.438210 25.462021 25.493038 25.518629 25.552296 25.579628 25.615974 25.644981 25.684010 25.714588 25.756273 25.788290 25.832565 25.865850 25.912617 25.946966 25.996084 26.031260 26.082546 26.118275 26.171515 26.207489 26.262423 26.298309 26.354639 26.390078 26.447472 26.482079 26.540173 26.573551 26.631950 26.663694 26.721979 26.751673 26.809404 26.836639 26.893370 26.917749 26.973021 26.994158 27.047516 27.065054 27.116051 27.129658 27.177864 27.187252 27.232254 27.237177 27.278599 27.278854 27.316355 27.311798 27.345074 27.335613 27.364412 27.350019 27.374142 27.354839 27.374142 27.350019 27.364412 27.335613 27.345074 27.311798 27.316355 27.278854 27.278599 27.237177 27.232254 27.187252 27.177864 27.129658 27.116051 27.065054 27.047516 26.994158 26.973021 26.917747 26.893370 26.836639 26.809404 26.751673 26.721977 26.663694 26.631950 26.573551 26.540173 26.482079 26.447470 26.390078 26.354639 26.298307 26.262423 26.207489 26.171515 26.118273 26.082546 26.031258 25.996082 25.946966 25.912617 25.865850 25.832563 25.788286 25.756271 25.714584 25.684008 25.644976 25.615971 25.579622 25.552290 25.518621 25.493029 25.462009 25.438196 25.409765 25.387743 25.361822 25.341574 25.318066 25.299557 25.278343 25.261520 25.242474 25.227268 25.210253 25.196581 25.181454 25.169224 25.155838 25.144951 25.133160 25.123512 25.113169 25.104652 25.095613 25.088121 25.080246 25.073669 25.066822 25.061056 25.055107 25.050045 25.044870 25.040415 25.035896 25.031948 25.027969 25.024435 25.020889 25.017673 25.014458 25.011473 25.008490 25.005644 25.002798 25.000000 
25.000000 25.003014 25.006079 25.009144 25.012360 25.015579 25.019054 25.022532 25.026371 25.030205 25.034523 25.038818 25.043739 25.048603 25.054251 25.059793 25.066305 25.072641 25.080158 25.087402 25.096073 25.104353 25.114330 25.123768 25.135216 25.145939 25.159021 25.171156 25.186047 25.199715 25.216587 25.231911 25.250935 25.268026 25.289375 25.308336 25.332174 25.353098 25.379578 25.402534 25.431805 25.456848 25.489033 25.516195 25.551399 25.580679 25.618986 25.650356 25.691818 25.725220 25.769855 25.805185 25.852983 25.890100 25.941004 25.979733 26.033642 26.073759 26.130533 26.171778 26.231228 26.273294 26.335182 26.377731 26.441772 26.484423 26.550293 26.592630 26.659952 26.701540 26.769901 26.810276 26.879225 26.917910 26.986967 27.023476 27.092131 27.125975 27.193703 27.224401 27.290665 27.317759 27.382017 27.405062 27.466782 27.485369 27.544031 27.557793 27.612898 27.621515 27.672598 27.675808 27.722439 27.720034 27.761833 27.753674 27.790316 27.776327 27.807541 27.787722 27.813307 27.787722 27.807541 27.776327 27.790316 27.753674 27.761833 27.720034 27.722439 27.675808 27.672598 27.621515 27.612898 27.557793 27.544031 27.485369 27.466782 27.405060 27.382017 27.317757 27.290665 27.224401 27.193703 27.125973 27.092131 27.023476 26.986967 26.917910 26.879225 26.810276 26.769899 26.701540 26.659950 26.592630 26.550291 26.484423 26.441772 26.377729 26.335182 26.273293 26.231226 26.171778 26.130533 26.073759 26.033640 25.979731 25.941002 25.890097 25.852982 25.805180 25.769854 25.725214 25.691813 25.650351 25.618977 25.580669 25.551386 25.516178 25.489014 25.456827 25.431780 25.402508 25.379543 25.353058 25.332129 25.308285 25.289316 25.267960 25.250856 25.231821 25.216484 25.199598 25.185913 25.171003 25.158850 25.145742 25.134993 25.123514 25.114042 25.104027 25.095705 25.086987 25.079687 25.072111 25.065708 25.059122 25.053497 25.047758 25.042791 25.037762 25.033339 25.028889 25.024897 25.020899 25.017233 25.013567 25.010120 25.006674 25.003336 25.000000 
25.000000 25.003529 25.007057 25.010702 25.014351 25.018236 25.022123 25.026371 25.030615 25.035353 25.040071 25.045439 25.050755 25.056898 25.062937 25.070005 25.076900 25.085056 25.092941 25.102350 25.111368 25.122210 25.132500 25.144957 25.156670 25.170931 25.184214 25.200478 25.215473 25.233940 25.250793 25.271664 25.290508 25.313982 25.334946 25.361216 25.384411 25.413666 25.439188 25.471600 25.499521 25.535248 25.565622 25.604797 25.637640 25.680374 25.715668 25.762039 25.799736 25.849785 25.889791 25.943521 25.985695 26.043066 26.087225 26.148146 26.194056 26.258387 26.305769 26.373316 26.421839 26.492353 26.541645 26.614822 26.664461 26.739948 26.789474 26.866861 26.915777 26.994606 27.042389 27.122154 27.168259 27.248421 27.292286 27.372269 27.413324 27.492525 27.530212 27.608013 27.641781 27.717554 27.746878 27.820002 27.844383 27.914244 27.933233 27.999239 28.012436 28.074028 28.081089 28.137747 28.138401 28.189655 28.183699 28.229137 28.216446 28.255726 28.236254 28.269100 28.242882 28.269100 28.236254 28.255726 28.216446 28.229137 28.183699 28.189655 28.138401 28.137747 28.081089 28.074028 28.012436 27.999239 27.933231 27.914244 27.844381 27.820002 27.746876 27.717554 27.641779 27.608013 27.530210 27.492525 27.413324 27.372269 27.292286 27.248421 27.168259 27.122154 27.042389 26.994604 26.915777 26.866859 26.789474 26.739948 26.664461 26.614822 26.541643 26.492352 26.421837 26.373314 26.305767 26.258385 26.194054 26.148144 26.087221 26.043064 25.985691 25.943518 25.889784 25.849781 25.799728 25.762032 25.715658 25.680361 25.637623 25.604778 25.565599 25.535223 25.499495 25.471565 25.439150 25.413620 25.384359 25.361156 25.334877 25.313902 25.290419 25.271559 25.250675 25.233805 25.215319 25.200300 25.184013 25.170702 25.156410 25.144661 25.132164 25.121828 25.110937 25.101866 25.092392 25.084436 25.076204 25.069221 25.062057 25.055910 25.049652 25.044203 25.038694 25.033812 25.028904 25.024460 25.020010 25.015881 25.011751 25.007812 25.003874 25.000000 
25.000000 25.004042 25.008150 25.012260 25.016573 25.020891 25.025547 25.030205 25.035353 25.040485 25.046276 25.052023 25.058620 25.065123 25.072699 25.080107 25.088837 25.097303 25.107376 25.117058 25.128672 25.139736 25.153097 25.165709 25.181032 25.195358 25.212866 25.229078 25.248997 25.267260 25.289820 25.310291 25.335722 25.358555 25.387083 25.412415 25.444256 25.472206 25.507570 25.538237 25.577309 25.610764 25.653715 25.689997 25.736963 25.776075 25.827166 25.869070 25.924353 25.968966 26.028465 26.075653 26.139347 26.188927 26.256741 26.308472 26.380270 26.433859 26.509451 26.564550 26.643681 26.699884 26.782236 26.839090 26.924286 26.981285 27.068884 27.125479 27.214983 27.270592 27.361450 27.415455 27.507067 27.558834 27.650558 27.699442 27.790604 27.835953 27.925852 27.967028 28.054953 28.091339 28.176571 28.207582 28.289412 28.314503 28.392239 28.410921 28.483904 28.495752 28.563366 28.568024 28.629698 28.626894 28.682129 28.671671 28.720032 28.701824 28.742958 28.716990 28.750631 28.716990 28.742958 28.701824 28.720032 28.671671 28.682129 28.626894 28.629698 28.568024 28.563366 28.495752 28.483904 28.410921 28.392239 28.314503 28.289412 28.207581 28.176571 28.091339 28.054953 27.967028 27.925852 27.835951 27.790604 27.699440 27.650558 27.558834 27.507065 27.415453 27.361448 27.270590 27.214983 27.125479 27.068882 26.981283 26.924284 26.839088 26.782236 26.699883 26.643679 26.564548 26.509449 26.433857 26.380268 26.308468 26.256737 26.188921 26.139345 26.075645 26.028461 25.968956 25.924345 25.869059 25.827154 25.776060 25.736946 25.689976 25.653690 25.610737 25.577276 25.538198 25.507524 25.472157 25.444197 25.412346 25.387003 25.358465 25.335617 25.310173 25.289682 25.267103 25.248819 25.228876 25.212635 25.195095 25.180731 25.165367 25.152710 25.139297 25.128178 25.116497 25.106743 25.096590 25.088034 25.079205 25.071686 25.063990 25.057348 25.050602 25.044687 25.038717 25.033377 25.028015 25.023106 25.018190 25.013569 25.008949 25.004475 25.000000 
25.000000 25.004620 25.009241 25.014015 25.018793 25.023878 25.028963 25.034523 25.040071 25.046276 25.052441 25.059469 25.066412 25.074455 25.082338 25.091593 25.100592 25.111261 25.121552 25.133860 25.145626 25.159801 25.173229 25.189508 25.204790 25.223423 25.240749 25.261992 25.281553 25.305662 25.327646 25.354881 25.379463 25.410084 25.437428 25.471685 25.501938 25.540075 25.573360 25.615599 25.652014 25.698557 25.738163 25.789185 25.832008 25.887646 25.933670 25.994022 26.043175 26.108295 26.160456 26.230345 26.285334 26.359932 26.417511 26.496700 26.556568 26.640162 26.701952 26.789698 26.852983 26.944555 27.008848 27.103851 27.168608 27.266577 27.331200 27.431599 27.495445 27.597681 27.660070 27.763489 27.823709 27.927605 27.984934 28.088558 28.142254 28.244829 28.294165 28.394888 28.439148 28.537207 28.575708 28.670296 28.702394 28.792715 28.817825 28.903114 28.920719 29.000252 29.009901 29.083006 29.084347 29.150419 29.143185 29.201694 29.185719 29.236221 29.211445 29.253592 29.220055 29.253592 29.211445 29.236221 29.185719 29.201694 29.143185 29.150419 29.084347 29.083006 29.009901 29.000252 28.920719 28.903114 28.817825 28.792715 28.702394 28.670296 28.575706 28.537207 28.439146 28.394888 28.294163 28.244829 28.142254 28.088558 27.984934 27.927605 27.823709 27.763487 27.660069 27.597681 27.495443 27.431599 27.331198 27.266575 27.168606 27.103849 27.008846 26.944555 26.852982 26.789696 26.701950 26.640160 26.556564 26.496698 26.417507 26.359928 26.285328 26.230339 26.160448 26.108288 26.043163 25.994011 25.933655 25.887630 25.831989 25.789162 25.738136 25.698524 25.651978 25.615555 25.573311 25.540016 25.501871 25.471609 25.437338 25.409981 25.379345 25.354746 25.327490 25.305485 25.281351 25.261759 25.240486 25.223124 25.204449 25.189121 25.172789 25.159302 25.145061 25.133223 25.120831 25.110451 25.099678 25.090565 25.081186 25.073160 25.064966 25.057850 25.050636 25.044258 25.037828 25.032021 25.026194 25.020790 25.015387 25.010229 25.005074 25.000000 
25.000000 25.005196 25.010477 25.015764 25.021307 25.026854 25.032841 25.038818 25.045439 25.052023 25.059469 25.066837 25.075321 25.083656 25.093393 25.102886 25.114101 25.124949 25.137884 25.150291 25.165199 25.179373 25.196518 25.212671 25.232327 25.250675 25.273123 25.293884 25.319414 25.342798 25.371702 25.397915 25.430483 25.459719 25.496237 25.528669 25.569418 25.605200 25.650438 25.689695 25.739662 25.782484 25.837391 25.883829 25.943850 25.993908 26.059175 26.112806 26.183405 26.240499 26.316458 26.376850 26.458134 26.521587 26.608099 26.674309 26.765871 26.834465 26.930832 27.001362 27.102205 27.174160 27.279074 27.351870 27.460369 27.533365 27.644886 27.717384 27.831291 27.902548 28.018135 28.087366 28.203869 28.270267 28.386869 28.449608 28.565449 28.623703 28.737894 28.790850 28.902481 28.949354 29.057514 29.097555 29.201344 29.233860 29.332399 29.356768 29.449223 29.464897 29.550484 29.557011 29.635012 29.632042 29.701818 29.689110 29.750116 29.727537 29.779329 29.746864 29.789104 29.746864 29.779329 29.727537 29.750116 29.689110 29.701818 29.632042 29.635012 29.557011 29.550484 29.464897 29.449223 29.356768 29.332399 29.233858 29.201344 29.097553 29.057514 28.949352 28.902481 28.790850 28.737894 28.623703 28.565449 28.449608 28.386869 28.270267 28.203869 28.087366 28.018133 27.902546 27.831289 27.717384 27.644884 27.533363 27.460367 27.351868 27.279074 27.174158 27.102205 27.001360 26.930830 26.834461 26.765869 26.674305 26.608093 26.521582 26.458130 26.376841 26.316450 26.240488 26.183393 26.112791 26.059160 25.993889 25.943827 25.883804 25.837358 25.782450 25.739620 25.689646 25.650381 25.605135 25.569342 25.528582 25.496138 25.459602 25.430349 25.397762 25.371525 25.342598 25.319183 25.293621 25.272823 25.250334 25.231939 25.212231 25.196020 25.178808 25.164562 25.149569 25.137072 25.124031 25.113068 25.101725 25.092089 25.082197 25.073685 25.065012 25.057426 25.049747 25.042898 25.036001 25.029699 25.023382 25.017445 25.011505 25.005753 25.000000 
25.000000 25.005854 25.011711 25.017759 25.023811 25.030254 25.036692 25.043739 25.050755 25.058620 25.066412 25.075321 25.084091 25.094282 25.104240 25.115959 25.127323 25.140831 25.153826 25.169399 25.184254 25.202183 25.219133 25.239716 25.259005 25.282551 25.304419 25.331251 25.355940 25.386379 25.414120 25.448496 25.479511 25.518145 25.552643 25.595848 25.634014 25.682093 25.724079 25.777309 25.823240 25.881874 25.931829 25.996078 26.050089 26.120125 26.178167 26.254110 26.316099 26.398010 26.463791 26.551668 26.621017 26.714785 26.787399 26.886900 26.962402 27.067400 27.145336 27.255505 27.335335 27.450266 27.531380 27.650574 27.732285 27.855154 27.936716 28.062588 28.143196 28.271320 28.350119 28.479671 28.555771 28.685871 28.758358 28.888065 28.956015 29.084352 29.146851 29.272812 29.328962 29.451532 29.500477 29.618645 29.659575 29.772346 29.804527 29.910944 29.933722 30.032883 30.045696 30.136761 30.139160 30.221376 30.213026 30.285734 30.266426 30.329071 30.298719 30.350870 30.309528 30.350870 30.298719 30.329071 30.266426 30.285734 30.213026 30.221376 30.139160 30.136761 30.045696 30.032883 29.933722 29.910944 29.804525 29.772346 29.659573 29.618645 29.500475 29.451532 29.328962 29.272812 29.146851 29.084352 28.956015 28.888065 28.758358 28.685871 28.555771 28.479671 28.350117 28.271318 28.143194 28.062588 27.936716 27.855152 27.732283 27.650572 27.531378 27.450266 27.335333 27.255503 27.145332 27.067398 26.962399 26.886894 26.787394 26.714779 26.621010 26.551661 26.463781 26.397999 26.316084 26.254095 26.178148 26.120102 26.050064 25.996046 25.931795 25.881832 25.823195 25.777254 25.724016 25.682016 25.633926 25.595751 25.552528 25.518015 25.479361 25.448322 25.413923 25.386152 25.355680 25.330956 25.304083 25.282169 25.258568 25.239222 25.218573 25.201548 25.183535 25.168589 25.152910 25.139801 25.126163 25.114655 25.102777 25.092640 25.082258 25.073267 25.064123 25.056059 25.047911 25.040565 25.033178 25.026340 25.019493 25.012960 25.006430 25.000000 
25.000000 25.006510 25.013124 25.019743 25.026688 25.033627 25.041128 25.048603 25.056898 25.065123 25.074455 25.083656 25.094282 25.104689 25.116877 25.128727 25.142763 25.156301 25.172482 25.187963 25.206602 25.224285 25.245710 25.265862 25.290413 25.313301 25.341328 25.367222 25.399082 25.428247 25.464302 25.496992 25.537603 25.574055 25.619574 25.660009 25.710779 25.755386 25.811728 25.860662 25.922867 25.976242 26.044571 26.102449 26.177113 26.239500 26.320660 26.387495 26.475248 26.546402 26.640779 26.716038 26.816998 26.896070 27.003479 27.085993 27.199629 27.285118 27.404667 27.492580 27.617636 27.707333 27.837385 27.928148 28.062592 28.153624 28.291758 28.382196 28.523226 28.612146 28.755198 28.841633 28.985758 29.068701 29.212885 29.291319 29.434496 29.507393 29.648464 29.714819 29.852657 29.911493 30.044975 30.095366 30.223377 30.264462 30.385920 30.416925 30.530796 30.551046 30.656364 30.665295 30.761179 30.758352 30.844015 30.829124 30.903898 30.876781 30.940117 30.900749 30.952238 30.900749 30.940117 30.876781 30.903898 30.829124 30.844015 30.758352 30.761179 30.665295 30.656364 30.551046 30.530796 30.416925 30.385920 30.264462 30.223377 30.095366 30.044975 29.911493 29.852657 29.714817 29.648464 29.507393 29.434496 29.291319 29.212885 29.068701 28.985758 28.841633 28.755198 28.612144 28.523226 28.382195 28.291756 28.153624 28.062592 27.928146 27.837383 27.707331 27.617634 27.492577 27.404665 27.285114 27.199625 27.085987 27.003473 26.896065 26.816990 26.716030 26.640768 26.546387 26.475233 26.387478 26.320639 26.239477 26.177084 26.102419 26.044531 25.976198 25.922813 25.860600 25.811655 25.755302 25.710682 25.659897 25.619448 25.573908 25.537434 25.496799 25.464081 25.427996 25.398792 25.366894 25.340952 25.312872 25.289927 25.265308 25.245085 25.223576 25.205799 25.187056 25.171459 25.155149 25.141466 25.127272 25.115240 25.102859 25.092228 25.081366 25.071890 25.062271 25.053709 25.045071 25.037189 25.029274 25.021845 25.014408 25.007204 25.000000 
25.000000 25.007263 25.014528 25.022032 25.029533 25.037531 25.045506 25.054251 25.062937 25.072699 25.082338 25.093393 25.104240 25.116877 25.129192 25.143719 25.157768 25.174505 25.190565 25.209852 25.228209 25.250402 25.271347 25.296814 25.320642 25.349764 25.376778 25.409946 25.440439 25.478052 25.512312 25.554768 25.593069 25.640762 25.683359 25.736675 25.783794 25.843098 25.894930 25.960562 26.017258 26.089520 26.151180 26.230330 26.296991 26.383236 26.454870 26.548351 26.624851 26.725637 26.806816 26.914900 27.000479 27.115759 27.205372 27.327652 27.420834 27.549816 27.646006 27.781288 27.879827 28.020897 28.121035 28.267277 28.368176 28.518862 28.619604 28.773909 28.873503 29.030500 29.127901 29.286581 29.380697 29.539972 29.629683 29.788404 29.872574 30.029543 30.107048 30.261032 30.330776 30.480530 30.541458 30.685747 30.736870 30.874477 30.914888 31.044645 31.073542 31.194345 31.211037 31.321867 31.325796 31.425735 31.416489 31.504734 31.482048 31.557926 31.521698 31.584682 31.534966 31.584682 31.521698 31.557926 31.482048 31.504734 31.416489 31.425735 31.325796 31.321867 31.211037 31.194345 31.073542 31.044645 30.914888 30.874477 30.736868 30.685747 30.541458 30.480530 30.330774 30.261032 30.107048 30.029543 29.872574 29.788404 29.629683 29.539972 29.380697 29.286581 29.127901 29.030500 28.873501 28.773909 28.619602 28.518862 28.368174 28.267275 28.121033 28.020895 27.879824 27.781284 27.646002 27.549812 27.420830 27.327646 27.205366 27.115751 27.000471 26.914888 26.806803 26.725622 26.624834 26.548330 26.454847 26.383209 26.296961 26.230293 26.151138 26.089468 26.017200 25.960491 25.894850 25.843004 25.783686 25.736553 25.683216 25.640600 25.592880 25.554552 25.512066 25.477770 25.440117 25.409578 25.376360 25.349287 25.320101 25.296198 25.270649 25.249613 25.227316 25.208843 25.189426 25.173222 25.156326 25.142096 25.127377 25.114834 25.101963 25.090837 25.079496 25.069515 25.059406 25.050308 25.041143 25.032673 25.024174 25.016075 25.007973 25.000000 
25.000000 25.008011 25.016153 25.024294 25.032845 25.041374 25.050611 25.059793 25.070005 25.080107 25.091593 25.102886 25.115959 25.128727 25.143719 25.158253 25.175507 25.192108 25.211990 25.230970 25.253862 25.275537 25.301838 25.326536 25.356659 25.384708 25.419079 25.450809 25.489862 25.525595 25.569771 25.609814 25.659550 25.704199 25.759920 25.809443 25.871565 25.926189 25.995098 26.055017 26.131067 26.196417 26.279917 26.350773 26.441975 26.518347 26.617441 26.699255 26.806355 26.893450 27.008587 27.100706 27.223818 27.320606 27.451529 27.552528 27.690985 27.795633 27.941235 28.048859 28.201099 28.310925 28.469179 28.580328 28.743856 28.855362 29.023302 29.134113 29.305500 29.414495 29.588261 29.694260 29.869246 29.971029 30.146004 30.242327 30.415993 30.505613 30.676634 30.758324 30.925333 30.997906 31.159536 31.221865 31.376768 31.427805 31.574669 31.613472 31.751045 31.776787 31.903904 31.915894 32.031487 32.029190 32.132317 32.115353 32.205200 32.173370 32.249283 32.202549 32.264034 32.202549 32.249283 32.173370 32.205200 32.115353 32.132317 32.029190 32.031487 31.915894 31.903904 31.776787 31.751045 31.613472 31.574669 31.427805 31.376768 31.221865 31.159536 30.997906 30.925333 30.758324 30.676634 30.505613 30.415993 30.242327 30.146004 29.971029 29.869246 29.694260 29.588261 29.414495 29.305500 29.134113 29.023302 28.855360 28.743855 28.580326 28.469177 28.310921 28.201097 28.048855 27.941231 27.795628 27.690981 27.552523 27.451521 27.320599 27.223808 27.100693 27.008572 26.893431 26.806335 26.699232 26.617414 26.518318 26.441940 26.350733 26.279867 26.196362 26.131001 26.054941 25.995010 25.926086 25.871447 25.809305 25.759766 25.704016 25.659342 25.609575 25.569498 25.525282 25.489506 25.450401 25.418615 25.384180 25.356058 25.325855 25.301065 25.274662 25.252871 25.229851 25.210728 25.190687 25.173906 25.156458 25.141697 25.126472 25.113424 25.100063 25.088428 25.076593 25.066076 25.055443 25.045759 25.036015 25.026882 25.017725 25.008865 25.000000 
25.000000 25.008881 25.017756 25.026934 25.036097 25.045876 25.055611 25.066305 25.076900 25.088837 25.100592 25.114101 25.127323 25.142763 25.157768 25.175507 25.192619 25.213049 25.232609 25.256140 25.278492 25.305553 25.331051 25.362089 25.391094 25.426571 25.459448 25.499834 25.536940 25.582716 25.624397 25.676044 25.722637 25.780630 25.832443 25.897242 25.954548 26.026590 26.089624 26.169319 26.238262 26.325968 26.400936 26.496962 26.578005 26.682592 26.769672 26.882986 26.975979 27.098093 27.196768 27.327665 27.431692 27.571243 27.680172 27.828131 27.941404 28.097404 28.214342 28.377892 28.497696 28.668169 28.789938 28.966579 29.089298 29.271227 29.393787 29.579998 29.701208 29.890579 30.009172 30.200481 30.315138 30.507072 30.616440 30.807608 30.910320 31.099274 31.193972 31.379229 31.464586 31.644646 31.719387 31.892759 31.955688 32.120914 32.170937 32.326611 32.362755 32.507549 32.528976 32.661667 32.667706 32.787193 32.777332 32.882656 32.856575 32.946934 32.904499 32.979267 32.920536 32.979267 32.904499 32.946934 32.856575 32.882656 32.777332 32.787193 32.667706 32.661667 32.528976 32.507549 32.362755 32.326611 32.170937 32.120914 31.955688 31.892759 31.719387 31.644646 31.464586 31.379229 31.193972 31.099274 30.910320 30.807608 30.616440 30.507072 30.315138 30.200481 30.009171 29.890579 29.701206 29.579998 29.393787 29.271227 29.089298 28.966578 28.789936 28.668167 28.497694 28.377888 28.214336 28.097403 27.941397 27.828127 27.680162 27.571234 27.431679 27.327652 27.196753 27.098074 26.975956 26.882959 26.769644 26.682558 26.577967 26.496916 26.400883 26.325905 26.238188 26.169235 26.089527 26.026478 25.954416 25.897091 25.832268 25.780430 25.722406 25.675781 25.624094 25.582369 25.536543 25.499382 25.458933 25.425985 25.390430 25.361334 25.330196 25.304583 25.277395 25.254902 25.231215 25.211477 25.190853 25.173517 25.155542 25.140261 25.124535 25.110970 25.097111 25.084938 25.072580 25.061480 25.050274 25.039932 25.029541 25.019651 25.009745 25.000000 
25.000000 25.009733 25.019634 25.029520 25.039917 25.050272 25.061502 25.072641 25.085056 25.097303 25.111261 25.124949 25.140831 25.156301 25.174505 25.192108 25.213049 25.233152 25.257271 25.280249 25.308002 25.334240 25.366112 25.396002 25.432487 25.466427 25.508039 25.546423 25.593683 25.636902 25.690334 25.738762 25.798889 25.852880 25.920214 25.980087 26.055119 26.121157 26.204348 26.276777 26.368546 26.447533 26.548243 26.633879 26.743830 26.836123 26.955536 27.054396 27.183399 27.288635 27.427258 27.538561 27.686718 27.803663 27.961145 28.083185 28.249655 28.376108 28.551088 28.681149 28.864027 28.996763 29.186779 29.321140 29.517393 29.652220 29.853676 29.987703 30.193193 30.325081 30.533318 30.661646 30.871243 30.994547 31.204018 31.320808 31.528603 31.637383 31.841894 31.941195 32.140785 32.229183 32.422222 32.498356 32.683228 32.745842 32.920982 32.968945 33.132854 33.165169 33.316460 33.332298 33.469700 33.468407 33.590794 33.571911 33.678326 33.641602 33.731262 33.676659 33.748981 33.676659 33.731262 33.641602 33.678326 33.571911 33.590794 33.468407 33.469700 33.332298 33.316460 33.165169 33.132854 32.968945 32.920982 32.745842 32.683228 32.498356 32.422222 32.229183 32.140785 31.941195 31.841894 31.637383 31.528603 31.320808 31.204018 30.994547 30.871243 30.661646 30.533318 30.325079 30.193193 29.987703 29.853674 29.652220 29.517393 29.321138 29.186777 28.996759 28.864023 28.681145 28.551085 28.376101 28.249649 28.083178 27.961138 27.803654 27.686705 27.538546 27.427240 27.288614 27.183376 27.054367 26.955503 26.836084 26.743788 26.633827 26.548183 26.447462 26.368465 26.276684 26.204241 26.121031 26.054976 25.979919 25.920023 25.852657 25.798635 25.738470 25.690001 25.636520 25.593246 25.545925 25.507471 25.465782 25.431755 25.395170 25.365168 25.333172 25.306795 25.278885 25.255732 25.231422 25.211098 25.189922 25.172043 25.153555 25.137745 25.121513 25.107410 25.093027 25.080275 25.067348 25.055597 25.043753 25.032665 25.021536 25.010773 25.000000 
25.000000 25.010738 25.021467 25.032570 25.043636 25.055468 25.067219 25.080158 25.092941 25.107376 25.121552 25.137884 25.153826 25.172482 25.190565 25.211990 25.232609 25.257271 25.280830 25.309221 25.336140 25.368773 25.399473 25.436882 25.471802 25.514538 25.554110 25.602737 25.647392 25.702482 25.752636 25.814762 25.870817 25.940542 26.002867 26.080738 26.149662 26.236200 26.312002 26.407686 26.490583 26.595835 26.685970 26.801151 26.898581 27.023973 27.128653 27.264444 27.376223 27.522497 27.641100 27.797821 27.922852 28.089855 28.220781 28.397766 28.533918 28.720434 28.860998 29.056448 29.200478 29.404106 29.550518 29.761414 29.909000 30.126101 30.273540 30.495642 30.641506 30.867268 31.010050 31.238003 31.376129 31.604706 31.736559 31.964098 32.088047 32.312824 32.427250 32.647491 32.750809 32.964733 33.055420 33.261257 33.337879 33.533890 33.595146 33.779663 33.824379 33.995831 34.023010 34.179943 34.188778 34.329884 34.319759 34.443913 34.414436 34.520691 34.471691 34.559307 34.490856 34.559307 34.471691 34.520691 34.414436 34.443913 34.319759 34.329884 34.188778 34.179943 34.023010 33.995831 33.824379 33.779663 33.595146 33.533890 33.337879 33.261257 33.055420 32.964733 32.750809 32.647491 32.427250 32.312824 32.088047 31.964098 31.736559 31.604706 31.376129 31.238003 31.010050 30.867266 30.641506 30.495642 30.273539 30.126101 29.908998 29.761410 29.550514 29.404102 29.200474 29.056444 28.860992 28.720430 28.533909 28.397760 28.220772 28.089846 27.922838 27.797806 27.641081 27.522474 27.376196 27.264416 27.128616 27.023933 26.898533 26.801096 26.685904 26.595758 26.490494 26.407583 26.311882 26.236063 26.149502 26.080557 26.002653 25.940300 25.870537 25.814444 25.752268 25.702063 25.646910 25.602190 25.553486 25.513828 25.470995 25.435966 25.398436 25.367596 25.334810 25.307718 25.279140 25.255362 25.230469 25.209578 25.187868 25.169449 25.150446 25.134092 25.117338 25.102655 25.087711 25.074314 25.060762 25.048275 25.035706 25.023758 25.011778 25.000000 
