25.000000 25.000000 25.000000 25.000000 25.000000 25.000000 25.000000 25.000000 25.000000 25.000000 25.000000 25.000000 25.000000 25.000000 25.000000 25.000000 25.000000 25.000000 25.000000 25.000000 25.000000 25.000000 25.000000 25.000000 25.000000 25.000000 25.000000 25.000000 25.000000 25.000000 25.000000 25.000000 25.000000 25.000000 25.000000 25.000000 25.000000 25.000000 25.000000 25.000000 25.000000 25.000000 25.000000 25.000000 25.000000 25.000000 25.000000 25.000000 25.000000 25.000000 25.000000 25.000000 25.000000 25.000000 25.000000 25.000000 25.000000 25.000000 25.000000 25.000000 25.000000 25.000000 25.000000 25.000000 25.000000 25.000000 25.000000 25.000000 25.000000 25.000000 25.000000 25.000000 25.000000 25.000000 25.000000 25.000000 25.000000 25.000000 25.000000 25.000000 25.000000 25.000000 25.000000 25.000000 25.000000 25.000000 25.000000 25.000000 25.000000 25.000000 25.000000 25.000000 25.000000 25.000000 25.000000 25.000000 25.000000 25.000000 25.000000 25.000000 25.000000 25.000000 25.000000 25.000000 25.000000 25.000000 25.000000 25.000000 25.000000 25.000000 25.000000 25.000000 25.000000 25.000000 25.000000 25.000000 25.000000 25.000000 25.000000 25.000000 25.000000 25.000000 25.000000 25.000000 25.000000 25.000000 25.000000 25.000000 25.000000 25.000000 25.000000 25.000000 25.000000 25.000000 25.000000 25.000000 25.000000 25.000000 25.000000 25.000000 25.000000 25.000000 25.000000 25.000000 25.000000 25.000000 25.000000 25.000000 25.000000 25.000000 25.000000 25.000000 25.000000 25.000000 25.000000 25.000000 25.000000 25.000000 25.000000 25.000000 25.000000 25.000000 25.000000 25.000000 25.000000 25.000000 25.000000 25.000000 25.000000 25.000000 25.000000 25.000000 25.000000 25.000000 25.000000 25.000000 25.000000 25.000000 25.000000 25.000000 25.000000 25.000000 25.000000 25.000000 25.000000 25.000000 25.000000 25.000000 25.000000 25.000000 25.000000 25.000000 25.000000 25.000000 25.000000 25.000000 25.000000 25.000000 25.000000 25.000000 
25.000000 25.010094 25.020277 25.030310 25.040623 25.050621 25.061096 25.071093 25.081762 25.091784 25.102680 25.112757 25.123909 25.134066 25.145502 25.155764 25.167507 25.177895 25.189974 25.200506 25.212938 25.223631 25.236437 25.247303 25.260494 25.271542 25.285131 25.296368 25.310362 25.321787 25.336191 25.347801 25.362614 25.374405 25.389622 25.401581 25.417191 25.429306 25.445295 25.457546 25.473898 25.486259 25.502951 25.515396 25.532400 25.544897 25.562181 25.574697 25.592224 25.604719 25.622450 25.634880 25.652771 25.665094 25.683096 25.695261 25.713326 25.725281 25.743351 25.755045 25.773064 25.784443 25.802353 25.813358 25.831099 25.841675 25.859182 25.869272 25.886480 25.896030 25.912876 25.921827 25.938248 25.946545 25.962475 25.970064 25.985445 25.992273 26.007040 26.013062 26.027159 26.032326 26.045694 26.049965 26.062551 26.065889 26.077646 26.080015 26.090895 26.092266 26.102230 26.102579 26.111588 26.110897 26.118919 26.117176 26.124184 26.121380 26.127354 26.123486 26.128408 26.123482 26.127346 26.121370 26.124170 26.117161 26.118900 26.110876 26.111561 26.102551 26.102196 26.092230 26.090853 26.079967 26.077593 26.065832 26.062489 26.049896 26.045616 26.032242 26.027067 26.012964 26.006933 25.992157 25.985319 25.969927 25.962328 25.946384 25.938074 25.921640 25.912674 25.895813 25.886246 25.869020 25.858908 25.841383 25.830782 25.813021 25.801987 25.784052 25.772642 25.754595 25.742865 25.724764 25.712769 25.694670 25.682461 25.664417 25.652046 25.634109 25.621622 25.603842 25.591284 25.573700 25.561113 25.543768 25.531191 25.514118 25.501585 25.484818 25.472361 25.455923 25.443565 25.427483 25.415251 25.399538 25.387447 25.372120 25.360188 25.345251 25.333485 25.318947 25.307352 25.293211 25.281792 25.268044 25.256796 25.243433 25.232351 25.219362 25.208437 25.195807 25.185022 25.172731 25.162075 25.150103 25.139553 25.127874 25.117411 25.106003 25.095600 25.084431 25.074062 25.063105 25.052744 25.041965 25.031582 25.020952 25.010515 25.000000 
25.000000 25.020277 25.040401 25.060900 25.080929 25.101721 25.121712 25.142860 25.162878 25.184446 25.204546 25.226597 25.246830 25.269421 25.289841 25.313026 25.333675 25.357506 25.378428 25.402945 25.424173 25.449419 25.470982 25.496986 25.518906 25.545696 25.567986 25.595581 25.618250 25.646662 25.669704 25.698935 25.722347 25.752390 25.776152 25.806993 25.831081 25.862698 25.887077 25.919437 25.944065 25.977127 26.001951 26.035667 26.060627 26.094936 26.119968 26.154804 26.179832 26.215117 26.240063 26.275709 26.300484 26.336403 26.360910 26.397005 26.421146 26.457308 26.480980 26.517097 26.540194 26.576153 26.598560 26.634237 26.655844 26.691118 26.711809 26.746552 26.766214 26.800299 26.818819 26.852114 26.869381 26.901760 26.917665 26.949003 26.963438 26.993614 27.006479 27.035370 27.046572 27.074060 27.083513 27.109491 27.117111 27.141476 27.147192 27.169847 27.173597 27.194458 27.196186 27.215172 27.214836 27.231880 27.229448 27.244490 27.239943 27.252932 27.246258 27.257162 27.248363 27.257154 27.246244 27.252913 27.239916 27.244457 27.229412 27.231834 27.214787 27.215113 27.196119 27.194382 27.173513 27.169754 27.147087 27.141359 27.116983 27.109350 27.083361 27.073895 27.046392 27.035172 27.006266 26.993380 26.963186 26.948730 26.917368 26.901442 26.869034 26.851740 26.818415 26.799860 26.765745 26.746044 26.711264 26.690529 26.655212 26.633556 26.597832 26.575365 26.539354 26.516193 26.480015 26.456268 26.420038 26.395815 26.359644 26.335043 26.299038 26.274157 26.238415 26.213350 26.177961 26.152798 26.117846 26.092663 26.058222 26.033096 25.999233 25.974228 25.941002 25.916174 25.883633 25.859032 25.827217 25.802885 25.771826 25.747793 25.717514 25.693806 25.664318 25.640949 25.612257 25.589237 25.561337 25.538664 25.511543 25.489208 25.462849 25.440836 25.415209 25.393496 25.368567 25.347126 25.322857 25.301647 25.277994 25.256979 25.233889 25.213020 25.190441 25.169670 25.147541 25.126810 25.105074 25.084328 25.062920 25.042099 25.020952 25.000000 
25.000000 25.030310 25.060900 25.091022 25.121998 25.152021 25.183487 25.213501 25.245550 25.275644 25.308372 25.338629 25.372124 25.402624 25.436972 25.467785 25.503061 25.534252 25.570530 25.602156 25.639498 25.671604 25.710066 25.742691 25.782314 25.815487 25.856302 25.890041 25.932074 25.966379 26.009642 26.044506 26.088993 26.124399 26.170097 26.206013 26.252893 26.289272 26.337296 26.374081 26.423189 26.460310 26.510437 26.547810 26.598875 26.636406 26.688311 26.725895 26.778532 26.816053 26.869301 26.906633 26.960360 26.997362 27.051426 27.087955 27.142200 27.178106 27.232368 27.267488 27.321602 27.355772 27.409555 27.442608 27.495878 27.527645 27.580214 27.610519 27.662195 27.690872 27.741463 27.768341 27.817652 27.842567 27.890408 27.913197 27.959383 27.979891 28.024237 28.042320 28.084648 28.100168 28.140310 28.153139 28.190937 28.200960 28.236263 28.243380 28.276051 28.280174 28.310087 28.311144 28.338190 28.336121 28.360207 28.354975 28.376017 28.367599 28.385532 28.373922 28.388704 28.373913 28.385513 28.367571 28.375978 28.354929 28.360149 28.336056 28.338112 28.311054 28.309984 28.280060 28.275923 28.243238 28.236105 28.200787 28.190744 28.152929 28.140081 28.099918 28.084375 28.042025 28.023914 27.979542 27.959003 27.912785 27.889963 27.842085 27.817131 27.767778 27.740854 27.690218 27.661488 27.609760 27.579391 27.526764 27.494926 27.441591 27.408457 27.354599 27.320335 27.266138 27.230913 27.176552 27.140532 27.086178 27.049515 26.995331 26.958178 26.904314 26.866816 26.813416 26.775705 26.722900 26.685102 26.633011 26.595243 26.543972 26.506338 26.455978 26.418570 26.369204 26.332100 26.283794 26.247065 26.199873 26.163570 26.117533 26.081703 26.036844 26.001514 25.957850 25.923037 25.880564 25.846275 25.804983 25.771210 25.731073 25.697798 25.658785 25.625977 25.588039 25.555660 25.518744 25.486744 25.450785 25.419107 25.384033 25.352612 25.318346 25.287106 25.253561 25.222427 25.189516 25.158401 25.126030 25.094849 25.062922 25.031584 25.000000 
25.000000 25.040623 25.080929 25.121998 25.162115 25.203768 25.243811 25.286180 25.326273 25.369484 25.409740 25.453918 25.494444 25.539705 25.580603 25.627054 25.668413 25.716154 25.758057 25.807177 25.849693 25.900269 25.943457 25.995556 26.039455 26.093128 26.137772 26.193054 26.238457 26.295372 26.341528 26.400084 26.446976 26.507160 26.554754 26.616537 26.664785 26.728119 26.776949 26.841774 26.891100 26.957329 27.007051 27.074587 27.124586 27.193310 27.243452 27.313227 27.363363 27.434036 27.484005 27.555407 27.605032 27.676977 27.726070 27.798365 27.846725 27.919153 27.966574 28.038916 28.085180 28.157202 28.202089 28.273548 28.316832 28.387482 28.428930 28.498516 28.537905 28.606171 28.643272 28.709959 28.744549 28.809402 28.841263 28.904030 28.932949 28.993382 29.019159 29.077017 29.099464 29.154516 29.173456 29.225483 29.240755 29.289549 29.301008 29.346378 29.353897 29.395670 29.399143 29.437160 29.436499 29.470625 29.465765 29.495882 29.486784 29.512793 29.499435 29.521265 29.503653 29.521252 29.499411 29.512754 29.486732 29.495817 29.465691 29.470535 29.436396 29.437040 29.399008 29.395517 29.353727 29.346188 29.300798 29.289316 29.240499 29.225203 29.173151 29.154182 29.099102 29.076622 29.018730 28.992914 28.932442 28.903481 28.840668 28.808760 28.743855 28.709208 28.642462 28.605293 28.536964 28.497498 28.427839 28.386301 28.315567 28.272182 28.200630 28.155626 28.083498 28.037104 27.964640 27.917072 27.844505 27.795980 27.723532 27.674253 27.602133 27.552296 27.480703 27.430496 27.359610 27.309206 27.239193 27.188753 27.119766 27.069437 27.001608 26.951521 26.884964 26.835232 26.770050 26.720774 26.657043 26.608303 26.546087 26.497952 26.437294 26.389809 26.330736 26.283932 26.226452 26.180346 26.124453 26.079041 26.024708 25.979975 25.927164 25.883078 25.831736 25.788248 25.738304 25.695360 25.646738 25.604261 25.556871 25.514782 25.468523 25.426725 25.381487 25.339882 25.295549 25.254028 25.210480 25.168926 25.126038 25.084335 25.041971 25.000000 
25.000000 25.050621 25.101721 25.152021 25.203768 25.253904 25.306463 25.356588 25.410122 25.460381 25.515047 25.565578 25.621527 25.672461 25.729834 25.781290 25.840218 25.892303 25.952902 26.005714 26.068089 26.121708 26.185947 26.240433 26.306612 26.362013 26.430185 26.486526 26.556732 26.614023 26.686279 26.744505 26.818808 26.877937 26.954260 27.014240 27.092537 27.153294 27.233496 27.294930 27.376945 27.438940 27.522655 27.585073 27.670351 27.733036 27.819715 27.882490 27.970390 28.033058 28.121981 28.184330 28.274052 28.335854 28.426134 28.487148 28.577732 28.637699 28.728315 28.786974 28.877335 28.934410 29.024220 29.079430 29.168381 29.221439 29.309219 29.359842 29.446131 29.494034 29.578505 29.623405 29.705742 29.747362 29.827246 29.865314 29.942430 29.976694 30.050735 30.080948 30.151621 30.177555 30.244577 30.266018 30.329123 30.345879 30.404816 30.416719 30.471260 30.478163 30.528099 30.529882 30.575029 30.571596 30.611797 30.603081 30.638199 30.624161 30.654093 30.634724 30.659389 30.634708 30.654060 30.624115 30.638136 30.603003 30.611702 30.571486 30.574898 30.529734 30.527929 30.477974 30.471045 30.416483 30.404552 30.345591 30.328802 30.265669 30.244194 30.177139 30.151167 30.080456 30.050198 29.976110 29.941795 29.864628 29.826500 29.746557 29.704870 29.622467 29.577488 29.492939 29.444946 29.358574 29.307846 29.219971 29.166790 29.077728 29.022383 28.932447 28.875219 28.784716 28.725883 28.635107 28.574942 28.484177 28.422943 28.332458 28.270407 28.180456 28.117826 28.028650 27.965670 27.877483 27.814358 27.727364 27.664288 27.578661 27.515808 27.431705 27.369228 27.286783 27.224817 27.144142 27.082800 27.003984 26.943359 26.866468 26.806629 26.731709 26.672707 26.599775 26.541637 26.470697 26.413435 26.344467 26.288067 26.221027 26.165459 26.100292 26.045506 25.982138 25.928066 25.866402 25.812965 25.752899 25.699999 25.641411 25.588938 25.531698 25.479530 25.423498 25.371502 25.316528 25.264565 25.210495 25.158419 25.105089 25.052753 25.000000 
25.000000 25.061096 25.121712 25.183487 25.243811 25.306463 25.366682 25.430410 25.490702 25.555698 25.616236 25.682682 25.743628 25.811701 25.873203 25.943068 26.005266 26.077068 26.140085 26.213963 26.277899 26.353966 26.418911 26.497267 26.563286 26.644005 26.711142 26.794285 26.862560 26.948158 27.017570 27.105631 27.176151 27.266659 27.338236 27.431147 27.503704 27.598949 27.672382 27.769865 27.844046 27.943642 28.018417 28.119974 28.195169 28.298510 28.373920 28.478840 28.554245 28.660515 28.735666 28.843031 28.917665 29.025846 29.099682 29.208384 29.281120 29.390024 29.461348 29.570118 29.639706 29.747992 29.815508 29.922949 29.988052 30.094275 30.156622 30.261242 30.320494 30.423124 30.478937 30.579195 30.631231 30.728731 30.776663 30.871023 30.914536 31.005384 31.044172 31.131147 31.164930 31.247684 31.276194 31.354399 31.377392 31.450735 31.467997 31.536190 31.547527 31.610312 31.615562 31.672699 31.671738 31.723022 31.715746 31.761000 31.747351 31.786428 31.766375 31.799170 31.772717 31.799150 31.766338 31.786373 31.747276 31.760904 31.715633 31.722885 31.671583 31.672520 31.615360 31.610081 31.547274 31.535906 31.467682 31.450388 31.377010 31.353979 31.275736 31.247183 31.164385 31.130552 31.043528 31.004681 30.913774 30.870197 30.775768 30.727762 30.630186 30.578064 30.477718 30.421806 30.319077 30.259708 30.154980 30.092497 29.986151 29.920895 29.813311 29.745623 29.637175 29.567392 29.458439 29.386894 29.277784 29.204798 29.095865 29.021748 28.913305 28.838352 28.730700 28.655190 28.548597 28.472794 28.367516 28.291658 28.187920 28.112228 28.010229 27.934902 27.834818 27.760027 27.662004 27.587898 27.492058 27.418760 27.325199 27.252808 27.161587 27.090176 27.001337 26.930952 26.844507 26.775169 26.691109 26.622818 26.541103 26.473833 26.394405 26.328108 26.250887 26.185492 26.110376 26.045795 25.972666 25.908789 25.837513 25.774216 25.704638 25.641783 25.573742 25.511175 25.444494 25.382055 25.316553 25.254065 25.189554 25.126841 25.063122 25.000000 
25.000000 25.071093 25.142860 25.213501 25.286180 25.356588 25.430410 25.500799 25.575993 25.646568 25.723351 25.794310 25.872892 25.944418 26.024998 26.097258 26.180019 26.253164 26.338272 26.412437 26.500038 26.575335 26.665554 26.742069 26.835009 26.912809 27.008551 27.087669 27.186264 27.266718 27.368189 27.449957 27.554298 27.637339 27.744516 27.828749 27.938698 28.024019 28.136642 28.222918 28.338085 28.425150 28.542700 28.630360 28.750103 28.838137 28.959846 29.048008 29.171431 29.259443 29.384296 29.471863 29.597837 29.684637 29.811394 29.897087 30.024267 30.108498 30.235718 30.318110 30.444971 30.525139 30.651222 30.728775 30.853653 30.928185 31.051414 31.122528 31.243658 31.310953 31.429535 31.492615 31.608196 31.666672 31.778805 31.832298 31.940544 31.988693 32.092621 32.135082 32.234276 32.270733 32.364799 32.394947 32.483513 32.507084 32.589798 32.606556 32.683094 32.692833 32.762905 32.765453 32.828800 32.824024 32.880428 32.868233 32.917500 32.897835 32.939816 32.912666 32.947254 32.912643 32.939774 32.897770 32.917412 32.868126 32.880295 32.823872 32.828617 32.765244 32.762665 32.692566 32.682793 32.606224 32.589428 32.506680 32.483067 32.394459 32.364265 32.270149 32.233639 32.134388 32.091866 31.987873 31.939653 31.831333 31.777758 31.665541 31.606974 31.491297 31.428106 31.309418 31.241995 31.120745 31.049482 30.926119 30.851418 30.726383 30.648645 30.522383 30.441999 30.314938 30.232304 30.104855 30.020350 29.892916 29.806910 29.679869 29.592716 29.466423 29.378462 29.253252 29.164797 29.040976 28.952322 28.830170 28.741585 28.621351 28.533081 28.414986 28.327246 28.211475 28.124453 28.011168 27.925020 27.814344 27.729204 27.621229 27.537193 27.431982 27.349123 27.246704 27.165062 27.065437 26.985022 26.888163 26.808960 26.714811 26.636776 26.545256 26.468319 26.379320 26.303389 26.216784 26.141743 26.057381 25.983093 25.900808 25.827120 25.746727 25.673466 25.594769 25.521749 25.444536 25.371567 25.295622 25.222492 25.147589 25.074089 25.000000 
25.000000 25.081762 25.162878 25.245550 25.326273 25.410122 25.490702 25.575993 25.656670 25.743654 25.824661 25.913586 25.995136 26.086241 26.168537 26.262035 26.345263 26.441353 26.525675 26.624538 26.710096 26.811888 26.898792 27.003645 27.091988 27.200003 27.289841 27.401098 27.492458 27.606998 27.699881 27.817711 27.912079 28.033182 28.128965 28.253281 28.350374 28.477812 28.576078 28.706507 28.805777 28.939030 29.039097 29.174971 29.275599 29.413857 29.514776 29.655142 29.756054 29.898224 29.998798 30.142429 30.242315 30.387039 30.485855 30.631271 30.728619 30.874302 30.969761 31.115261 31.208401 31.353251 31.443621 31.587334 31.674479 31.816559 31.900019 32.039955 32.119270 32.256542 32.331261 32.465355 32.535023 32.665424 32.729603 32.855801 32.914066 33.035564 33.087513 33.203823 33.249081 33.359741 33.397942 33.502518 33.533337 33.631405 33.654560 33.745735 33.760963 33.844902 33.851990 33.928371 33.927147 33.995697 33.986031 34.046509 34.028313 34.080532 34.053764 34.097576 34.062248 34.097549 34.053715 34.080456 34.028214 34.046383 33.985878 33.995514 33.926941 33.928131 33.851723 33.844593 33.760624 33.745358 33.654140 33.630943 33.532829 33.501957 33.397331 33.359074 33.248348 33.203030 33.086651 33.034622 32.913048 32.854694 32.728409 32.664127 32.533627 32.463840 32.329632 32.254776 32.117374 32.037899 31.897820 31.814178 31.671932 31.584585 31.440680 31.350080 31.205013 31.111612 30.965866 30.870110 30.724154 30.626469 30.480745 30.381550 30.236481 30.136169 29.992151 29.891098 29.748495 29.647049 29.506201 29.404684 29.265894 29.164600 29.028137 28.927332 28.793425 28.693338 28.562189 28.463020 28.334787 28.236704 28.111515 28.014643 27.892588 27.797026 27.678154 27.583967 27.468296 27.375513 27.263027 27.171646 27.062298 26.972282 26.865993 26.777279 26.673943 26.586435 26.485916 26.399498 26.301634 26.216158 26.120771 26.036074 25.942959 25.858850 25.767792 25.684071 25.594831 25.511278 25.423618 25.340000 25.253664 25.169743 25.084471 25.000000 
25.000000 25.091784 25.184446 25.275644 25.369484 25.460381 25.555698 25.646568 25.743654 25.834768 25.933903 26.025511 26.126970 26.219307 26.323345 26.416630 26.523483 26.617912 26.727791 26.823538 26.936634 27.033840 27.150314 27.249094 27.369080 27.469519 27.593117 27.695261 27.822540 27.926405 28.057394 28.162958 28.297649 28.404856 28.543205 28.651953 28.793877 28.904032 29.049402 29.160789 29.309443 29.421850 29.573574 29.686754 29.841303 29.954967 30.112053 30.225882 30.385174 30.498814 30.659948 30.773016 30.935593 31.047670 31.211256 31.321909 31.486036 31.594799 31.758974 31.865368 32.029076 32.132603 32.295303 32.395454 32.556595 32.652851 32.811859 32.903706 33.060001 33.146923 33.299923 33.381405 33.530529 33.606075 33.750744 33.819859 33.959507 34.021725 34.155796 34.210678 34.338638 34.385769 34.507111 34.546097 34.660336 34.690838 34.797520 34.819229 34.917938 34.930588 35.020954 35.024323 35.106007 35.099926 35.172642 35.156986 35.220493 35.195190 35.249294 35.214333 35.258896 35.214306 35.249241 35.195110 35.220379 35.156845 35.172466 35.099724 35.105770 35.024055 35.020645 34.930244 34.917553 34.818802 34.797047 34.690315 34.659760 34.545467 34.506416 34.385010 34.337818 34.209782 34.154823 34.020664 33.958355 33.818611 33.749390 33.604614 33.528950 33.379704 33.298077 33.144939 33.057854 32.901405 32.809364 32.650181 32.553707 32.392368 32.291973 32.129044 32.025238 31.861271 31.754564 31.590096 31.480974 31.316521 31.205463 31.041513 30.928980 30.765991 30.652416 30.490818 30.376608 30.216801 30.102335 29.944679 29.830303 29.675121 29.561153 29.408726 29.295443 29.146015 29.033661 28.887436 28.776215 28.633352 28.523432 28.384054 28.275562 28.139748 28.032774 27.900562 27.795160 27.666552 27.562737 27.437695 27.335443 27.213900 27.113155 26.995001 26.895678 26.780777 26.682751 26.570938 26.474062 26.365143 26.269239 26.163000 26.067869 25.964073 25.869495 25.767885 25.673622 25.573929 25.479723 25.381668 25.287254 25.190548 25.095654 25.000000 
25.000000 25.102680 25.204546 25.308372 25.409740 25.515047 25.616236 25.723351 25.824661 25.933903 26.035625 26.147306 26.249712 26.364124 26.467466 26.584885 26.689396 26.810068 26.915955 27.040106 27.147541 27.275368 27.384499 27.516165 27.627102 27.762737 27.875551 28.015251 28.129980 28.273800 28.390438 28.538389 28.656893 28.808947 28.929230 29.085314 29.207247 29.367245 29.490652 29.654400 29.779068 29.946358 30.072029 30.242605 30.368984 30.542547 30.669294 30.845503 30.972240 31.150707 31.277025 31.457321 31.582777 31.764441 31.888556 32.071083 32.193359 32.376213 32.496120 32.678745 32.795738 32.977543 33.091064 33.271435 33.380913 33.559227 33.664082 33.839695 33.939354 34.111622 34.205505 34.373779 34.461327 34.624958 34.705620 34.863972 34.937210 35.089657 35.154968 35.300903 35.357807 35.496647 35.544701 35.675896 35.714684 35.837711 35.866871 35.981247 36.000462 36.105743 36.114742 36.210533 36.209099 36.295052 36.283016 36.358845 36.336102 36.401558 36.368057 36.422958 36.378708 36.422928 36.367996 36.401463 36.335976 36.358688 36.282825 36.294827 36.208836 36.210232 36.114403 36.105354 36.000034 35.980766 35.866341 35.837124 35.714039 35.675190 35.543930 35.495808 35.356888 35.299904 35.153881 35.088474 34.935928 34.862579 34.704113 34.623329 34.459568 34.371876 34.203457 34.109402 33.936970 33.837116 33.661320 33.556236 33.377712 33.267982 33.087372 32.973557 32.791485 32.674160 32.491230 32.370949 32.187748 32.065048 31.882137 31.757544 31.575449 31.449459 31.268675 31.141756 30.962746 30.835335 30.658524 30.531029 30.356794 30.229580 30.058262 29.931664 29.763552 29.637857 29.473204 29.348665 29.187670 29.064491 28.907312 28.785660 28.632410 28.512405 28.363150 28.244871 28.099630 27.983118 27.841873 27.727119 27.589811 27.476774 27.343304 27.231901 27.102135 26.992249 26.866018 26.757500 26.634600 26.527267 26.407475 26.301119 26.184179 26.078564 25.964205 25.859074 25.747002 25.642078 25.531988 25.426983 25.318556 25.213167 25.106079 25.000000 
25.000000 25.112757 25.226597 25.338629 25.453918 25.565578 25.682682 25.794310 25.913586 26.025511 26.147306 26.259838 26.384485 26.497913 26.625725 26.740318 26.871584 26.987585 27.122564 27.240183 27.379112 27.498524 27.641600 27.762947 27.910334 28.033716 28.185535 28.311014 28.467350 28.594946 28.755835 28.885519 29.050951 29.182652 29.352573 29.486170 29.660475 29.795801 29.974337 30.111179 30.293737 30.431837 30.618162 30.757212 30.947001 31.086651 31.279549 31.419401 31.615004 31.754629 31.952486 32.091408 32.291035 32.428745 32.629604 32.765568 32.967087 33.100735 33.302303 33.433044 33.634033 33.761257 33.961006 34.084084 34.281906 34.400211 34.595409 34.708302 34.900166 35.007008 35.194820 35.294987 35.478035 35.570908 35.748482 35.833466 36.004868 36.081383 36.245934 36.313438 36.470482 36.528473 36.677380 36.725376 36.865559 36.903133 37.034031 37.060810 37.181919 37.197571 37.308430 37.312687 37.412880 37.405537 37.494709 37.475613 37.553474 37.522533 37.588852 37.546040 37.600643 37.546005 37.588783 37.522430 37.553337 37.475437 37.494499 37.405285 37.412590 37.312355 37.308048 37.197147 37.181442 37.060284 37.033447 36.902485 36.864849 36.724598 36.676529 36.527542 36.469471 36.312336 36.244736 36.080082 36.003452 35.831932 35.746822 35.569115 35.476089 35.292892 35.192551 35.004570 34.897526 34.705471 34.592350 34.396931 34.278362 34.080292 33.956909 33.756882 33.629318 33.428009 33.296883 33.094955 32.960865 32.758949 32.622486 32.421181 32.282909 32.082779 31.943230 31.744802 31.604477 31.408241 31.267607 31.074007 30.933485 30.742918 30.602898 30.415709 30.276535 30.093023 29.954992 29.775408 29.638771 29.463314 29.328276 29.157093 29.023809 28.856998 28.725584 28.563192 28.433710 28.275740 28.148207 27.994616 27.869003 27.719702 27.595945 27.450806 27.328791 27.187645 27.067226 26.929869 26.810863 26.677059 26.559250 26.428734 26.311874 26.184357 26.068176 25.943344 25.827547 25.705070 25.589344 25.468878 25.352896 25.234087 25.117512 25.000000 
25.000000 25.123909 25.246830 25.372124 25.494444 25.621527 25.743628 25.872892 25.995136 26.126970 26.249712 26.384485 26.508053 26.646116 26.770817 26.912504 27.038616 27.184225 27.311996 27.461800 27.591442 27.745678 27.877365 28.036230 28.170095 28.333746 28.469877 28.638426 28.776871 28.950382 29.091133 29.269627 29.412628 29.596067 29.741217 29.929510 30.076653 30.269661 30.418587 30.616114 30.766563 30.968355 31.120018 31.325769 31.478289 31.687635 31.840603 32.053131 32.206093 32.421337 32.573795 32.791245 32.942661 33.161755 33.311562 33.531689 33.679276 33.899792 34.044525 34.264759 34.405983 34.625217 34.762257 34.979755 35.111919 35.326931 35.453526 35.665276 35.785599 35.993309 36.106670 36.309555 36.415276 36.612560 36.709976 36.900883 36.989353 37.173126 37.252037 37.427956 37.496727 37.664082 37.722176 37.880302 37.927231 38.075497 38.110813 38.248642 38.271965 38.398819 38.409821 38.525227 38.523643 38.627182 38.612812 38.704132 38.676846 38.755653 38.715393 38.781467 38.728241 38.781433 38.715317 38.755543 38.676693 38.703941 38.612579 38.626907 38.523323 38.524860 38.409405 38.398354 38.271446 38.248062 38.110176 38.074791 37.926453 37.879452 37.721245 37.663063 37.495617 37.426746 37.250725 37.171700 36.987804 36.899204 36.708160 36.610592 36.413158 36.307255 36.104198 35.990627 35.782722 35.662163 35.450188 35.323326 35.108059 34.975586 34.757797 34.620407 34.400848 34.259228 34.038624 33.893436 33.672504 33.524406 33.303814 33.153431 32.933819 32.781754 32.563717 32.410534 32.194630 32.040859 31.827600 31.673729 31.463573 31.310045 31.103399 30.950617 30.747833 30.596148 30.397526 30.247234 30.053022 29.904377 29.714762 29.567959 29.383078 29.238264 29.058197 28.915468 28.740240 28.599642 28.429230 28.290756 28.125090 27.988688 27.827646 27.693218 27.536640 27.404045 27.251728 27.120783 26.972485 26.842970 26.698416 26.570080 26.428967 26.301525 26.163523 26.036665 25.901421 25.774815 25.641960 25.515255 25.384407 25.257238 25.128008 25.000000 
25.000000 25.134066 25.269421 25.402624 25.539705 25.672461 25.811701 25.944418 26.086241 26.219307 26.364124 26.497913 26.646116 26.780975 26.932936 27.069181 27.225245 27.363161 27.523638 27.663477 27.828644 27.970619 28.140711 28.284986 28.460196 28.606894 28.787367 28.936560 29.122396 29.274105 29.465347 29.619543 29.816181 29.972773 30.174740 30.333590 30.540760 30.701670 30.913860 31.076576 31.293541 31.457752 31.679190 31.844532 32.070076 32.236137 32.465370 32.631676 32.864113 33.030155 33.265266 33.430477 33.667679 33.831455 34.070114 34.231815 34.471252 34.630199 34.869694 35.025192 35.263988 35.415310 35.652622 35.799023 36.034042 36.174770 36.406662 36.540962 36.768883 36.895996 37.119099 37.238277 37.455711 37.566227 37.777149 37.878292 38.081871 38.172955 38.368385 38.448769 38.635269 38.704338 38.881168 38.938366 39.104816 39.149635 39.305050 39.337040 39.480812 39.499588 39.631168 39.636406 39.755310 39.746758 39.852566 39.830044 39.922409 39.885811 39.964451 39.913750 39.978466 39.913708 39.964371 39.885689 39.922241 39.829838 39.852314 39.746460 39.754963 39.636009 39.630718 39.499081 39.480244 39.336414 39.304352 39.148869 39.103973 38.937443 38.880154 38.703236 38.634064 38.447456 38.366959 38.171406 38.080185 37.876472 37.775173 37.564098 37.453400 37.235790 37.116398 36.893097 36.765743 36.537594 36.403023 36.170868 36.029827 35.794514 35.647755 35.410107 35.258381 35.019203 34.863247 34.623325 34.463856 34.223938 34.061649 33.822453 33.658016 33.420208 33.254257 33.018467 32.851597 32.618404 32.451164 32.221100 32.054001 31.827530 31.661034 31.438570 31.273081 31.054981 30.890854 30.677416 30.514950 30.306408 30.145845 29.942375 29.783903 29.585625 29.429375 29.236343 29.082390 28.894611 28.742977 28.560394 28.411049 28.233561 28.086420 27.913872 27.768806 27.601002 27.457832 27.294531 27.153040 26.993958 26.853891 26.698715 26.559778 26.408163 26.270033 26.121609 25.983934 25.838308 25.700718 25.557484 25.419588 25.278324 25.139721 25.000000 
25.000000 25.145502 25.289841 25.436972 25.580603 25.729834 25.873203 26.024998 26.168537 26.323345 26.467466 26.625725 26.770817 26.932936 27.079361 27.245726 27.393808 27.564777 27.714808 27.890696 28.042923 28.224010 28.378641 28.565155 28.722345 28.914473 29.074326 29.272196 29.434767 29.638456 29.803738 30.013266 30.181192 30.396521 30.566971 30.787992 30.960783 31.187330 31.362219 31.594061 31.770742 32.007584 32.185692 32.427170 32.606289 32.851978 33.031628 33.281044 33.460690 33.713287 33.892349 34.147522 34.325363 34.582458 34.758411 35.016712 35.190063 35.448818 35.618828 35.877232 36.043129 36.300354 36.461338 36.716522 36.871788 37.124043 37.272778 37.521194 37.662575 37.906242 38.039455 38.277454 38.401703 38.633110 38.747620 38.971539 39.075550 39.291096 39.383888 39.590202 39.671101 39.867355 39.935730 40.121147 40.176414 40.350258 40.391903 40.553486 40.581059 40.729755 40.742867 40.878124 40.876469 40.997791 40.981133 41.088112 41.056293 41.148586 41.101540 41.178886 41.116619 41.178844 41.101452 41.148453 41.056114 41.087887 40.980862 40.997471 40.876095 40.877693 40.742382 40.729206 40.580444 40.552803 40.391151 40.349426 40.175503 40.120148 39.934635 39.866161 39.669800 39.588779 39.382347 39.289417 39.073734 38.969566 38.745487 38.630798 38.399212 38.274750 38.036552 37.903091 37.659195 37.517540 37.268860 37.119808 36.867256 36.711628 36.456100 36.294708 36.037094 35.870735 35.611893 35.441353 35.182110 35.008160 34.749310 34.572681 34.314972 34.136372 33.880505 33.700596 33.447227 33.266628 33.016354 32.835644 32.589005 32.408703 32.166168 31.986748 31.748741 31.570606 31.337479 31.160988 30.933025 30.758471 30.535898 30.363508 30.146482 29.976433 29.765051 29.597450 29.391745 29.226645 29.026585 28.863983 28.669487 28.509321 28.320248 28.162401 27.978563 27.822866 27.644028 27.490269 27.316143 27.164068 26.994335 26.843641 26.677944 26.528301 26.366255 26.217297 26.058487 25.909824 25.753817 25.605038 25.451387 25.302063 25.150312 25.000000 
25.000000 25.155764 25.313026 25.467785 25.627054 25.781290 25.943068 26.097258 26.262035 26.416630 26.584885 26.740318 26.912504 27.069181 27.245726 27.404015 27.585320 27.745554 27.931980 28.094450 28.286318 28.451267 28.648851 28.816475 29.019997 29.190437 29.400066 29.573408 29.789257 29.965525 30.187643 30.366800 30.595179 30.777122 31.011684 31.196253 31.436848 31.623814 31.870230 32.059296 32.311249 32.502056 32.759190 32.951317 33.213215 33.406178 33.672344 33.865601 34.135483 34.328434 34.601414 34.793400 35.068798 35.259125 35.536205 35.724125 36.002098 36.186829 36.464859 36.645588 36.922798 37.098679 37.374153 37.544327 37.817127 37.980721 38.249882 38.406013 38.670551 38.818348 39.077278 39.215866 39.468204 39.596737 39.841503 39.959156 40.195385 40.301365 40.528126 40.621677 40.838062 40.918484 41.123627 41.190269 41.383354 41.435623 41.615887 41.653267 41.820000 41.842033 41.994610 42.000927 42.138775 42.129082 42.251720 42.225803 42.332825 42.290562 42.381649 42.323009 42.397923 42.322964 42.381557 42.290421 42.332634 42.225559 42.251427 42.128731 42.138374 42.000465 41.994087 41.841446 41.819344 41.652531 41.615078 41.434731 41.382374 41.189194 41.122452 40.917202 40.836658 40.620155 40.526463 40.299564 40.193428 39.957039 39.839203 39.594261 39.465515 39.212975 39.074139 38.814976 38.666904 38.402100 38.245647 37.976189 37.812229 37.539085 37.368496 37.092632 36.916279 36.638626 36.457367 36.178837 35.993504 35.714970 35.526367 35.248661 35.057568 34.781467 34.588615 34.314850 34.120930 33.850178 33.655838 33.388699 33.194530 32.931557 32.738091 32.479759 32.287468 32.034199 31.843491 31.595625 31.406849 31.164661 30.978102 30.741796 30.557669 30.327381 30.145838 29.921638 29.742767 29.524658 29.348482 29.136402 28.962885 28.756716 28.585764 28.385328 28.216785 28.021852 27.855515 27.665806 27.501421 27.316608 27.153877 26.973600 26.812181 26.636036 26.475555 26.303114 26.143164 25.973970 25.814117 25.647701 25.487492 25.323364 25.162334 25.000000 
25.000000 25.167507 25.333675 25.503061 25.668413 25.840218 26.005266 26.180019 26.345263 26.523483 26.689396 26.871584 27.038616 27.225245 27.393808 27.585320 27.755795 27.952599 28.125319 28.327778 28.503029 28.711464 28.889482 29.104158 29.285122 29.506250 29.690285 29.918015 30.105177 30.339598 30.529882 30.771011 30.964346 31.212137 31.408381 31.662714 31.861656 32.122341 32.323700 32.590466 32.793892 33.066399 33.271477 33.549309 33.755547 34.038219 34.245071 34.532021 34.738876 35.029476 35.235661 35.529213 35.734005 36.029755 36.232372 36.529503 36.729134 37.026772 37.222565 37.519791 37.710854 38.006714 38.192131 38.485626 38.664471 38.954586 39.125919 39.411606 39.574486 39.854694 40.008186 40.281857 40.425045 40.691124 40.823105 41.080559 41.200462 41.448273 41.555279 41.792454 41.885780 42.111378 42.190292 42.403408 42.467255 42.667042 42.715221 42.900894 42.932880 43.103725 43.119076 43.274448 43.272812 43.412148 43.393250 43.516075 43.479736 43.585659 43.531799 43.620525 43.549152 43.620476 43.531700 43.585510 43.479530 43.515816 43.392933 43.411777 43.272377 43.273956 43.118515 43.103096 42.932175 42.900112 42.714352 42.666088 42.466206 42.402260 42.189037 42.110001 41.884281 41.790817 41.553505 41.446339 41.198376 41.078285 40.820652 40.688461 40.422176 40.278744 40.004841 39.851067 39.570595 39.407394 39.121407 38.949703 38.659248 38.479984 38.186100 38.000202 37.703903 37.512302 37.214577 37.018173 36.719975 36.519650 36.221889 36.018494 35.722034 35.516369 35.222023 35.014854 34.723373 34.515419 34.227482 34.019405 33.735638 33.528038 33.248989 33.042404 32.768555 32.563454 32.295208 32.092003 31.829693 31.628717 31.372599 31.174122 30.924376 30.728596 30.485331 30.292376 30.055634 29.865561 29.635311 29.448114 29.224258 29.039865 28.822247 28.640524 28.428923 28.249680 28.043821 27.866812 27.666372 27.491299 27.295914 27.122433 26.931686 26.759415 26.572866 26.401384 26.218559 26.047417 25.867819 25.696539 25.519653 25.347746 25.173044 25.000000 
25.000000 25.177895 25.357506 25.534252 25.716154 25.892303 26.077068 26.253164 26.441353 26.617912 26.810068 26.987585 27.184225 27.363161 27.564777 27.745554 27.952599 28.135599 28.348484 28.534040 28.753130 28.941519 29.167128 29.358572 29.590952 29.785614 30.024960 30.222937 30.469376 30.670696 30.924282 31.128906 31.389627 31.597439 31.865206 32.076019 32.350662 32.564217 32.845493 33.061451 33.349041 33.566990 33.860481 34.079941 34.378857 34.599277 34.903057 35.123817 35.431828 35.652237 35.963772 36.183094 36.497375 36.714802 37.030994 37.245682 37.562878 37.773933 38.091179 38.297672 38.613972 38.814934 39.129242 39.323700 39.634937 39.821892 40.128963 40.307407 40.609188 40.778126 41.073490 41.231926 41.519753 41.666718 41.945892 42.080441 42.349861 42.471096 42.729691 42.836746 43.083492 43.175564 43.409470 43.485821 43.705948 43.765903 43.971386 44.014351 44.204388 44.229836 44.403702 44.411213 44.568268 44.557507 44.697189 44.667915 44.789772 44.741844 44.845505 44.778881 44.864082 44.778828 44.845398 44.741680 44.789555 44.667637 44.696857 44.557106 44.567810 44.410683 44.403103 44.229160 44.203636 44.013512 43.970463 43.764885 43.704830 43.484592 43.408127 43.174103 43.081890 42.835011 42.727791 42.469040 42.347622 42.078026 41.943264 41.663887 41.516682 41.228619 41.069904 40.774273 40.605019 40.302933 40.124123 39.816708 39.629337 39.317711 39.122772 38.808025 38.606518 38.289719 38.082615 37.764801 37.553055 37.235222 37.019753 36.702847 36.484539 36.169456 35.949150 35.636719 35.415199 35.106190 34.884197 34.579304 34.357510 34.057362 33.836372 33.541515 33.321873 33.032780 32.814949 32.532013 32.316391 32.039928 31.826841 31.557081 31.346775 31.083874 30.876524 30.620562 30.416265 30.167246 29.966032 29.723888 29.525713 29.290308 29.095062 28.866196 28.673702 28.451113 28.261141 28.044504 27.856764 27.645716 27.459864 27.253988 27.069635 26.868475 26.685192 26.488256 26.305580 26.112352 25.929789 25.739727 25.556757 25.369308 25.185398 25.000000 
25.000000 25.189974 25.378428 25.570530 25.758057 25.952902 26.140085 26.338272 26.525675 26.727791 26.915955 27.122564 27.311996 27.523638 27.714808 27.931980 28.125319 28.348484 28.544369 28.773939 28.972698 29.209034 29.410931 29.654335 29.859575 30.110285 30.319008 30.577192 30.789467 31.055223 31.271042 31.544395 31.763674 32.044567 32.267151 32.555447 32.781094 33.076576 33.304970 33.607334 33.838074 34.146938 34.379551 34.694439 34.928375 35.248737 35.483376 35.808571 36.043217 36.372536 36.606430 36.939083 37.171398 37.506531 37.736393 38.073074 38.299561 38.636799 38.858940 39.195702 39.412483 39.747681 39.958076 40.290577 40.493534 40.822182 41.016636 41.340252 41.525131 41.842522 42.016769 42.326736 42.489307 42.790661 42.940540 43.232101 43.368301 43.648914 43.770504 44.039055 44.145142 44.400558 44.490322 44.731583 44.804272 45.030411 45.085346 45.295483 45.332073 45.525391 45.543133 45.718906 45.717392 45.874989 45.853912 45.992786 45.951946 46.071663 46.010960 46.111179 46.030628 46.111122 46.010845 46.071491 45.951710 45.992493 45.853554 45.874565 45.716900 45.718346 45.542492 45.524673 45.331272 45.294594 45.084362 45.029327 44.803078 44.730274 44.488895 44.398994 44.143444 44.037197 43.768494 43.646721 43.365932 43.229519 42.937756 42.787640 42.486053 42.323204 42.012970 41.838409 41.520714 41.335472 41.011509 40.816643 40.487602 40.284172 39.951229 39.740292 39.404598 39.187199 38.849873 38.627041 38.289162 38.061893 37.724499 37.493752 37.157818 36.924507 36.590954 36.355949 36.025623 35.789734 35.463417 35.227394 34.905788 34.670307 34.354038 34.119717 33.809326 33.576694 33.272644 33.042160 32.744831 32.516880 32.226555 32.001442 31.718330 31.496277 31.220503 31.001656 30.733263 30.517689 30.256645 30.044336 29.790533 29.581406 29.334663 29.128565 28.888636 28.685352 28.451925 28.251177 28.023890 27.825335 27.603769 27.407022 27.190714 26.995340 26.783785 26.589308 26.381971 26.187878 25.984196 25.789949 25.589340 25.394381 25.196251 25.000000 
