25.000000 25.000000 25.000000 25.000000 25.000000 25.000000 25.000000 25.000000 25.000000 25.000000 25.000000 25.000000 25.000000 25.000000 25.000000 25.000000 25.000000 25.000000 25.000000 25.000000 25.000000 25.000000 25.000000 25.000000 25.000000 25.000000 25.000000 25.000000 25.000000 25.000000 25.000000 25.000000 25.000000 25.000000 25.000000 25.000000 25.000000 25.000000 25.000000 25.000000 25.000000 25.000000 25.000000 25.000000 25.000000 25.000000 25.000000 25.000000 25.000000 25.000000 25.000000 25.000000 25.000000 25.000000 25.000000 25.000000 25.000000 25.000000 25.000000 25.000000 25.000000 25.000000 25.000000 25.000000 25.000000 25.000000 25.000000 25.000000 25.000000 25.000000 25.000000 25.000000 25.000000 25.000000 25.000000 25.000000 25.000000 25.000000 25.000000 25.000000 25.000000 25.000000 25.000000 25.000000 25.000000 25.000000 25.000000 25.000000 25.000000 25.000000 25.000000 25.000000 25.000000 25.000000 25.000000 25.000000 25.000000 25.000000 25.000000 25.000000 25.000000 25.000000 25.000000 25.000000 25.000000 25.000000 25.000000 25.000000 25.000000 25.000000 25.000000 25.000000 25.000000 25.000000 25.000000 25.000000 25.000000 25.000000 25.000000 25.000000 25.000000 25.000000 25.000000 25.000000 25.000000 25.000000 25.000000 25.000000 25.000000 25.000000 25.000000 25.000000 25.000000 25.000000 25.000000 25.000000 25.000000 25.000000 25.000000 25.000000 25.000000 25.000000 25.000000 25.000000 25.000000 25.000000 25.000000 25.000000 25.000000 25.000000 25.000000 25.000000 25.000000 25.000000 25.000000 25.000000 25.000000 25.000000 25.000000 25.000000 25.000000 25.000000 25.000000 25.000000 25.000000 25.000000 25.000000 25.000000 25.000000 25.000000 25.000000 25.000000 25.000000 25.000000 25.000000 25.000000 25.000000 25.000000 25.000000 25.000000 25.000000 25.000000 25.000000 25.000000 25.000000 25.000000 25.000000 25.000000 25.000000 25.000000 25.000000 25.000000 25.000000 25.000000 25.000000 25.000000 25.000000 25.000000 25.000000 25.000000 
25.000000 25.001831 25.003683 25.005526 25.007433 25.009312 25.011311 25.013256 25.015377 25.017420 25.019697 25.021866 25.024334 25.026659 25.029352 25.031858 25.034807 25.037525 25.040766 25.043720 25.047283 25.050501 25.054419 25.057924 25.062227 25.066042 25.070761 25.074903 25.080069 25.084558 25.090193 25.095045 25.101175 25.106400 25.113047 25.118652 25.125834 25.131826 25.139555 25.145935 25.154222 25.160982 25.169832 25.176964 25.186378 25.193865 25.203836 25.211658 25.222176 25.230305 25.241350 25.249754 25.261303 25.269943 25.281963 25.290796 25.303251 25.312223 25.325069 25.334127 25.347311 25.356392 25.369858 25.378893 25.392578 25.401503 25.415337 25.424072 25.437983 25.446457 25.460363 25.468496 25.482319 25.490032 25.503687 25.510902 25.524302 25.530943 25.544001 25.549992 25.562624 25.567894 25.580013 25.584496 25.596020 25.599653 25.610504 25.613234 25.623339 25.625114 25.634405 25.635187 25.643604 25.643360 25.650848 25.649559 25.656073 25.653723 25.659227 25.655817 25.660282 25.655817 25.659227 25.653723 25.656073 25.649559 25.650848 25.643360 25.643604 25.635187 25.634405 25.625114 25.623339 25.613234 25.610504 25.599653 25.596020 25.584496 25.580013 25.567894 25.562624 25.549992 25.544001 25.530943 25.524302 25.510902 25.503685 25.490032 25.482319 25.468494 25.460361 25.446455 25.437981 25.424070 25.415335 25.401501 25.392576 25.378891 25.369854 25.356388 25.347307 25.334122 25.325064 25.312218 25.303244 25.290787 25.281954 25.269932 25.261290 25.249741 25.241333 25.230288 25.222155 25.211636 25.203810 25.193836 25.186346 25.176929 25.169792 25.160938 25.154171 25.145878 25.139492 25.131758 25.125755 25.118567 25.112949 25.106293 25.101055 25.094912 25.090046 25.084396 25.079889 25.074707 25.070543 25.065802 25.061962 25.057634 25.054098 25.050152 25.046898 25.043301 25.040302 25.037022 25.034256 25.031260 25.028696 25.025948 25.023558 25.021027 25.018782 25.016430 25.014299 25.012094 25.010048 25.007954 25.005962 25.003944 25.001976 25.000000 
25.000000 25.003683 25.007357 25.011118 25.014835 25.018745 25.022566 25.026690 25.030676 25.035080 25.039291 25.044041 25.048534 25.053699 25.058531 25.064178 25.069407 25.075602 25.081278 25.088089 25.094267 25.101757 25.108484 25.116718 25.124044 25.133081 25.141048 25.150946 25.159592 25.170408 25.179764 25.191547 25.201641 25.214441 25.225290 25.239143 25.250765 25.265701 25.278099 25.294146 25.307312 25.324484 25.338406 25.356707 25.371359 25.390783 25.406130 25.426661 25.442652 25.464260 25.480837 25.503479 25.520569 25.544191 25.561710 25.586245 25.604097 25.629459 25.647539 25.673632 25.691820 25.718536 25.736706 25.763924 25.781939 25.809525 25.827240 25.855053 25.872316 25.900206 25.916864 25.944666 25.960564 25.988111 26.003090 26.030214 26.044119 26.070644 26.083323 26.109077 26.120382 26.145195 26.154987 26.178690 26.186840 26.209272 26.215664 26.236673 26.241199 26.260645 26.263220 26.280972 26.281523 26.297464 26.295937 26.309971 26.306332 26.318375 26.312609 26.322596 26.314707 26.322596 26.312609 26.318375 26.306332 26.309971 26.295937 26.297464 26.281523 26.280972 26.263220 26.260645 26.241199 26.236673 26.215664 26.209272 26.186840 26.178690 26.154987 26.145195 26.120382 26.109077 26.083323 26.070644 26.044119 26.030212 26.003090 25.988110 25.960562 25.944662 25.916862 25.900202 25.872314 25.855049 25.827236 25.809521 25.781933 25.763918 25.736700 25.718529 25.691813 25.673622 25.647528 25.629446 25.604084 25.586227 25.561691 25.544170 25.520544 25.503450 25.480804 25.464224 25.442612 25.426615 25.406078 25.390726 25.371294 25.356634 25.338326 25.324392 25.307211 25.294031 25.277973 25.265560 25.250608 25.238968 25.225096 25.214224 25.201401 25.191282 25.179468 25.170082 25.159231 25.150549 25.140610 25.132599 25.123514 25.116133 25.107845 25.101051 25.093496 25.087242 25.080355 25.074589 25.068304 25.062973 25.057222 25.052267 25.046984 25.042349 25.037460 25.033085 25.028526 25.024351 25.020050 25.016012 25.011898 25.007938 25.003944 25.000000 
25.000000 25.005526 25.011118 25.016668 25.022430 25.028091 25.034126 25.039991 25.046398 25.052555 25.059433 25.065971 25.073425 25.080429 25.088558 25.096117 25.105021 25.113213 25.122993 25.131901 25.142654 25.152355 25.164179 25.174746 25.187733 25.199232 25.213474 25.225965 25.241547 25.255085 25.272087 25.286716 25.305210 25.320965 25.341017 25.357924 25.379583 25.397657 25.420969 25.440207 25.465200 25.485586 25.512280 25.533785 25.562176 25.584755 25.614824 25.638414 25.670128 25.694647 25.727949 25.753298 25.788120 25.814180 25.850424 25.877062 25.914616 25.941677 25.980408 26.007723 26.047472 26.074858 26.115456 26.142712 26.183966 26.210880 26.252584 26.278936 26.320866 26.346426 26.388348 26.412880 26.454544 26.477814 26.518969 26.540739 26.581123 26.601162 26.640516 26.658598 26.696661 26.712570 26.749088 26.762623 26.797350 26.808323 26.841019 26.849264 26.879711 26.885084 26.913074 26.915455 26.940807 26.940096 26.962650 26.958782 26.978399 26.971340 26.987909 26.977648 26.991089 26.977648 26.987909 26.971340 26.978399 26.958782 26.962650 26.940096 26.940807 26.915455 26.913074 26.885084 26.879711 26.849264 26.841019 26.808323 26.797350 26.762623 26.749088 26.712570 26.696661 26.658598 26.640514 26.601162 26.581121 26.540737 26.518965 26.477812 26.454540 26.412878 26.388342 26.346422 26.320860 26.278931 26.252577 26.210875 26.183958 26.142702 26.115446 26.074846 26.047459 26.007708 25.980389 25.941658 25.914593 25.877037 25.850395 25.814148 25.788082 25.753256 25.727901 25.694593 25.670067 25.638346 25.614746 25.584669 25.562077 25.533678 25.512156 25.485451 25.465046 25.440035 25.420778 25.397444 25.379347 25.357660 25.340721 25.320641 25.304848 25.286314 25.271643 25.254595 25.241005 25.225368 25.212814 25.198507 25.186934 25.173870 25.163212 25.151299 25.141491 25.130632 25.121597 25.111694 25.103354 25.094307 25.086578 25.078283 25.071079 25.063435 25.056665 25.049566 25.043144 25.036486 25.030319 25.023996 25.017992 25.011900 25.005962 25.000000 
25.000000 25.007433 25.014835 25.022430 25.029924 25.037813 25.045517 25.053841 25.061876 25.070765 25.079250 25.088839 25.097895 25.108320 25.118057 25.129456 25.139990 25.152493 25.163933 25.177675 25.190125 25.205236 25.218798 25.235405 25.250172 25.268400 25.284456 25.304422 25.321846 25.343662 25.362518 25.386284 25.406628 25.432438 25.454309 25.482239 25.505667 25.535782 25.560770 25.593121 25.619661 25.654278 25.682341 25.719231 25.748766 25.787920 25.818855 25.860235 25.892471 25.936020 25.969439 26.015068 26.049522 26.097124 26.132444 26.181879 26.217871 26.268972 26.305422 26.357994 26.394665 26.448490 26.485123 26.539955 26.576277 26.631849 26.667570 26.723595 26.758410 26.814579 26.848177 26.904169 26.936235 26.991713 27.021931 27.076550 27.104605 27.158016 27.183599 27.235456 27.258274 27.308229 27.327999 27.375717 27.392181 27.437336 27.450256 27.492544 27.501711 27.540844 27.546080 27.581797 27.582954 27.615026 27.612000 27.640224 27.632944 27.657156 27.645590 27.665663 27.649817 27.665663 27.645590 27.657156 27.632944 27.640224 27.612000 27.615026 27.582954 27.581797 27.546080 27.540844 27.501711 27.492544 27.450256 27.437336 27.392181 27.375717 27.327999 27.308229 27.258274 27.235455 27.183599 27.158014 27.104603 27.076548 27.021929 26.991711 26.936234 26.904165 26.848173 26.814573 26.758404 26.723587 26.667562 26.631842 26.576267 26.539944 26.485109 26.448473 26.394648 26.357973 26.305399 26.268944 26.217842 26.181843 26.132406 26.097080 26.049473 26.015013 25.969374 25.935947 25.892389 25.860142 25.818752 25.787802 25.748636 25.719084 25.682178 25.654093 25.619457 25.592890 25.560514 25.535496 25.505348 25.481886 25.453917 25.431999 25.406145 25.385746 25.361923 25.343004 25.321121 25.303619 25.283575 25.267426 25.249104 25.234224 25.217506 25.203814 25.188572 25.175966 25.162071 25.150448 25.137768 25.127020 25.115416 25.105431 25.094765 25.085423 25.075558 25.066740 25.057535 25.049122 25.040438 25.032303 25.024000 25.016016 25.007957 25.000000 
25.000000 25.009312 25.018745 25.028091 25.037813 25.047350 25.057531 25.067408 25.078217 25.088585 25.100189 25.111198 25.123770 25.135565 25.149273 25.162001 25.177015 25.190813 25.207302 25.222307 25.240435 25.256773 25.276703 25.294498 25.316389 25.335754 25.359756 25.380795 25.407051 25.429852 25.458498 25.483137 25.514296 25.540833 25.574610 25.603086 25.639572 25.670012 25.709278 25.741678 25.783773 25.818111 25.863062 25.899286 25.947092 25.985125 26.035753 26.075487 26.128881 26.170181 26.226250 26.268948 26.327566 26.371464 26.432472 26.477343 26.540552 26.586138 26.651321 26.697338 26.764233 26.810369 26.878687 26.924606 26.994022 27.039371 27.109537 27.153942 27.224483 27.267557 27.338076 27.379425 27.449509 27.488733 27.557951 27.594656 27.662571 27.696367 27.762543 27.793045 27.857046 27.883894 27.945290 27.968142 28.026516 28.045061 28.100018 28.113974 28.165140 28.174263 28.221292 28.225380 28.267967 28.266855 28.304728 28.298307 28.331236 28.319443 28.347240 28.330059 28.352592 28.330059 28.347240 28.319443 28.331236 28.298307 28.304728 28.266855 28.267967 28.225380 28.221292 28.174263 28.165140 28.113974 28.100018 28.045061 28.026516 27.968142 27.945290 27.883894 27.857044 27.793045 27.762541 27.696365 27.662569 27.594654 27.557947 27.488731 27.449503 27.379423 27.338070 27.267551 27.224474 27.153934 27.109528 27.039360 26.994009 26.924591 26.878670 26.810350 26.764210 26.697311 26.651291 26.586105 26.540514 26.477301 26.432423 26.371408 26.327501 26.268875 26.226170 26.170090 26.128778 26.075373 26.035622 25.984978 25.946926 25.899101 25.862854 25.817881 25.783514 25.741390 25.708954 25.669653 25.639172 25.602640 25.574114 25.540283 25.513683 25.482462 25.457750 25.429026 25.406136 25.379787 25.358643 25.334532 25.315039 25.293020 25.275072 25.254990 25.238472 25.220165 25.204950 25.188253 25.174208 25.158951 25.145935 25.131947 25.119814 25.106918 25.095522 25.083546 25.072731 25.061497 25.051111 25.040445 25.030331 25.020060 25.010054 25.000000 
25.000000 25.011311 25.022566 25.034126 25.045517 25.057531 25.069242 25.081911 25.094126 25.107655 25.120552 25.135149 25.148909 25.164776 25.179577 25.196920 25.212931 25.231955 25.249342 25.270247 25.289171 25.312155 25.332767 25.358027 25.380468 25.408190 25.432592 25.462952 25.489433 25.522600 25.551258 25.587389 25.618307 25.657537 25.690781 25.733232 25.768837 25.814606 25.852583 25.901743 25.942081 25.994678 26.037333 26.093378 26.138269 26.197748 26.244766 26.307623 26.356621 26.422766 26.473558 26.542860 26.595228 26.667517 26.721205 26.796268 26.850981 26.928566 26.983978 27.063789 27.119539 27.201246 27.256941 27.340170 27.395395 27.479740 27.534056 27.619078 27.672022 27.757256 27.808359 27.893312 27.942093 28.026258 28.072235 28.155087 28.197786 28.278797 28.317747 28.396389 28.431143 28.506891 28.537024 28.609367 28.634483 28.702932 28.722670 28.786757 28.800800 28.860092 28.868170 28.922272 28.924162 28.972725 28.968264 29.010986 29.000065 29.036694 29.019264 29.049608 29.025684 29.049608 29.019264 29.036694 29.000065 29.010986 28.968264 28.972725 28.924162 28.922272 28.868170 28.860092 28.800800 28.786757 28.722670 28.702930 28.634483 28.609367 28.537024 28.506891 28.431143 28.396387 28.317747 28.278795 28.197784 28.155085 28.072231 28.026253 27.942089 27.893307 27.808353 27.757248 27.672014 27.619068 27.534044 27.479727 27.395380 27.340151 27.256920 27.201220 27.119513 27.063757 26.983942 26.928524 26.850935 26.796215 26.721146 26.667450 26.595152 26.542774 26.473459 26.422655 26.356495 26.307482 26.244608 26.197571 26.138071 26.093153 26.037081 25.994396 25.941771 25.901392 25.852194 25.814169 25.768353 25.732693 25.690182 25.656872 25.617571 25.586569 25.550356 25.521597 25.488329 25.461729 25.431250 25.406704 25.378841 25.356230 25.330801 25.309990 25.286806 25.267645 25.246508 25.228844 25.209547 25.193214 25.175556 25.160378 25.144146 25.129950 25.114933 25.101532 25.087521 25.074732 25.061512 25.049145 25.036509 25.024368 25.012104 25.000000 
25.000000 25.013256 25.026690 25.039991 25.053841 25.067408 25.081911 25.095963 25.111357 25.126106 25.142635 25.158295 25.176201 25.192978 25.212500 25.230602 25.251980 25.271605 25.295078 25.316420 25.342222 25.365459 25.393826 25.419134 25.450285 25.477827 25.511978 25.541899 25.579254 25.611679 25.652430 25.687469 25.731787 25.769526 25.817562 25.858063 25.909945 25.953234 26.009064 26.055143 26.114988 26.163822 26.227720 26.279238 26.347183 26.401274 26.473228 26.529739 26.605614 26.664352 26.744019 26.804747 26.888025 26.950462 27.037132 27.100956 27.190739 27.255583 27.348158 27.413618 27.508615 27.574251 27.671257 27.736589 27.835146 27.899672 27.999281 28.062471 28.162600 28.223907 28.323990 28.382854 28.482306 28.538157 28.636368 28.688646 28.784998 28.833147 28.927015 28.970495 29.061262 29.099556 29.186615 29.219238 29.301998 29.328508 29.406404 29.426401 29.498905 29.512041 29.578667 29.584654 29.644960 29.643570 29.697176 29.688246 29.734827 29.718264 29.757559 29.733345 29.765160 29.733345 29.757559 29.718264 29.734827 29.688246 29.697176 29.643570 29.644960 29.584654 29.578667 29.512041 29.498905 29.426401 29.406403 29.328508 29.301996 29.219238 29.186613 29.099556 29.061262 28.970495 28.927013 28.833145 28.784996 28.688644 28.636364 28.538153 28.482298 28.382847 28.323982 28.223898 28.162588 28.062458 27.999266 27.899656 27.835125 27.736568 27.671230 27.574223 27.508581 27.413582 27.348114 27.255535 27.190681 27.100893 27.037060 26.950384 26.887936 26.804644 26.743902 26.664221 26.605467 26.529573 26.473042 26.401066 26.346949 26.278975 26.227423 26.163494 26.114616 26.054731 26.008602 25.952723 25.909374 25.857428 25.816856 25.768744 25.730917 25.686508 25.651361 25.610502 25.577950 25.540462 25.510391 25.476084 25.448360 25.417027 25.391500 25.362919 25.339426 25.313368 25.291727 25.267956 25.247980 25.226255 25.207743 25.187822 25.170567 25.152201 25.135988 25.118929 25.103546 25.087545 25.072769 25.057579 25.043184 25.028555 25.014315 25.000000 
25.000000 25.015377 25.030676 25.046398 25.061876 25.078217 25.094126 25.111357 25.127949 25.146349 25.163868 25.183720 25.202408 25.223984 25.244085 25.267664 25.289408 25.315268 25.338881 25.367292 25.392992 25.424229 25.452217 25.486538 25.517014 25.554672 25.587811 25.629049 25.665007 25.710052 25.748968 25.798031 25.840014 25.893282 25.938419 25.996052 26.044395 26.106524 26.158092 26.224813 26.279589 26.350964 26.408882 26.484930 26.545887 26.626583 26.690426 26.775696 26.842230 26.931948 27.000921 27.094910 27.166025 27.264053 27.336962 27.438740 27.513046 27.618229 27.693487 27.801676 27.877398 27.988140 28.063797 28.176588 28.251614 28.365904 28.439699 28.554892 28.626839 28.742300 28.811758 28.926823 28.993139 29.107117 29.169641 29.281824 29.339909 29.449583 29.502594 29.609041 29.656370 29.758881 29.799950 29.897831 29.932106 30.024694 30.051687 30.138351 30.157627 30.237783 30.248976 30.322088 30.324898 30.390493 30.384695 30.442366 30.427813 30.477221 30.453844 30.494728 30.462551 30.494728 30.453844 30.477221 30.427813 30.442366 30.384695 30.390493 30.324898 30.322088 30.248976 30.237783 30.157627 30.138350 30.051685 30.024693 29.932106 29.897831 29.799950 29.758879 29.656370 29.609039 29.502592 29.449581 29.339907 29.281822 29.169636 29.107111 28.993132 28.926813 28.811749 28.742289 28.626825 28.554876 28.439684 28.365883 28.251593 28.176563 28.063768 27.988106 27.877361 27.801632 27.693438 27.618172 27.512981 27.438667 27.336882 27.263960 27.165922 27.094791 27.000788 26.931797 26.842060 26.775505 26.690212 26.626341 26.545616 26.484625 26.408541 26.350580 26.279163 26.224337 26.157562 26.105930 26.043737 25.995317 25.937607 25.892376 25.839014 25.796919 25.747740 25.708691 25.663506 25.627386 25.585981 25.552652 25.514799 25.484095 25.449543 25.421282 25.389774 25.363756 25.335024 25.311037 25.284805 25.262623 25.238613 25.218002 25.195930 25.176647 25.156227 25.138023 25.118967 25.101593 25.083616 25.066811 25.049625 25.033129 25.016453 25.000000 
25.000000 25.017420 25.035080 25.052555 25.070765 25.088585 25.107655 25.126106 25.146349 25.165718 25.187449 25.208010 25.231546 25.253578 25.279234 25.303001 25.331095 25.356859 25.387701 25.415716 25.449614 25.480120 25.517376 25.550598 25.591509 25.627661 25.672504 25.711777 25.760820 25.803381 25.856873 25.902863 25.961029 26.010563 26.073601 26.126757 26.194830 26.251648 26.324888 26.385370 26.463867 26.527964 26.611765 26.679384 26.768484 26.839479 26.933819 27.007994 27.107462 27.184563 27.288986 27.368700 27.477844 27.559805 27.673376 27.757160 27.874796 27.959925 28.081202 28.167147 28.291578 28.377760 28.504805 28.590599 28.719654 28.804399 28.934814 29.017818 29.148893 29.229441 29.360435 29.437788 29.567934 29.641352 29.769852 29.838596 29.964642 30.027985 30.150757 30.207991 30.326683 30.377132 30.490946 30.533978 30.642141 30.677172 30.778950 30.805454 30.900156 30.917677 31.004667 31.012825 31.091530 31.090027 31.159945 31.148569 31.209276 31.187902 31.239059 31.207664 31.249018 31.207664 31.239059 31.187902 31.209276 31.148569 31.159945 31.090027 31.091530 31.012825 31.004667 30.917677 30.900154 30.805452 30.778948 30.677170 30.642141 30.533978 30.490944 30.377132 30.326681 30.207991 30.150755 30.027981 29.964638 29.838591 29.769846 29.641344 29.567924 29.437778 29.360424 29.229427 29.148880 29.017803 28.934795 28.804379 28.719629 28.590570 28.504772 28.377724 28.291536 28.167099 28.081144 27.959862 27.874723 27.757078 27.673283 27.559702 27.477726 27.368565 27.288834 27.184391 27.107267 27.007776 26.933573 26.839205 26.768173 26.679037 26.611376 26.527531 26.463381 26.384829 26.324284 26.250975 26.194078 26.125923 26.072670 26.009535 25.959885 25.901602 25.855469 25.801834 25.759104 25.709888 25.670416 25.625368 25.588978 25.547827 25.514318 25.476776 25.445934 25.411703 25.383293 25.352060 25.325832 25.297285 25.272978 25.246796 25.224138 25.199995 25.178709 25.156282 25.136082 25.115044 25.095636 25.075665 25.056755 25.037523 25.018814 25.000000 
25.000000 25.019697 25.039291 25.059433 25.079250 25.100189 25.120552 25.142635 25.163868 25.187449 25.209869 25.235300 25.259216 25.286856 25.312576 25.342775 25.370596 25.403711 25.433922 25.470299 25.503176 25.543161 25.578968 25.622894 25.661879 25.710070 25.752457 25.805222 25.851215 25.908840 25.958616 26.021370 26.075071 26.143190 26.200924 26.274611 26.336445 26.415869 26.481829 26.567110 26.637169 26.728384 26.802464 26.899637 26.977604 27.080700 27.162363 27.271284 27.356388 27.470976 27.559202 27.679226 27.770195 27.895357 27.988625 28.118555 28.213615 28.347872 28.444159 28.582230 28.679119 28.820427 28.917242 29.061140 29.157160 29.302946 29.397409 29.544321 29.636433 29.783663 29.872608 30.019308 30.104256 30.249542 30.329660 30.472631 30.547094 30.686836 30.754835 30.890432 30.951191 31.081741 31.134521 31.259144 31.303261 31.421108 31.455936 31.566206 31.591194 31.693142 31.707819 31.800764 31.804749 31.888088 31.881090 31.954306 31.936136 31.998798 31.969370 32.021149 31.980486 32.021149 31.969370 31.998798 31.936136 31.954306 31.881090 31.888088 31.804749 31.800764 31.707819 31.693140 31.591194 31.566204 31.455935 31.421106 31.303259 31.259142 31.134520 31.081739 30.951189 30.890430 30.754831 30.686832 30.547089 30.472626 30.329653 30.249535 30.104246 30.019297 29.872597 29.783649 29.636417 29.544302 29.397388 29.302921 29.157133 29.061108 28.917204 28.820383 28.679071 28.582174 28.444096 28.347799 28.213535 28.118462 27.988520 27.895239 27.770061 27.679073 27.559031 27.470781 27.356171 27.271038 27.162088 27.080391 26.977259 26.899246 26.802029 26.727894 26.636623 26.566498 26.481148 26.415108 26.335604 26.273668 26.199881 26.142027 26.073788 26.019941 25.957043 25.907093 25.849291 25.803089 25.750114 25.707479 25.659039 25.619759 25.575539 25.539383 25.499050 25.465763 25.428978 25.398285 25.364697 25.336313 25.305563 25.279186 25.250914 25.226238 25.200075 25.176779 25.152363 25.130125 25.107090 25.085577 25.063559 25.042435 25.021070 25.000000 
25.000000 25.021866 25.044041 25.065971 25.088839 25.111198 25.135149 25.158295 25.183720 25.208010 25.235300 25.261087 25.290638 25.318266 25.350473 25.380278 25.415537 25.447844 25.486544 25.521667 25.564198 25.602444 25.649178 25.690828 25.742134 25.787457 25.843685 25.892916 25.954401 26.007751 26.074802 26.132452 26.205347 26.267437 26.346422 26.413050 26.498331 26.569550 26.661289 26.737097 26.835403 26.915745 27.020674 27.105431 27.216976 27.305965 27.424053 27.517029 27.641514 27.738159 27.868824 27.968748 28.105299 28.208044 28.350107 28.455147 28.602268 28.709002 28.860651 28.968416 29.123987 29.232058 29.390867 29.498466 29.659760 29.766064 29.929026 30.033163 30.196918 30.297995 30.461620 30.558718 30.721249 30.813440 30.973881 31.060242 31.217583 31.297199 31.450420 31.522413 31.670500 31.734022 31.875982 31.930241 32.065109 32.109371 32.236237 32.269844 32.387840 32.410229 32.518562 32.529247 32.627205 32.625816 32.712772 32.699043 32.774475 32.748245 32.811726 32.772964 32.824181 32.772964 32.811726 32.748245 32.774475 32.699043 32.712772 32.625816 32.627205 32.529247 32.518562 32.410229 32.387840 32.269844 32.236237 32.109371 32.065109 31.930237 31.875980 31.734018 31.670498 31.522409 31.450417 31.297194 31.217577 31.060234 30.973873 30.813431 30.721237 30.558706 30.461607 30.297979 30.196901 30.033142 29.929001 29.766035 29.659729 29.498430 29.390825 29.232010 29.123934 28.968355 28.860582 28.708921 28.602179 28.455044 28.349991 28.207912 28.105150 27.968580 27.868631 27.737944 27.641270 27.516756 27.423744 27.305622 27.216587 27.104996 27.020184 26.915199 26.834791 26.736418 26.660526 26.568705 26.497385 26.412004 26.345251 26.266144 26.203907 26.130863 26.073036 26.005808 25.952244 25.890545 25.841059 25.784576 25.738951 25.687344 25.645334 25.598244 25.559574 25.516626 25.481003 25.441813 25.408924 25.373096 25.342613 25.309748 25.281332 25.251020 25.224321 25.196161 25.170822 25.144403 25.120056 25.094975 25.071247 25.047100 25.023619 25.000000 
25.000000 25.024334 25.048534 25.073425 25.097895 25.123770 25.148909 25.176201 25.202408 25.231546 25.259216 25.290638 25.320154 25.354296 25.386034 25.423334 25.457661 25.498552 25.535824 25.580734 25.621294 25.670650 25.714823 25.769032 25.817120 25.876581 25.928865 25.993956 26.050686 26.121759 26.183153 26.260536 26.326769 26.410751 26.481956 26.572788 26.649052 26.746933 26.828283 26.933367 27.019770 27.132145 27.223509 27.343201 27.439358 27.566324 27.667040 27.801157 27.906116 28.047184 28.156002 28.303736 28.415939 28.569969 28.685017 28.844885 28.962151 29.127312 29.246099 29.415922 29.535467 29.709238 29.828707 30.005630 30.124134 30.303345 30.419949 30.600506 30.714233 30.895145 31.004993 31.185213 31.290161 31.468605 31.567627 31.743187 31.835266 32.006817 32.090965 32.257381 32.332638 32.492813 32.558266 32.711121 32.765934 32.910423 32.953819 33.088966 33.120270 33.245155 33.263786 33.377575 33.383060 33.485020 33.477001 33.566490 33.544735 33.621235 33.585632 33.648735 33.599308 33.648735 33.585632 33.621235 33.544735 33.566490 33.477001 33.485020 33.383060 33.377575 33.263786 33.245155 33.120270 33.088963 32.953819 32.910423 32.765930 32.711121 32.558262 32.492813 32.332634 32.257378 32.090958 32.006813 31.835260 31.743179 31.567619 31.468596 31.290150 31.185200 31.004980 30.895128 30.714214 30.600483 30.419922 30.303314 30.124100 30.005590 29.828659 29.709187 29.535406 29.415855 29.246021 29.127224 28.962049 28.844770 28.684887 28.569822 28.415773 28.303547 28.155790 28.046944 27.905849 27.800852 27.666698 27.565941 27.438929 27.342716 27.222967 27.131538 27.019094 26.932608 26.827442 26.745991 26.648008 26.571621 26.480669 26.409311 26.325182 26.258766 26.181206 26.119595 26.048306 25.991316 25.925968 25.873375 25.813608 25.765152 25.710581 25.665976 25.616192 25.575125 25.529711 25.491840 25.450365 25.415340 25.377363 25.344814 25.309891 25.279434 25.247112 25.218359 25.188190 25.160738 25.132273 25.105711 25.078505 25.052422 25.026026 25.000000 
25.000000 25.026659 25.053699 25.080429 25.108320 25.135565 25.164776 25.192978 25.223984 25.253578 25.286856 25.318266 25.354296 25.387945 25.427206 25.463501 25.506474 25.545813 25.592970 25.635738 25.687550 25.734114 25.791037 25.841743 25.904221 25.959393 26.027853 26.087780 26.162622 26.227566 26.309164 26.379337 26.468029 26.543606 26.639688 26.720787 26.824511 26.911192 27.022749 27.115017 27.234535 27.332319 27.459864 27.563023 27.698584 27.806896 27.950382 28.063545 28.214775 28.332409 28.491116 28.612745 28.778570 28.903639 29.076126 29.203993 29.382587 29.512527 29.696583 29.827793 30.016567 30.148169 30.340832 30.471878 30.667517 30.797007 30.994627 31.121506 31.320047 31.443228 31.641567 31.759937 31.956903 32.069336 32.263725 32.369099 32.559677 32.656887 32.842426 32.930401 33.109665 33.187374 33.359169 33.425652 33.588806 33.643169 33.796577 33.838024 33.980640 34.008480 34.139339 34.152992 34.271236 34.270245 34.375118 34.359150 34.450024 34.418888 34.495247 34.448895 34.510368 34.448895 34.495247 34.418888 34.450024 34.359150 34.375118 34.270245 34.271236 34.152992 34.139339 34.008480 33.980637 33.838024 33.796574 33.643169 33.588806 33.425648 33.359169 33.187370 33.109665 32.930393 32.842422 32.656883 32.559669 32.369091 32.263714 32.069324 31.956890 31.759924 31.641550 31.443211 31.320024 31.121481 30.994598 30.796972 30.667479 30.471834 30.340782 30.148109 30.016502 29.827717 29.696497 29.512430 29.382475 29.203867 29.075981 28.903479 28.778387 28.612539 28.490881 28.332146 28.214478 28.063211 27.950005 27.806475 27.698109 27.562490 27.459267 27.331654 27.233788 27.114185 27.021816 26.910160 26.823353 26.719509 26.638260 26.542028 26.466270 26.377398 26.307005 26.225191 26.159988 26.084887 26.024647 25.955877 25.900335 25.837490 25.786343 25.728987 25.681904 25.629583 25.586206 25.538452 25.498402 25.454737 25.417612 25.377550 25.342937 25.305984 25.273460 25.239122 25.208252 25.176035 25.146368 25.115782 25.086864 25.057419 25.028795 25.000000 
25.000000 25.029352 25.058531 25.088558 25.118057 25.149273 25.179577 25.212500 25.244085 25.279234 25.312576 25.350473 25.386034 25.427206 25.465441 25.510410 25.551758 25.601048 25.645939 25.700064 25.748911 25.808376 25.861570 25.926868 25.984777 26.056387 26.119343 26.197714 26.266022 26.351580 26.425497 26.518629 26.598372 26.699425 26.785151 26.894423 26.986235 27.103966 27.201899 27.328264 27.432281 27.567389 27.677374 27.821249 27.937008 28.089596 28.210842 28.371992 28.498352 28.667818 28.798824 28.976263 29.111353 29.296318 29.434837 29.626774 29.767975 29.966225 30.109274 30.313076 30.457052 30.665548 30.809452 31.021685 31.164454 31.379381 31.519890 31.736385 31.873463 32.090328 32.222771 32.438755 32.565338 32.779144 32.898632 33.108925 33.220104 33.425537 33.527210 33.726437 33.817459 34.009151 34.088428 34.271290 34.337811 34.510593 34.563431 34.724968 34.763306 34.912491 34.935635 35.071480 35.078854 35.200474 35.191650 35.298286 35.272976 35.364010 35.322079 35.397022 35.338497 35.397022 35.322079 35.364010 35.272976 35.298286 35.191650 35.200474 35.078854 35.071480 34.935635 34.912491 34.763306 34.724964 34.563431 34.510593 34.337807 34.271290 34.088425 34.009148 33.817455 33.726433 33.527206 33.425529 33.220097 33.108913 32.898624 32.779129 32.565327 32.438740 32.222755 32.090309 31.873438 31.736357 31.519857 31.379345 31.164412 31.021637 30.809397 30.665483 30.456980 30.312994 30.109179 29.966116 29.767853 29.626633 29.434681 29.296139 29.111153 28.976034 28.798569 28.667528 28.498026 28.371624 28.210430 28.089132 27.936489 27.820665 27.676722 27.566654 27.431465 27.327349 27.200882 27.102827 26.984974 26.893011 26.783592 26.697685 26.596453 26.516491 26.423143 26.348963 26.263145 26.194527 26.115843 26.052513 25.980534 25.922184 25.856447 25.802729 25.742748 25.693285 25.638557 25.592945 25.542952 25.500759 25.454973 25.415760 25.373646 25.336950 25.297968 25.263319 25.226931 25.193842 25.159508 25.127487 25.094671 25.063221 25.031385 25.000000 
25.000000 25.031858 25.064178 25.096117 25.129456 25.162001 25.196920 25.230602 25.267664 25.303001 25.342775 25.380278 25.423334 25.463501 25.510410 25.553732 25.605061 25.652014 25.708330 25.759369 25.821228 25.876793 25.944738 26.005243 26.079803 26.145632 26.227310 26.298809 26.388083 26.465559 26.562872 26.646584 26.752333 26.842487 26.957024 27.053762 27.177378 27.280775 27.413696 27.523754 27.666134 27.782768 27.934679 28.057724 28.219147 28.348339 28.519161 28.654144 28.834148 28.974466 29.163330 29.308420 29.505711 29.654913 29.860085 30.012634 30.225027 30.380064 30.598902 30.755468 30.979870 31.136925 31.365898 31.522316 31.754770 31.909361 32.144112 32.295628 32.531414 32.678555 32.914040 33.055485 33.289280 33.423691 33.654362 33.780403 34.006493 34.122845 34.342888 34.448280 34.660816 34.754025 34.957626 35.037502 35.230789 35.296280 35.477932 35.528084 35.696865 35.730854 35.885628 35.902760 36.042507 36.042233 36.166058 36.147984 36.255142 36.219040 36.308929 36.254734 36.326912 36.254734 36.308929 36.219040 36.255142 36.147984 36.166058 36.042233 36.042507 35.902760 35.885628 35.730854 35.696865 35.528084 35.477932 35.296280 35.230789 35.037502 34.957626 34.754021 34.660812 34.448273 34.342884 34.122841 34.006485 33.780392 33.654350 33.423679 33.289265 33.055466 32.914021 32.678532 32.531387 32.295597 32.144077 31.909321 31.754725 31.522263 31.365837 31.136854 30.979790 30.755379 30.598797 30.379946 30.224892 30.012484 29.859911 29.654718 29.505489 29.308172 29.163048 28.974150 28.833792 28.653746 28.518709 28.347836 28.218576 28.057087 27.933964 27.781971 27.665237 27.522758 27.412580 27.279537 27.175991 27.052229 26.955311 26.840597 26.750225 26.644260 26.560287 26.462717 26.384928 26.295343 26.223471 26.141422 26.075150 26.000151 25.939121 25.870657 25.814472 25.752005 25.700235 25.643208 25.595406 25.543249 25.498932 25.451069 25.409748 25.365591 25.326757 25.285719 25.248852 25.210346 25.174910 25.138353 25.103807 25.068613 25.034412 25.000000 
25.000000 25.034807 25.069407 25.105021 25.139990 25.177015 25.212931 25.251980 25.289408 25.331095 25.370596 25.415537 25.457661 25.506474 25.551758 25.605061 25.654032 25.712439 25.765600 25.829723 25.887562 25.957998 26.020977 26.098305 26.166861 26.251638 26.326166 26.418928 26.499786 26.601030 26.688522 26.798704 26.893087 27.012613 27.114077 27.243292 27.351955 27.491142 27.607044 27.756409 27.879509 28.039171 28.169334 28.339319 28.476315 28.656553 28.800043 28.990355 29.139898 29.339987 29.495035 29.704489 29.864380 30.082668 30.246628 30.473091 30.640240 30.874102 31.043451 31.283808 31.454277 31.700111 31.870522 32.120701 32.289799 32.543091 32.709553 32.964626 33.127068 33.382519 33.539516 33.793861 33.943974 34.195675 34.337452 34.584946 34.716946 34.958645 35.079460 35.313782 35.422054 35.647430 35.741871 35.956783 36.036198 36.239178 36.302475 36.492138 36.538349 36.713409 36.741714 36.901005 36.910725 37.053204 37.043827 37.168606 37.139793 37.246147 37.197735 37.285099 37.217110 37.285099 37.197735 37.246147 37.139793 37.168606 37.043827 37.053204 36.910725 36.901005 36.741714 36.713409 36.538349 36.492134 36.302475 36.239174 36.036198 35.956779 35.741871 35.647427 35.422047 35.313778 35.079453 34.958641 34.716934 34.584938 34.337440 34.195660 33.943954 33.793842 33.539494 33.382492 33.127041 32.964596 32.709515 32.543049 32.289749 32.120644 31.870455 31.700035 31.454189 31.283709 31.043339 30.873972 30.640093 30.472925 30.246441 30.082455 29.864140 29.704218 29.494730 29.339640 29.139511 28.989916 28.799555 28.656000 28.475697 28.338625 28.168558 28.038300 27.878538 27.755320 27.605837 27.489788 27.350454 27.241615 27.112223 27.010546 26.890806 26.796164 26.685724 26.597919 26.496368 26.415138 26.322008 26.247036 26.161819 26.092737 26.014894 25.951292 25.880247 25.821674 25.756838 25.702818 25.643576 25.593605 25.539337 25.492886 25.442959 25.399485 25.353264 25.312208 25.269056 25.229843 25.189123 25.151173 25.112251 25.074968 25.037214 25.000000 
25.000000 25.037525 25.075602 25.113213 25.152493 25.190813 25.231955 25.271605 25.315268 25.356859 25.403711 25.447844 25.498552 25.545813 25.601048 25.652014 25.712439 25.767670 25.833950 25.893982 25.966768 26.032118 26.112045 26.183199 26.270884 26.348291 26.444324 26.528395 26.633333 26.724426 26.838785 26.937204 27.061451 27.167439 27.301975 27.415699 27.560867 27.682417 27.838476 27.967850 28.134977 28.272079 28.450354 28.594990 28.784382 28.936247 29.136621 29.295294 29.506392 29.671337 29.892775 30.063339 30.294601 30.470009 30.710455 30.889811 31.138659 31.320953 31.577293 31.761412 32.024204 32.208920 32.477001 32.660999 32.933086 33.114979 33.389683 33.567997 33.843845 34.017067 34.292484 34.459064 34.732426 34.890793 35.160423 35.309017 35.573208 35.710484 35.967522 36.091984 36.340168 36.450382 36.688038 36.782665 37.008179 37.085976 37.297810 37.357662 37.554371 37.595310 37.775570 37.796776 37.959396 37.960228 38.104168 38.084167 38.208553 38.167435 38.271572 38.209263 38.292645 38.209263 38.271572 38.167435 38.208553 38.084167 38.104168 37.960228 37.959396 37.796776 37.775570 37.595306 37.554371 37.357662 37.297806 37.085976 37.008175 36.782665 36.688034 36.450378 36.340164 36.091976 35.967518 35.710476 35.573200 35.309006 35.160412 34.890778 34.732410 34.459042 34.292461 34.017036 33.843815 33.567963 33.389645 33.114929 32.933033 32.660938 32.476929 32.208836 32.024109 31.761303 31.577171 31.320814 31.138498 30.889629 30.710249 30.469778 30.294340 30.063044 29.892441 29.670963 29.505968 29.294821 29.136087 28.935650 28.783710 28.594236 28.449509 28.271137 28.133919 27.966673 27.837156 27.680952 27.559231 27.413887 27.299953 27.165205 27.058962 26.934462 26.835735 26.721069 26.629608 26.524303 26.439795 26.343325 26.265392 26.177191 26.105415 26.024879 25.958796 25.885296 25.824402 25.757288 25.701050 25.639652 25.587513 25.531157 25.482533 25.430531 25.384827 25.336491 25.293093 25.247736 25.206017 25.162951 25.122274 25.080814 25.040535 25.000000 
25.000000 25.040766 25.081278 25.122993 25.163933 25.207302 25.249342 25.295078 25.338881 25.387701 25.433922 25.486544 25.535824 25.592970 25.645939 25.708330 25.765600 25.833950 25.896116 25.971132 26.038763 26.121141 26.194778 26.285194 26.365341 26.464443 26.551567 26.659975 26.754490 26.872784 26.975048 27.103752 27.214064 27.353649 27.472229 27.623095 27.750084 27.912554 28.048000 28.222305 28.366159 28.552437 28.704542 28.902819 29.062908 29.273092 29.440773 29.662651 29.837408 30.070631 30.251827 30.495909 30.682772 30.937086 31.128717 31.392492 31.587866 31.860189 32.058159 32.337978 32.537281 32.823402 33.022667 33.313774 33.511543 33.806198 34.000927 34.297573 34.487656 34.784657 34.968433 35.264065 35.439854 35.732330 35.898445 36.185940 36.340706 36.621372 36.763145 37.035149 37.162350 37.423862 37.534996 37.784252 37.877914 38.113216 38.188145 38.407883 38.462940 38.665627 38.699852 38.884132 38.896732 39.061405 39.051785 39.195820 39.163578 39.286129 39.231068 39.331497 39.253635 39.331497 39.231068 39.286129 39.163578 39.195820 39.051785 39.061405 38.896732 38.884132 38.699852 38.665627 38.462940 38.407879 38.188141 38.113213 37.877914 37.784248 37.534992 37.423859 37.162342 37.035145 36.763138 36.621365 36.340694 36.185928 35.898434 35.732315 35.439835 35.264042 34.968407 34.784630 34.487621 34.297539 34.000881 33.806149 33.511486 33.313709 33.022591 32.823311 32.537178 32.337860 32.058025 31.860037 31.587692 31.392296 31.128494 30.936834 30.682489 30.495588 30.251467 30.070225 29.836952 29.662136 29.440195 29.272444 29.062180 28.902002 28.703629 28.551413 28.365017 28.221025 28.046577 27.910961 27.748322 27.621126 27.470051 27.351221 27.211384 27.100769 26.971764 26.869135 26.750479 26.655529 26.546688 26.459045 26.359428 26.278664 26.187643 26.113276 26.030184 25.961693 25.885841 25.822666 25.753345 25.694897 25.631380 25.577042 25.518595 25.467731 25.413610 25.365568 25.315035 25.269140 25.221451 25.177027 25.131443 25.087791 25.043577 25.000000 
