25.000000 25.000000 25.000000 25.000000 25.000000 25.000000 25.000000 25.000000 25.000000 25.000000 25.000000 25.000000 25.000000 25.000000 25.000000 25.000000 25.000000 25.000000 25.000000 25.000000 25.000000 25.000000 25.000000 25.000000 25.000000 25.000000 25.000000 25.000000 25.000000 25.000000 25.000000 25.000000 25.000000 25.000000 25.000000 25.000000 25.000000 25.000000 25.000000 25.000000 25.000000 25.000000 25.000000 25.000000 25.000000 25.000000 25.000000 25.000000 25.000000 25.000000 25.000000 25.000000 25.000000 25.000000 25.000000 25.000000 25.000000 25.000000 25.000000 25.000000 25.000000 25.000000 25.000000 25.000000 25.000000 25.000000 25.000000 25.000000 25.000000 25.000000 25.000000 25.000000 25.000000 25.000000 25.000000 25.000000 25.000000 25.000000 25.000000 25.000000 25.000000 25.000000 25.000000 25.000000 25.000000 25.000000 25.000000 25.000000 25.000000 25.000000 25.000000 25.000000 25.000000 25.000000 25.000000 25.000000 25.000000 25.000000 25.000000 25.000000 25.000000 25.000000 25.000000 25.000000 25.000000 25.000000 25.000000 25.000000 25.000000 25.000000 25.000000 25.000000 25.000000 25.000000 25.000000 25.000000 25.000000 25.000000 25.000000 25.000000 25.000000 25.000000 25.000000 25.000000 25.000000 25.000000 25.000000 25.000000 25.000000 25.000000 25.000000 25.000000 25.000000 25.000000 25.000000 25.000000 25.000000 25.000000 25.000000 25.000000 25.000000 25.000000 25.000000 25.000000 25.000000 25.000000 25.000000 25.000000 25.000000 25.000000 25.000000 25.000000 25.000000 25.000000 25.000000 25.000000 25.000000 25.000000 25.000000 25.000000 25.000000 25.000000 25.000000 25.000000 25.000000 25.000000 25.000000 25.000000 25.000000 25.000000 25.000000 25.000000 25.000000 25.000000 25.000000 25.000000 25.000000 25.000000 25.000000 25.000000 25.000000 25.000000 25.000000 25.000000 25.000000 25.000000 25.000000 25.000000 25.000000 25.000000 25.000000 25.000000 25.000000 25.000000 25.000000 25.000000 25.000000 25.000000 25.000000 25.000000 
25.000000 25.008787 25.017660 25.026400 25.035397 25.044119 25.053280 25.062023 25.071386 25.080179 25.089781 25.098660 25.108534 25.117527 25.127705 25.136841 25.147356 25.156660 25.167540 25.177034 25.188305 25.198009 25.209692 25.219624 25.231735 25.241907 25.254467 25.264885 25.277903 25.288572 25.302053 25.312975 25.326923 25.338091 25.352507 25.363911 25.378786 25.390413 25.405737 25.417570 25.433323 25.445337 25.461502 25.473669 25.490217 25.502504 25.519405 25.531776 25.548994 25.561409 25.578899 25.591314 25.609034 25.621399 25.639297 25.651560 25.669584 25.681690 25.699783 25.711674 25.729773 25.741390 25.759434 25.770716 25.788637 25.799520 25.817251 25.827675 25.845144 25.855045 25.872183 25.881498 25.898237 25.906902 25.923170 25.931129 25.946857 25.954050 25.969172 25.975546 25.989994 25.995495 26.009209 26.013792 26.026709 26.030331 26.042398 26.045017 26.056185 26.057772 26.067989 26.068514 26.077744 26.077187 26.085390 26.083735 26.090885 26.088121 26.094194 26.090321 26.095297 26.090319 26.094191 26.088116 26.090878 26.083725 26.085381 26.077173 26.077730 26.068499 26.067970 26.057751 26.056160 26.044992 26.042368 26.030298 26.026674 26.013752 26.009165 25.995449 25.989941 25.975489 25.969110 25.953983 25.946783 25.931049 25.923082 25.906807 25.898132 25.881386 25.872061 25.854912 25.844999 25.827517 25.817080 25.799337 25.788437 25.770500 25.759201 25.741138 25.729500 25.711380 25.699465 25.681349 25.669216 25.651165 25.638870 25.620941 25.608540 25.590786 25.578329 25.560801 25.548338 25.531078 25.518654 25.501703 25.489355 25.472754 25.460518 25.444292 25.432203 25.416380 25.404463 25.389065 25.377342 25.362383 25.350872 25.336363 25.325079 25.311028 25.299978 25.286383 25.275570 25.262428 25.251854 25.239159 25.228815 25.216555 25.206434 25.194592 25.184681 25.173237 25.163519 25.152451 25.142904 25.132185 25.122789 25.112391 25.103117 25.093008 25.083830 25.073977 25.064861 25.055229 25.046146 25.036699 25.027615 25.018314 25.009192 25.000000 
25.000000 25.017660 25.035187 25.053057 25.070518 25.088678 25.106142 25.124668 25.142204 25.161171 25.178844 25.198322 25.216194 25.236250 25.254381 25.275080 25.293522 25.314922 25.333725 25.355881 25.375086 25.398045 25.417688 25.441490 25.461601 25.486282 25.506882 25.532469 25.553566 25.580078 25.601679 25.629126 25.651226 25.679609 25.702192 25.731503 25.754547 25.784767 25.808243 25.839342 25.863205 25.895147 25.919346 25.952084 25.976559 26.010035 26.034714 26.068859 26.093670 26.128405 26.153259 26.188499 26.213303 26.248953 26.273603 26.309561 26.333956 26.370104 26.394129 26.430353 26.453890 26.490065 26.512993 26.548990 26.571184 26.606869 26.628202 26.663437 26.683786 26.718430 26.737671 26.771582 26.789587 26.822626 26.839273 26.871304 26.886477 26.917358 26.930944 26.960545 26.972439 27.000628 27.010729 27.037388 27.045607 27.070618 27.076870 27.100126 27.104343 27.125750 27.127869 27.147335 27.147308 27.164757 27.162546 27.177914 27.173496 27.186728 27.180090 27.191147 27.182289 27.191143 27.180082 27.186718 27.173481 27.177898 27.162527 27.164734 27.147280 27.147303 27.127832 27.125708 27.104298 27.100075 27.076813 27.070553 27.045534 27.037310 27.010643 27.000534 26.972336 26.960430 26.930820 26.917221 26.886330 26.871141 26.839100 26.822433 26.789379 26.771355 26.737425 26.718163 26.683498 26.663120 26.627863 26.606499 26.570784 26.548557 26.512526 26.489559 26.453344 26.429764 26.393494 26.369419 26.333218 26.308765 26.272753 26.248032 26.212317 26.187437 26.152122 26.127182 26.092363 26.067453 26.033216 26.008423 25.974844 25.950241 25.917389 25.893045 25.860973 25.836950 25.805706 25.782051 25.751673 25.728426 25.698940 25.676132 25.647554 25.625210 25.597546 25.575674 25.548923 25.527527 25.501680 25.480753 25.455788 25.435316 25.411203 25.391167 25.367872 25.348240 25.325720 25.306456 25.284660 25.265717 25.244593 25.225924 25.205410 25.186958 25.166990 25.148699 25.129210 25.111013 25.091930 25.073763 25.055014 25.036808 25.018314 25.000000 
25.000000 25.026400 25.053057 25.079306 25.106340 25.132542 25.160069 25.186327 25.214460 25.240875 25.269724 25.296392 25.326057 25.353071 25.383654 25.411097 25.442688 25.470638 25.503323 25.531845 25.565702 25.594858 25.629953 25.659790 25.696178 25.726732 25.764463 25.795759 25.834866 25.866915 25.907419 25.940224 25.982134 26.015676 26.058987 26.093241 26.137932 26.172857 26.218893 26.254433 26.301765 26.337851 26.386412 26.422958 26.472673 26.509584 26.560356 26.597519 26.649239 26.686535 26.739079 26.776369 26.829601 26.866741 26.920513 26.957348 27.011494 27.047859 27.102207 27.137930 27.192299 27.227198 27.281397 27.315290 27.369120 27.401817 27.455074 27.486389 27.538864 27.568607 27.620090 27.648071 27.698351 27.724386 27.773252 27.797159 27.844404 27.866016 27.911436 27.930584 27.973982 27.990513 28.031700 28.045471 28.084272 28.095154 28.131399 28.139275 28.172812 28.177582 28.208273 28.209854 28.237574 28.235903 28.260544 28.255575 28.277046 28.268753 28.286987 28.275358 28.290304 28.275352 28.286978 28.268736 28.277027 28.255548 28.260513 28.235867 28.237532 28.209806 28.208218 28.177521 28.172741 28.139196 28.131311 28.095057 28.084166 28.045355 28.031572 27.990372 27.973825 27.930414 27.911249 27.865814 27.844181 27.796921 27.772985 27.724100 27.698036 27.647732 27.619719 27.568207 27.538427 27.485918 27.454561 27.401264 27.368519 27.314642 27.280693 27.226440 27.191479 27.137047 27.101252 27.046833 27.010384 26.956158 26.919226 26.865366 26.828115 26.774780 26.737366 26.684706 26.647270 26.595421 26.558094 26.507177 26.470085 26.420208 26.383457 26.334711 26.298397 26.250860 26.215065 26.168802 26.133591 26.088650 26.054077 26.010487 25.976593 25.934374 25.901182 25.860336 25.827860 25.788380 25.756615 25.718473 25.687405 25.650568 25.620169 25.584587 25.554817 25.520433 25.491245 25.457987 25.429317 25.397108 25.368887 25.337641 25.309788 25.279411 25.251844 25.222237 25.194860 25.165918 25.138636 25.110249 25.082960 25.055016 25.027617 25.000000 
25.000000 25.035397 25.070518 25.106340 25.141329 25.177732 25.212729 25.249865 25.285004 25.323023 25.358438 25.397480 25.433294 25.473495 25.509829 25.551315 25.588274 25.631166 25.668846 25.713251 25.751740 25.797754 25.837120 25.884827 25.925129 25.974596 26.015873 26.067158 26.109434 26.162571 26.205858 26.260866 26.305153 26.362038 26.407293 26.466036 26.512218 26.572781 26.619823 26.682152 26.729971 26.793987 26.842480 26.908089 26.957136 27.024221 27.073681 27.142109 27.191828 27.261438 27.311245 27.381866 27.431572 27.503014 27.552418 27.624472 27.673357 27.745798 27.793943 27.866535 27.913702 27.986195 28.032143 28.104275 28.148756 28.220261 28.263020 28.333620 28.374407 28.443823 28.482386 28.550335 28.586422 28.652624 28.685993 28.750168 28.780584 28.842457 28.869694 28.928999 28.952843 29.009323 29.029575 29.082985 29.099464 29.149572 29.162117 29.208708 29.217171 29.260054 29.264313 29.303308 29.303267 29.338221 29.333803 29.364586 29.355745 29.382248 29.368959 29.391102 29.373369 29.391096 29.368946 29.382229 29.355717 29.364553 29.333763 29.338173 29.303211 29.303244 29.264240 29.259970 29.217079 29.208603 29.162001 29.149445 29.099323 29.082829 29.029406 29.009132 28.952637 28.928772 28.869448 28.842184 28.780289 28.749844 28.685642 28.652239 28.586006 28.549879 28.481894 28.443285 28.373827 28.332987 28.262339 28.219517 28.147957 28.103407 28.031208 27.985180 27.912613 27.865353 27.792673 27.744425 27.671883 27.622875 27.550711 27.501167 27.429600 27.379736 27.308969 27.258986 27.189211 27.139290 27.070681 27.020992 26.953699 26.904398 26.838556 26.789774 26.725498 26.677357 26.614740 26.567339 26.506454 26.459871 26.400774 26.355072 26.297794 26.253017 26.197573 26.153744 26.100130 26.057255 26.005447 25.963514 25.913473 25.872454 25.824123 25.783972 25.737282 25.697939 25.652802 25.614195 25.570509 25.532549 25.490208 25.452797 25.411678 25.374704 25.334681 25.298025 25.258959 25.222494 25.184244 25.147839 25.110256 25.073771 25.036703 25.000000 
25.000000 25.044119 25.088678 25.132542 25.177732 25.221518 25.267532 25.311411 25.358437 25.402578 25.450798 25.495363 25.544950 25.590092 25.641211 25.687071 25.739874 25.786579 25.841209 25.888876 25.945463 25.994186 26.052841 26.102701 26.163521 26.214579 26.277639 26.329937 26.395296 26.448854 26.516546 26.571367 26.641407 26.697462 26.769842 26.827087 26.901773 26.960138 27.037071 27.096464 27.175560 27.235867 27.317019 27.378094 27.461170 27.522854 27.607697 27.669806 27.756231 27.818560 27.906361 27.968681 28.057632 28.119703 28.209551 28.271111 28.361586 28.422361 28.513174 28.572876 28.663721 28.722050 28.812607 28.869255 28.959194 29.013847 29.102829 29.155170 29.242844 29.292559 29.378572 29.425346 29.509348 29.552870 29.634506 29.674479 29.753405 29.789537 29.865412 29.897430 29.969927 29.997570 30.066376 30.089407 30.154221 30.172424 30.232967 30.246151 30.302170 30.310165 30.361423 30.364092 30.410385 30.407619 30.448767 30.440491 30.476345 30.462511 30.492954 30.473551 30.498497 30.473541 30.492939 30.462486 30.476313 30.440447 30.448717 30.407558 30.410315 30.364012 30.361330 30.310061 30.302052 30.246021 30.232822 30.172264 30.154043 30.089212 30.066158 29.997335 29.969666 29.897146 29.865101 29.789198 29.753031 29.674074 29.634064 29.552389 29.508821 29.424780 29.377953 29.291889 29.242113 29.154383 29.101971 29.012922 28.958189 28.868172 28.811430 28.720785 28.662348 28.571402 28.511578 28.420649 28.359732 28.269125 28.207401 28.117405 28.055147 27.966028 27.903498 27.815504 27.752939 27.666296 27.603920 27.518833 27.456846 27.373495 27.312080 27.230619 27.169933 27.090494 27.030674 26.953360 26.894518 26.819410 26.761637 26.688787 26.632147 26.561588 26.506123 26.437857 26.383587 26.317600 26.264519 26.200771 26.148853 26.087286 26.036486 25.977016 25.927271 25.869799 25.821022 25.765434 25.717524 25.663689 25.616528 25.564301 25.517757 25.466984 25.420916 25.371426 25.325678 25.277300 25.231709 25.184259 25.138655 25.091948 25.046156 25.000000 
25.000000 25.053280 25.106142 25.160069 25.212729 25.267532 25.320200 25.376108 25.428993 25.486225 25.539524 25.598297 25.652199 25.712715 25.767397 25.829847 25.885473 25.950037 26.006748 26.073589 26.131516 26.200777 26.260025 26.331833 26.392488 26.466946 26.529070 26.606258 26.669888 26.749865 26.815014 26.897806 26.964460 27.050074 27.118189 27.206596 27.276104 27.367252 27.438055 27.531857 27.603828 27.700171 27.773157 27.871893 27.945713 28.046669 28.121115 28.224087 28.298923 28.403675 28.478642 28.584915 28.659731 28.767235 28.841597 28.950018 29.023605 29.132608 29.205078 29.314306 29.385307 29.494383 29.563553 29.672083 29.739044 29.846626 29.911001 30.017220 30.078627 30.183064 30.241123 30.343349 30.397688 30.497282 30.547531 30.644073 30.689878 30.782953 30.823977 30.913187 30.949104 31.034063 31.064577 31.144913 31.169750 31.245115 31.264030 31.334106 31.346882 31.411371 31.417824 31.476465 31.476442 31.529001 31.522396 31.568678 31.555416 31.595257 31.575300 31.608582 31.581936 31.608572 31.575279 31.595228 31.555374 31.568628 31.522335 31.528929 31.476358 31.476366 31.417713 31.411247 31.346743 31.333950 31.263859 31.244923 31.169538 31.144676 31.064320 31.033775 30.948795 30.912846 30.823605 30.782545 30.689432 30.643583 30.547001 30.496702 30.397058 30.342663 30.240381 30.182253 30.077753 30.016268 29.909973 29.845509 29.737839 29.670774 29.562143 29.492855 29.383665 29.312525 29.203167 29.130537 29.021385 28.947617 28.839027 28.764456 28.656761 28.581707 28.475218 28.399982 28.294985 28.219845 28.116596 28.041809 27.940540 27.866335 27.767250 27.693829 27.597097 27.524641 27.430405 27.359058 27.267429 27.197317 27.108374 27.039589 26.953382 26.885990 26.802542 26.736576 26.655880 26.591351 26.513372 26.450262 26.374941 26.313206 26.240458 26.180031 26.109749 26.050539 25.982592 25.924490 25.858728 25.801600 25.737862 25.681557 25.619659 25.564014 25.503763 25.448597 25.389788 25.334908 25.277325 25.222534 25.165956 25.111044 25.055246 25.000000 
25.000000 25.062023 25.124668 25.186327 25.249865 25.311411 25.376108 25.437786 25.503902 25.565950 25.633745 25.696388 25.766104 25.829557 25.901423 25.965887 26.040121 26.105776 26.182577 26.249578 26.329128 26.397617 26.480074 26.550159 26.635656 26.707426 26.796072 26.869585 26.961460 27.036745 27.131899 27.208958 27.307407 27.386204 27.487942 27.568411 27.673386 27.755428 27.863562 27.947050 28.058222 28.142992 28.257051 28.342907 28.459665 28.546379 28.665615 28.752928 28.874386 28.962008 29.085398 29.173012 29.298012 29.385277 29.511534 29.598083 29.725220 29.810667 29.938274 30.022215 30.149866 30.231876 30.359121 30.438772 30.565144 30.641994 30.767015 30.840618 30.963799 31.033712 31.154558 31.220339 31.338354 31.399567 31.514256 31.570480 31.681356 31.732187 31.838774 31.883823 31.985661 32.024563 32.121208 32.153633 32.244667 32.270309 32.355339 32.373924 32.452595 32.463890 32.535870 32.539680 32.604679 32.600853 32.658623 32.647053 32.697380 32.677998 32.720722 32.693512 32.728512 32.693501 32.720699 32.677963 32.697334 32.646992 32.658550 32.600769 32.604580 32.539566 32.535740 32.463745 32.452431 32.373745 32.355137 32.270084 32.244419 32.153362 32.120903 32.024235 31.985292 31.883425 31.838337 31.731710 31.680834 31.569912 31.513634 31.398891 31.337616 31.219540 31.153687 31.032770 30.962772 30.839510 30.765808 30.640694 30.563730 30.437248 30.357468 30.230097 30.147936 30.020142 29.936029 29.808258 29.722612 29.595291 29.508512 29.382046 29.294519 29.169281 29.081373 28.957712 28.869757 28.747993 28.660303 28.540724 28.453585 28.336441 28.250105 28.135616 28.050308 27.938656 27.854567 27.745899 27.663185 27.557615 27.476402 27.374006 27.294388 27.195208 27.117239 27.021284 26.944994 26.852240 26.777624 26.688013 26.615036 26.528484 26.457079 26.373476 26.303551 26.222757 26.154194 26.076044 26.008699 25.933014 25.866724 25.793297 25.727875 25.656488 25.591734 25.522154 25.457850 25.389830 25.325745 25.259031 25.194927 25.129259 25.064888 25.000000 
25.000000 25.071386 25.142204 25.214460 25.285004 25.358437 25.428993 25.503902 25.574749 25.651434 25.722834 25.801580 25.873789 25.954870 26.028124 26.111795 26.186312 26.272812 26.348785 26.438334 26.515934 26.608723 26.688095 26.784294 26.865549 26.965296 27.048519 27.151922 27.237164 27.344297 27.431574 27.542479 27.631771 27.746450 27.837702 27.956121 28.049238 28.171326 28.266178 28.391817 28.488237 28.617273 28.715054 28.847296 28.946194 29.081404 29.181143 29.319046 29.419312 29.559597 29.660040 29.802355 29.902597 30.046560 30.146196 30.291384 30.389984 30.535944 30.633053 30.779310 30.874454 31.020502 31.113194 31.258509 31.348246 31.492287 31.578560 31.720774 31.803076 31.942896 32.020718 32.157574 32.230412 32.363743 32.431107 32.560345 32.621758 32.746349 32.801361 32.920773 32.968948 33.082661 33.123608 33.231125 33.264469 33.365330 33.390739 33.484516 33.501705 33.587994 33.596718 33.675171 33.675228 33.745533 33.736774 33.798672 33.780994 33.834270 33.807629 33.852116 33.816513 33.852100 33.807598 33.834232 33.780937 33.798607 33.736691 33.745438 33.675114 33.675041 33.596569 33.587826 33.501518 33.484303 33.390511 33.365070 33.264183 33.230808 33.123260 33.082279 32.968533 32.920315 32.800861 32.745804 32.621159 32.559689 32.430393 32.362965 32.229568 32.156654 32.019722 31.941811 31.801903 31.719498 31.577183 31.490789 31.346630 31.256756 31.111305 31.018456 30.872252 30.776924 30.630491 30.533171 30.387011 30.288166 30.142754 30.042837 29.898619 29.798058 29.655449 29.554649 29.414032 29.313362 29.175087 29.074888 28.939262 28.839846 28.707138 28.608774 28.479218 28.382145 28.255926 28.160345 28.037613 27.943687 27.824549 27.732401 27.616926 27.526642 27.414860 27.326488 27.218391 27.131945 27.027485 26.942940 26.842035 26.759335 26.661875 26.580927 26.486767 26.407450 26.316418 26.238583 26.150476 26.073948 25.988550 25.913124 25.830191 25.755648 25.674919 25.601019 25.522221 25.448704 25.371548 25.298147 25.222340 25.148775 25.074015 25.000000 
25.000000 25.080179 25.161171 25.240875 25.323023 25.402578 25.486225 25.565950 25.651434 25.731638 25.819286 25.900261 25.990391 26.072412 26.165321 26.248648 26.344616 26.429480 26.528765 26.615374 26.718206 26.806736 26.913324 27.003922 27.114435 27.207209 27.321791 27.416817 27.535570 27.632889 27.755875 27.855484 27.982729 28.084587 28.216074 28.320095 28.455765 28.561823 28.701567 28.809496 28.953161 29.062748 29.210142 29.321133 29.472012 29.584112 29.738190 29.851067 30.008009 30.121288 30.280722 30.393993 30.555504 30.668327 30.831457 30.943359 31.107618 31.218098 31.382961 31.491497 31.656410 31.762457 31.926838 32.029839 32.193089 32.292473 32.453968 32.549160 32.708275 32.798702 32.954792 33.039883 33.192310 33.271503 33.419628 33.492374 33.635571 33.701347 33.838993 33.897305 34.028809 34.079182 34.203976 34.245975 34.363514 34.396751 34.506535 34.530651 34.632210 34.646912 34.739822 34.744850 34.828739 34.823906 34.898445 34.883602 34.948532 34.923595 34.978695 34.943645 34.988762 34.943626 34.978668 34.923546 34.948475 34.883526 34.898354 34.823795 34.828613 34.744705 34.739655 34.646721 34.631996 34.530418 34.506271 34.396461 34.363194 34.245621 34.203583 34.078754 34.028336 33.896790 33.838428 33.700726 33.634895 33.491638 33.418823 33.270626 33.191357 33.038849 32.953667 32.797482 32.706951 32.547726 32.452412 32.290791 32.191261 32.027866 31.924702 31.760155 31.653915 31.488817 31.380058 31.214983 31.104244 30.939747 30.827549 30.664148 30.550989 30.389170 30.275517 30.115732 30.002022 29.844685 29.731319 29.576799 29.464148 29.312771 29.201160 29.053209 28.942928 28.798639 28.689936 28.549500 28.442575 28.306137 28.201155 28.068815 27.965893 27.837706 27.736919 27.612896 27.514278 27.394388 27.297935 27.182108 27.087774 26.975895 26.883595 26.775524 26.685137 26.580694 26.492067 26.391041 26.303989 26.206146 26.120457 26.025530 25.940966 25.848675 25.764973 25.675016 25.591894 25.503954 25.421114 25.334864 25.251999 25.167099 25.083887 25.000000 
25.000000 25.089781 25.178844 25.269724 25.358438 25.450798 25.539524 25.633745 25.722834 25.819286 25.909073 26.008116 26.098919 26.200895 26.293013 26.398243 26.491947 26.600735 26.696272 26.808887 26.906473 27.023159 27.122971 27.243942 27.346123 27.471552 27.576208 27.706230 27.813427 27.948135 28.057892 28.197336 28.309628 28.453814 28.568571 28.717455 28.834558 28.988047 29.107336 29.265285 29.386545 29.548761 29.671736 29.837973 29.962358 30.132322 30.257763 30.431108 30.557213 30.733547 30.859879 31.038757 31.164843 31.345783 31.471111 31.653585 31.777611 31.961052 32.083210 32.267014 32.386703 32.570244 32.686852 32.869461 32.982361 33.163364 33.271912 33.450607 33.554169 33.729851 33.827782 33.999737 34.091408 34.258919 34.343712 34.506073 34.583389 34.739906 34.809177 34.959175 35.019859 35.162689 35.214283 35.349323 35.391365 35.518036 35.550102 35.667862 35.689598 35.797947 35.809040 35.907536 35.907738 35.995987 35.985107 36.062786 36.040699 36.107536 36.074181 36.129971 36.085350 36.129955 36.074142 36.107487 36.040630 36.062702 35.985004 35.995865 35.907593 35.907372 35.808853 35.797737 35.689362 35.667599 35.549812 35.517712 35.391006 35.348930 35.213848 35.162212 35.019337 34.958599 34.808548 34.739220 34.582634 34.505249 34.342815 34.257942 34.090347 33.998581 33.826530 33.728489 33.552692 33.449005 33.270180 33.161480 32.980331 32.867256 32.684475 32.567669 32.383938 32.264015 32.079987 31.957565 31.773870 31.649538 31.466778 31.341101 31.159836 31.033352 30.854105 30.727322 30.550573 30.423956 30.250143 30.124125 29.953636 29.828600 29.661776 29.538069 29.375198 29.253117 29.094439 28.974236 28.819933 28.701811 28.552025 28.436140 28.290955 28.177414 28.036867 27.925734 27.789812 27.681099 27.549749 27.443428 27.316547 27.212545 27.089989 26.988194 26.869783 26.770041 26.655558 26.557678 26.446877 26.350637 26.243237 26.148386 26.044083 25.950342 25.848810 25.755875 25.656769 25.564318 25.467278 25.374969 25.279627 25.187111 25.093084 25.000000 
25.000000 25.098660 25.198322 25.296392 25.397480 25.495363 25.598297 25.696388 25.801580 25.900261 26.008116 26.107744 26.218649 26.319567 26.433887 26.536409 26.654493 26.758907 26.881067 26.987627 27.114149 27.223074 27.354210 27.465675 27.601639 27.715786 27.856747 27.973669 28.119755 28.239496 28.390785 28.513346 28.669870 28.795197 28.956932 29.084925 29.251797 29.382296 29.554176 29.686977 29.863674 29.998518 30.179794 30.316370 30.501923 30.639868 30.829348 30.968250 31.161245 31.300646 31.496698 31.636095 31.834692 31.973541 32.174122 32.311844 32.513805 32.649780 32.852478 32.986069 33.188820 33.319351 33.521442 33.648228 33.848919 33.971264 34.169792 34.286983 34.482578 34.593910 34.785778 34.890553 35.077908 35.175430 35.357491 35.447090 35.623077 35.704113 35.873272 35.945126 36.106724 36.168819 36.322159 36.373962 36.518375 36.559402 36.694271 36.724087 36.848835 36.867069 36.981182 36.987526 37.090542 37.084755 37.176270 37.158176 37.237869 37.207363 37.274967 37.232021 37.287346 37.232002 37.274933 37.207306 37.237797 37.158081 37.176159 37.084618 37.090382 36.987347 36.980976 36.866840 36.848576 36.723793 36.693947 36.559040 36.517979 36.373524 36.321674 36.168293 36.106144 35.944489 35.872574 35.703350 35.622246 35.446182 35.356499 35.174355 35.076733 34.889278 34.784389 34.592407 34.480942 34.285221 34.167873 33.969193 33.846672 33.645802 33.518810 33.316517 33.185749 32.982769 32.848907 32.645947 32.509659 32.307396 32.169315 31.968395 31.829136 31.630156 31.490292 31.293806 31.153875 30.960392 30.820890 30.630865 30.492243 30.306076 30.168737 29.986776 29.851078 29.673615 29.539858 29.367128 29.235563 29.067743 28.938570 28.775785 28.649147 28.491465 28.367456 28.214890 28.093552 27.946064 27.827389 27.684893 27.568825 27.431185 27.317619 27.184658 27.073450 26.944946 26.835903 26.711601 26.604496 26.484106 26.378677 26.261873 26.157827 26.044264 25.941278 25.830585 25.728312 25.620100 25.518175 25.412041 25.310080 25.205610 25.103222 25.000000 
25.000000 25.108534 25.216194 25.326057 25.433294 25.544950 25.652199 25.766104 25.873789 25.990391 26.098919 26.218649 26.328407 26.451677 26.563025 26.690228 26.803492 26.934988 27.050468 27.186588 27.304543 27.445580 27.566225 27.712435 27.835947 27.987537 28.114042 28.271177 28.400755 28.563547 28.696217 28.864727 29.000463 29.174698 29.313416 29.493317 29.634876 29.820333 29.964535 30.155375 30.301964 30.497952 30.646614 30.847452 30.997822 31.203154 31.354805 31.564215 31.716671 31.929680 32.082417 32.298496 32.450935 32.669495 32.821026 33.041428 33.191391 33.412952 33.560661 33.782654 33.927387 34.149048 34.290062 34.510597 34.647133 34.865715 34.997002 35.212788 35.338051 35.550186 35.668652 35.876274 35.987179 36.189430 36.292030 36.488052 36.581627 36.770580 36.854435 37.035503 37.108990 37.281391 37.343899 37.506886 37.557854 37.710720 37.749649 37.891743 37.918186 38.048908 38.062500 38.181313 38.181747 38.288177 38.275227 38.368885 38.342392 38.422951 38.382843 38.450054 38.396339 38.450031 38.382801 38.422890 38.342308 38.368782 38.275101 38.288033 38.181572 38.181114 38.062275 38.048653 37.917904 37.891422 37.749294 37.710327 37.557423 37.506405 37.343372 37.280811 37.108356 37.034809 36.853672 36.769745 36.580715 36.487057 36.290947 36.188248 35.985897 35.874878 35.667137 35.548534 35.336266 35.210846 34.994907 34.863438 34.644676 34.507931 34.287193 34.145935 33.924038 33.779026 33.556763 33.408737 33.186867 33.036533 32.815784 32.663830 32.444878 32.291958 32.075432 31.922152 31.708639 31.555565 31.345589 31.193241 30.987272 30.836117 30.634567 30.485020 30.288240 30.140661 29.948936 29.803631 29.617189 29.474401 29.293407 29.153324 28.977884 28.840637 28.670795 28.536459 28.372200 28.240791 28.082050 27.953533 27.800186 27.674473 27.526350 27.403303 27.260183 27.139618 27.001242 26.882931 26.748999 26.632669 26.502846 26.388195 26.262112 26.148802 26.026064 25.913729 25.793922 25.682171 25.564859 25.453281 25.338020 25.226187 25.112524 25.000000 
25.000000 25.117527 25.236250 25.353071 25.473495 25.590092 25.712715 25.829557 25.954870 26.072412 26.200895 26.319567 26.451677 26.571886 26.708061 26.830183 26.970835 27.095207 27.240711 27.367640 27.518335 27.648077 27.804264 27.937037 28.098963 28.234930 28.402802 28.542074 28.716042 28.858675 29.038832 29.184822 29.371206 29.520494 29.713074 29.865540 30.064226 30.219683 30.424322 30.582523 30.792891 30.953527 31.169336 31.332039 31.552931 31.717268 31.942823 32.108307 32.338039 32.504120 32.737480 32.903561 33.139942 33.305378 33.544109 33.708202 33.948570 34.110592 34.351826 34.511009 34.752293 34.907845 35.148335 35.299431 35.538246 35.684055 35.920288 36.059971 36.292694 36.425411 36.653687 36.778599 37.001495 37.117779 37.334362 37.441223 37.650570 37.747234 37.948441 38.034184 38.226383 38.300510 38.482868 38.544750 38.716476 38.765530 38.925884 38.961601 39.109901 39.131832 39.267467 39.275242 39.397659 39.390999 39.499725 39.478413 39.573059 39.536972 39.617226 39.566326 39.631962 39.566303 39.617184 39.536903 39.572971 39.478298 39.499588 39.390835 39.397472 39.275028 39.267220 39.131557 39.109592 38.961254 38.925499 38.765102 38.716003 38.544231 38.482296 38.299881 38.225693 38.033424 37.947609 37.746326 37.649574 37.440140 37.333183 37.116497 37.000099 36.777084 36.652035 36.423622 36.290745 36.057869 35.917999 35.681587 35.535564 35.296543 35.145199 34.904469 34.748634 34.507076 34.347569 34.106018 33.943623 33.702900 33.538380 33.299240 33.133320 32.896481 32.729843 32.495968 32.329254 32.098942 31.932745 31.706535 31.541393 31.319769 31.156160 30.939533 30.777878 30.566599 30.407259 30.201605 30.044882 29.845066 29.691191 29.497362 29.346512 29.158749 29.011030 28.829353 28.684820 28.509180 28.367821 28.198120 28.059864 27.895941 27.760666 27.602308 27.469841 27.316786 27.186899 27.038843 26.911268 26.767864 26.642284 26.503151 26.379217 26.243938 26.121267 25.989405 25.867582 25.738674 25.617266 25.490831 25.369377 25.244928 25.122961 25.000000 
25.000000 25.127705 25.254381 25.383654 25.509829 25.641211 25.767397 25.901423 26.028124 26.165321 26.293013 26.433887 26.563025 26.708061 26.839069 26.988726 27.121990 27.276695 27.412563 27.572702 27.711481 27.877399 28.019346 28.191339 28.336660 28.514977 28.663820 28.848648 29.001104 29.192581 29.348680 29.546873 29.706581 29.911495 30.074713 30.286283 30.452848 30.670942 30.840618 31.065031 31.237518 31.467976 31.642908 31.879059 32.056004 32.297424 32.475883 32.722088 32.901497 33.151924 33.331669 33.585693 33.765095 34.022026 34.200363 34.459450 34.635948 34.896385 35.070240 35.331173 35.501534 35.762066 35.928059 36.187252 36.347984 36.604870 36.759434 37.013023 37.160515 37.409798 37.549301 37.793270 37.923889 38.161526 38.282387 38.512688 38.622944 38.844921 38.943756 39.156456 39.243103 39.445602 39.519341 39.710762 39.770939 39.950455 39.996479 40.163315 40.194668 40.348125 40.364365 40.503819 40.504589 40.629482 40.614517 40.724384 40.693497 40.787956 40.741066 40.819828 40.756935 40.819805 40.741016 40.787888 40.693401 40.724262 40.614368 40.629311 40.504387 40.503586 40.364101 40.347828 40.194332 40.162941 39.996059 39.949989 39.770432 39.710197 39.518723 39.444920 39.242355 39.155636 38.942860 38.843937 38.621868 38.511517 38.281113 38.160137 37.922382 37.791622 37.547520 37.407856 37.158413 37.010738 36.756969 36.602188 36.345093 36.184113 35.924679 35.758400 35.497589 35.326904 35.065647 34.891418 34.630619 34.453686 34.194187 34.015358 33.757961 33.577995 33.323444 33.143063 32.892040 32.711903 32.465031 32.285755 32.043583 31.865715 31.628727 31.452755 31.221363 31.047712 30.822256 30.651281 30.432028 30.264017 30.051161 29.886337 29.680002 29.518518 29.318758 29.160698 28.967497 28.812885 28.626163 28.474955 28.294571 28.146662 27.972414 27.827642 27.659275 27.517424 27.354631 27.215431 27.057859 26.920994 26.768250 26.633358 26.485008 26.351694 26.207281 26.075111 25.934141 25.802658 25.664625 25.533342 25.397722 25.266138 25.132399 25.000000 
25.000000 25.136841 25.275080 25.411097 25.551315 25.687071 25.829847 25.965887 26.111795 26.248648 26.398243 26.536409 26.690228 26.830183 26.988726 27.130909 27.294657 27.439461 27.608852 27.756632 27.932058 28.083117 28.264925 28.419512 28.607996 28.766302 28.961699 29.123852 29.326332 29.492401 29.702076 29.872057 30.088966 30.262789 30.486900 30.664423 30.895632 31.076639 31.314760 31.498968 31.743744 31.930792 32.181889 32.371346 32.628345 32.819710 33.082119 33.274826 33.542084 33.735489 34.006958 34.200367 34.475338 34.668003 34.945698 35.136810 35.416389 35.605099 35.885674 36.071083 36.351707 36.532894 36.812580 36.988594 37.266315 37.436188 37.710888 37.873638 38.144241 38.298889 38.564312 38.709888 38.969032 39.104580 39.356365 39.480953 39.724308 39.837044 40.070915 40.170948 40.394329 40.480854 40.692772 40.765053 40.964596 41.021954 41.208256 41.250099 41.422371 41.448185 41.605709 41.615059 41.757198 41.749748 41.875957 41.851463 41.961285 41.919601 42.012672 41.953758 42.029819 41.953732 42.012623 41.919525 41.961182 41.851334 41.875797 41.749561 41.756981 41.614807 41.605423 41.447865 41.422012 41.249699 41.207806 41.021458 40.964043 40.764446 40.692104 40.480118 40.393520 40.170063 40.069946 39.835987 39.723148 39.479698 39.354992 39.103088 38.967403 38.708122 38.562386 38.296806 38.141972 37.871189 37.708221 37.433311 37.263191 36.985226 36.808926 36.528961 36.347446 36.066498 35.880711 35.599770 35.410625 35.130630 34.939022 34.660854 34.467625 34.192120 33.998062 33.725990 33.531853 33.263916 33.070381 32.807205 32.614906 32.357052 32.166542 31.914490 31.726259 31.480417 31.294888 31.055580 30.873096 30.640574 30.461411 30.235844 30.060204 29.841684 29.669695 29.458248 29.289967 29.085541 28.920954 28.723429 28.562458 28.371649 28.214151 28.029812 27.875582 27.697409 27.546185 27.373823 27.225288 27.058336 26.912125 26.750139 26.605844 26.448343 26.305519 26.151991 26.010153 25.860060 25.718702 25.571489 25.430080 25.285179 25.143167 25.000000 
25.000000 25.147356 25.293522 25.442688 25.588274 25.739874 25.885473 26.040121 26.186312 26.344616 26.491947 26.654493 26.803492 26.970835 27.121990 27.294657 27.448418 27.626898 27.783665 27.968407 28.128532 28.319933 28.483713 28.682114 28.849787 29.055471 29.227211 29.440397 29.616306 29.837147 30.017262 30.245838 30.430119 30.666435 30.854769 31.098749 31.290945 31.542437 31.738228 31.996992 32.196033 32.461750 32.663616 32.935886 33.140076 33.418411 33.624355 33.908192 34.115238 34.403934 34.611366 34.904194 35.111244 35.407406 35.613235 35.911869 36.115585 36.415764 36.616432 36.917168 37.113815 37.414070 37.605694 37.904392 38.089954 38.385975 38.564442 38.856640 39.026955 39.314175 39.475292 39.756367 39.907249 40.181007 40.320648 40.585938 40.713356 40.969032 41.083294 41.328262 41.428474 41.661671 41.747009 41.967419 42.037125 42.243797 42.297192 42.489239 42.525723 42.702335 42.721401 42.881855 42.883091 43.026752 43.009842 43.136177 43.100914 43.209480 43.155762 43.246227 43.174065 43.246201 43.155708 43.209396 43.100803 43.136036 43.009674 43.026554 42.882854 42.881588 42.721096 42.701988 42.525333 42.488804 42.296711 42.243263 42.036537 41.966766 41.746292 41.660881 41.427612 41.327312 41.082256 40.967899 40.712116 40.584583 40.319180 40.179405 39.905510 39.754467 39.473236 39.311935 39.024532 38.854000 38.561596 38.382877 38.086617 37.900761 37.601791 37.409836 37.109261 36.912231 36.611130 36.410023 36.109428 35.905212 35.606106 35.399708 35.103008 34.895309 34.601871 34.393700 34.104321 33.896439 33.611828 33.404942 33.125736 32.920486 32.647243 32.444180 32.177380 31.976997 31.717028 31.519739 31.266911 31.073046 30.827581 30.637396 30.399439 30.213108 29.982721 29.800346 29.577515 29.399117 29.183748 29.009277 28.801208 28.630547 28.429546 28.262506 28.068279 27.904610 27.716805 27.556192 27.374405 27.216486 27.040260 26.884621 26.713461 26.559639 26.393013 26.240513 26.077860 25.926149 25.766880 25.615400 25.458914 25.307087 25.152769 25.000000 
25.000000 25.156660 25.314922 25.470638 25.631166 25.786579 25.950037 26.105776 26.272812 26.429480 26.600735 26.758907 26.934988 27.095207 27.276695 27.439461 27.626898 27.792667 27.986555 28.155729 28.356516 28.529446 28.737526 28.914495 29.130205 29.311432 29.535040 29.720676 29.952379 30.142498 30.382421 30.577021 30.825211 31.024210 31.280626 31.483864 31.748384 31.955618 32.228031 32.438934 32.718948 32.933102 33.220333 33.437248 33.731220 33.950325 34.250473 34.471111 34.776794 34.998245 35.308723 35.530190 35.844658 36.065273 36.382843 36.601692 36.921402 37.137508 37.458336 37.670681 37.991547 38.199074 38.518848 38.720463 39.037968 39.232567 39.546600 39.733063 40.042393 40.219597 40.522984 40.689819 40.986008 41.141380 41.429131 41.571980 41.850067 41.979366 42.246593 42.361370 42.616581 42.715916 42.958004 43.041050 43.268963 43.334953 43.547710 43.595955 43.792656 43.822567 44.002388 44.013474 44.175690 44.167561 44.311546 44.283920 44.409157 44.361870 44.467945 44.400948 44.487560 44.400921 44.467884 44.361782 44.409039 44.283772 44.311363 44.167343 44.175442 44.013184 44.002064 43.822197 43.792240 43.595493 43.547195 43.334381 43.268333 43.040352 42.957237 42.715073 42.615658 42.360359 42.245483 41.978157 41.848740 41.570538 41.427551 41.139671 40.984138 40.687798 40.520775 40.217216 40.039795 39.730259 39.543545 39.229275 39.034386 38.716602 38.514656 38.194565 37.986660 37.665428 37.452648 37.131405 36.914795 36.594612 36.375191 36.057087 35.835815 35.520741 35.298534 34.987362 34.765072 34.458618 34.237022 33.936001 33.715824 33.420876 33.202751 32.914429 32.698917 32.417683 32.205269 31.931496 31.722574 31.456547 31.251431 30.993347 30.792267 30.542236 30.345337 30.103386 29.910732 29.676802 29.488382 29.262337 29.078056 28.859686 28.679382 28.468405 28.291843 28.087914 27.914793 27.717506 27.547466 27.356363 27.188982 27.003557 26.838369 26.658073 26.494566 26.318811 26.156437 25.984612 25.822784 25.654253 25.492365 25.326477 25.163902 25.000000 
25.000000 25.167540 25.333725 25.503323 25.668846 25.841209 26.006748 26.182577 26.348785 26.528765 26.696272 26.881067 27.050468 27.240711 27.412563 27.608852 27.783665 27.986555 28.164787 28.374783 28.556833 28.774385 28.960594 29.186090 29.376726 29.610489 29.805746 30.048023 30.248026 30.498987 30.703772 30.963511 31.173035 31.441553 31.655687 31.932899 32.151432 32.437160 32.659782 32.953758 33.180077 33.481941 33.711475 34.020767 34.252949 34.569118 34.803295 35.125698 35.361137 35.689041 35.924931 36.257507 36.492966 36.829319 37.063396 37.402538 37.634228 37.975101 38.203339 38.544827 38.768509 39.109428 39.327412 39.666538 39.877651 40.213718 40.416779 40.748486 40.942291 41.268326 41.451694 41.770725 41.942482 42.253181 42.412178 42.713234 42.858360 43.148479 43.278667 43.556602 43.670841 43.935390 44.032742 44.282749 44.362354 44.596741 44.657818 44.875580 44.917454 45.117676 45.139771 45.321625 45.323463 45.486237 45.467468 45.610550 45.570930 45.693825 45.633247 45.735573 45.654041 45.735542 45.633186 45.693733 45.570808 45.610394 45.467278 45.486008 45.323196 45.321320 45.139420 45.117283 44.917015 44.875084 44.657269 44.596130 44.361679 44.282005 44.031925 43.934494 43.669861 43.555527 43.277489 43.147186 42.856953 42.711693 42.410507 42.251354 41.940502 41.768562 41.449356 41.265774 40.939537 40.745480 40.413536 40.210194 39.873852 39.662411 39.322968 39.104607 38.763325 38.539207 38.197308 37.968571 37.627224 37.394962 37.055286 36.820557 36.483597 36.247398 35.914127 35.677399 35.348717 35.112324 34.789043 34.553791 34.236637 34.003242 33.692848 33.461952 33.158859 32.931015 32.635662 32.411343 32.124088 31.903660 31.624760 31.408522 31.138136 30.926283 30.664486 30.457132 30.203905 30.001074 29.756315 29.557953 29.321476 29.127443 28.898991 28.709076 28.488310 28.302229 28.088751 27.906147 27.699499 27.519957 27.319624 27.142672 26.948092 26.773207 26.583773 26.410391 26.225468 26.052982 25.871904 25.699680 25.521765 25.349144 25.173691 25.000000 
