25.000000 25.000000 25.000000 25.000000 25.000000 25.000000 25.000000 25.000000 25.000000 25.000000 25.000000 25.000000 25.000000 25.000000 25.000000 25.000000 25.000000 25.000000 25.000000 25.000000 25.000000 25.000000 25.000000 25.000000 25.000000 25.000000 25.000000 25.000000 25.000000 25.000000 25.000000 25.000000 25.000000 25.000000 25.000000 25.000000 25.000000 25.000000 25.000000 25.000000 25.000000 25.000000 25.000000 25.000000 25.000000 25.000000 25.000000 25.000000 25.000000 25.000000 25.000000 25.000000 25.000000 25.000000 25.000000 25.000000 25.000000 25.000000 25.000000 25.000000 25.000000 25.000000 25.000000 25.000000 25.000000 25.000000 25.000000 25.000000 25.000000 25.000000 25.000000 25.000000 25.000000 25.000000 25.000000 25.000000 25.000000 25.000000 25.000000 25.000000 25.000000 25.000000 25.000000 25.000000 25.000000 25.000000 25.000000 25.000000 25.000000 25.000000 25.000000 25.000000 25.000000 25.000000 25.000000 25.000000 25.000000 25.000000 25.000000 25.000000 25.000000 25.000000 25.000000 25.000000 25.000000 25.000000 25.000000 25.000000 25.000000 25.000000 25.000000 25.000000 25.000000 25.000000 25.000000 25.000000 25.000000 25.000000 25.000000 25.000000 25.000000 25.000000 25.000000 25.000000 25.000000 25.000000 25.000000 25.000000 25.000000 25.000000 25.000000 25.000000 25.000000 25.000000 25.000000 25.000000 25.000000 25.000000 25.000000 25.000000 25.000000 25.000000 25.000000 25.000000 25.000000 25.000000 25.000000 25.000000 25.000000 25.000000 25.000000 25.000000 25.000000 25.000000 25.000000 25.000000 25.000000 25.000000 25.000000 25.000000 25.000000 25.000000 25.000000 25.000000 25.000000 25.000000 25.000000 25.000000 25.000000 25.000000 25.000000 25.000000 25.000000 25.000000 25.000000 25.000000 25.000000 25.000000 25.000000 25.000000 25.000000 25.000000 25.000000 25.000000 25.000000 25.000000 25.000000 25.000000 25.000000 25.000000 25.000000 25.000000 25.000000 25.000000 25.000000 25.000000 25.000000 25.000000 25.000000 25.000000 
25.000000 25.006285 25.012638 25.018896 25.025362 25.031633 25.038256 25.044579 25.051399 25.057816 25.064877 25.071419 25.078764 25.085470 25.093134 25.100037 25.108059 25.115189 25.123604 25.130989 25.139830 25.147493 25.156790 25.164755 25.174532 25.182816 25.193096 25.201712 25.212515 25.221470 25.232809 25.242111 25.253998 25.263645 25.276083 25.286070 25.299059 25.309376 25.322914 25.333544 25.347616 25.358540 25.373133 25.384323 25.399414 25.410839 25.426401 25.438026 25.454021 25.465805 25.482199 25.494093 25.510838 25.522793 25.539837 25.551796 25.569088 25.580992 25.598469 25.610256 25.627855 25.639458 25.657106 25.668457 25.686089 25.697115 25.714651 25.725283 25.742649 25.752811 25.769928 25.779551 25.796335 25.805349 25.821722 25.830053 25.845938 25.853519 25.868835 25.875603 25.890274 25.896168 25.910120 25.915081 25.928247 25.932224 25.944536 25.947485 25.958881 25.960760 25.971188 25.971962 25.981373 25.981018 25.989367 25.987864 25.995115 25.992453 25.998581 25.994755 25.999737 25.994755 25.998579 25.992453 25.995113 25.987862 25.989363 25.981014 25.981367 25.971958 25.971184 25.960754 25.958876 25.947477 25.944529 25.932217 25.928238 25.915071 25.910109 25.896154 25.890259 25.875587 25.868816 25.853498 25.845915 25.830029 25.821695 25.805317 25.796301 25.779514 25.769886 25.752768 25.742598 25.725229 25.714590 25.697048 25.686016 25.668377 25.657021 25.639360 25.627748 25.610142 25.598345 25.580856 25.568939 25.551634 25.539660 25.522600 25.510628 25.493866 25.481951 25.465538 25.453730 25.437710 25.426056 25.410469 25.399010 25.383888 25.372662 25.358032 25.347067 25.332952 25.322273 25.308691 25.298319 25.285276 25.275227 25.262728 25.253010 25.241056 25.231672 25.220259 25.211210 25.200323 25.191605 25.181231 25.172831 25.162951 25.154854 25.145443 25.137634 25.128666 25.121120 25.112564 25.105259 25.097082 25.089985 25.082150 25.075232 25.067701 25.060926 25.053661 25.046993 25.039953 25.033354 25.026495 25.019928 25.013206 25.006628 25.000000 
25.000000 25.012638 25.025181 25.038000 25.050529 25.063620 25.076214 25.089659 25.102396 25.116282 25.129240 25.143650 25.156898 25.171911 25.185522 25.201214 25.215250 25.231693 25.246212 25.263477 25.278530 25.296677 25.312313 25.331396 25.347654 25.367723 25.384632 25.405729 25.423311 25.445471 25.463741 25.486984 25.505947 25.530293 25.549942 25.575394 25.595715 25.622267 25.643232 25.670870 25.692446 25.721140 25.743279 25.772991 25.795635 25.826319 25.849398 25.880989 25.904427 25.936852 25.960560 25.993734 26.017616 26.051445 26.075394 26.109770 26.133669 26.168480 26.192205 26.227325 26.250750 26.286043 26.309031 26.344357 26.366770 26.401983 26.423676 26.458626 26.479454 26.513981 26.533802 26.567747 26.586418 26.619619 26.636997 26.669296 26.685242 26.716482 26.730860 26.760887 26.773575 26.802237 26.813114 26.840269 26.849228 26.874741 26.881683 26.905422 26.910263 26.932117 26.934780 26.954645 26.955072 26.972853 26.970997 26.986616 26.982452 26.995846 26.989355 27.000475 26.991661 27.000475 26.989355 26.995844 26.982449 26.986612 26.970993 26.972845 26.955065 26.954636 26.934772 26.932106 26.910252 26.905411 26.881668 26.874723 26.849209 26.840248 26.813091 26.802210 26.773544 26.760855 26.730824 26.716440 26.685196 26.669247 26.636940 26.619558 26.586349 26.567673 26.533720 26.513889 26.479355 26.458515 26.423555 26.401850 26.366625 26.344198 26.308855 26.285851 26.250540 26.227095 26.191956 26.168207 26.133371 26.109446 26.075039 26.051060 26.017199 25.993277 25.960066 25.936312 25.903843 25.880352 25.848713 25.825571 25.794830 25.772120 25.742338 25.720121 25.691351 25.669683 25.641960 25.620888 25.594238 25.573797 25.548235 25.528450 25.503979 25.484861 25.461475 25.443033 25.420713 25.402937 25.381660 25.364534 25.344265 25.327765 25.308460 25.292549 25.274160 25.258802 25.241270 25.226414 25.209673 25.195269 25.179251 25.165234 25.149864 25.136169 25.121370 25.107927 25.093620 25.080353 25.066452 25.053284 25.039703 25.026556 25.013206 25.000000 
25.000000 25.018896 25.038000 25.056816 25.076260 25.095112 25.115025 25.134035 25.154547 25.173830 25.195066 25.214733 25.236818 25.256977 25.280025 25.300776 25.324900 25.346333 25.371639 25.393837 25.420422 25.443460 25.471413 25.495358 25.524755 25.549658 25.580568 25.606466 25.638948 25.665871 25.699966 25.727928 25.763666 25.792665 25.830063 25.860085 25.899141 25.930153 25.970854 26.002810 26.045120 26.077959 26.121832 26.155474 26.200842 26.235193 26.281971 26.316921 26.365011 26.400436 26.449715 26.485476 26.535812 26.571753 26.622993 26.658947 26.710928 26.746717 26.799255 26.834690 26.887592 26.922474 26.975533 27.009655 27.062654 27.095806 27.148521 27.180485 27.232685 27.263243 27.314688 27.343626 27.394075 27.421177 27.470392 27.495443 27.543186 27.565987 27.612019 27.632374 27.676468 27.694191 27.736128 27.751049 27.790619 27.802584 27.839586 27.848455 27.882710 27.888363 27.919703 27.922041 27.950317 27.949261 27.974348 27.969841 27.991631 27.983639 28.002047 27.990561 28.005526 27.990559 28.002045 27.983635 27.991625 27.969833 27.974340 27.949253 27.950308 27.922029 27.919689 27.888348 27.882692 27.848436 27.839563 27.802557 27.790590 27.751019 27.736094 27.694151 27.676424 27.632324 27.611963 27.565926 27.543118 27.495369 27.470308 27.421083 27.393974 27.343513 27.314564 27.263107 27.232534 27.180321 27.148340 27.095608 27.062435 27.009417 26.975269 26.922188 26.887276 26.834347 26.798880 26.746309 26.710480 26.658461 26.622461 26.571175 26.535179 26.484793 26.448969 26.399630 26.364130 26.315971 26.280937 26.234077 26.199629 26.154167 26.120415 26.076435 26.043468 26.001036 25.968933 25.928093 25.896914 25.857698 25.827486 25.789909 25.760695 25.724754 25.696548 25.662226 25.635027 25.602291 25.576084 25.544889 25.519640 25.489927 25.465595 25.437294 25.413822 25.386852 25.364174 25.338444 25.316481 25.291889 25.270557 25.246996 25.226198 25.203554 25.183187 25.161343 25.141296 25.120125 25.100288 25.079662 25.059916 25.039705 25.019928 25.000000 
25.000000 25.025362 25.050529 25.076260 25.101397 25.127666 25.152935 25.179918 25.205475 25.233343 25.259340 25.288260 25.314842 25.344973 25.372278 25.403772 25.431931 25.464933 25.494061 25.528708 25.558908 25.595325 25.626694 25.664991 25.697607 25.737881 25.771803 25.814138 25.849413 25.893879 25.930532 25.977175 26.015219 26.064068 26.103491 26.154558 26.195328 26.248604 26.290668 26.346119 26.389406 26.446978 26.491394 26.551008 26.596439 26.657997 26.704304 26.767681 26.814709 26.879759 26.927330 26.993883 27.041800 27.109665 27.157715 27.226679 27.274630 27.344461 27.392067 27.462517 27.509518 27.580315 27.626442 27.697306 27.742277 27.812914 27.856445 27.926546 27.968346 28.037598 28.077377 28.145460 28.182930 28.249523 28.284399 28.349182 28.381186 28.443840 28.472704 28.532923 28.558395 28.615875 28.637716 28.692171 28.710165 28.761322 28.775270 28.822876 28.832607 28.876427 28.881792 28.921616 28.922499 28.958141 28.954449 28.985756 28.977427 29.004271 28.991276 29.013557 28.995901 29.013556 28.991272 29.004265 28.977419 28.985748 28.954437 28.958130 28.922483 28.921600 28.881773 28.876406 28.832582 28.822849 28.775240 28.761290 28.710127 28.692129 28.637669 28.615822 28.558334 28.532858 28.472630 28.443760 28.381094 28.349081 28.284286 28.249401 28.182795 28.145311 28.077211 28.037415 27.968145 27.926325 27.856203 27.812647 27.741987 27.696985 27.626093 27.579931 27.509100 27.462055 27.391567 27.343912 27.274035 27.226027 27.157005 27.108889 27.040960 26.992964 26.926336 26.878675 26.813540 26.766405 26.702929 26.656500 26.594826 26.549255 26.489508 26.444931 26.387209 26.343737 26.288111 26.245836 26.192364 26.151356 26.100063 26.060369 26.011267 25.972914 25.925987 25.888985 25.844200 25.808535 25.765841 25.731478 25.690805 25.657700 25.618961 25.587044 25.550138 25.519327 25.484140 25.454338 25.420740 25.391840 25.359692 25.331572 25.300724 25.273249 25.243549 25.216578 25.187860 25.161245 25.133343 25.106926 25.079668 25.053291 25.026501 25.000000 
25.000000 25.031633 25.063620 25.095112 25.127666 25.159222 25.192564 25.224380 25.258726 25.291000 25.326559 25.359476 25.396452 25.430193 25.468781 25.503510 25.543900 25.579771 25.622139 25.659292 25.703798 25.742359 25.789154 25.829229 25.878443 25.920118 25.971867 26.015211 26.069586 26.114645 26.171719 26.218517 26.278339 26.326874 26.389473 26.439718 26.505091 26.556995 26.625116 26.678602 26.749418 26.804380 26.877808 26.934116 27.010042 27.067539 27.145824 27.204327 27.284801 27.344099 27.426565 27.486423 27.570656 27.630817 27.716560 27.776747 27.863726 27.923635 28.011547 28.070864 28.159380 28.217773 28.306551 28.363674 28.452351 28.507851 28.596050 28.649563 28.736895 28.788059 28.874126 28.922579 29.006979 29.052359 29.134689 29.176645 29.256506 29.294695 29.371695 29.405790 29.479548 29.509241 29.579384 29.604391 29.670568 29.690628 29.752512 29.767393 29.824675 29.834175 29.886580 29.890533 29.937811 29.936085 29.978024 29.970522 30.006943 29.993612 30.024372 30.005196 30.030195 30.005194 30.024368 29.993607 30.006935 29.970512 29.978010 29.936069 29.937794 29.890512 29.886557 29.834148 29.824646 29.767359 29.752474 29.690586 29.670521 29.604338 29.579323 29.509174 29.479473 29.405706 29.371605 29.294592 29.256393 29.176517 29.134550 29.052204 29.006807 28.922390 28.873919 28.787832 28.736643 28.649288 28.595745 28.507519 28.451984 28.363276 28.306110 28.217295 28.158854 28.070292 28.010916 27.922953 27.862974 27.775932 27.715670 27.629850 27.569597 27.485277 27.425316 27.342747 27.283327 27.202736 27.144093 27.065672 27.008011 26.931929 26.875431 26.801828 26.746649 26.675631 26.621899 26.553543 26.501358 26.435722 26.385157 26.322260 26.273361 26.213203 26.165993 26.108543 26.063019 26.008223 25.964355 25.912136 25.869877 25.820137 25.779411 25.732033 25.692749 25.647598 25.609642 25.566563 25.529806 25.488632 25.452929 25.413481 25.378672 25.340757 25.306671 25.270092 25.236546 25.201094 25.167892 25.133356 25.100306 25.066467 25.033363 25.000000 
25.000000 25.038256 25.076214 25.115025 25.152935 25.192564 25.230669 25.271378 25.309916 25.351957 25.391159 25.434784 25.474869 25.520319 25.561497 25.609003 25.651463 25.701244 25.745167 25.797426 25.842970 25.897894 25.945198 26.002958 26.052141 26.112881 26.164034 26.227884 26.281076 26.348133 26.403406 26.473743 26.531111 26.604776 26.664223 26.741230 26.802710 26.883041 26.946474 27.030085 27.095362 27.182169 27.249149 27.339033 27.407543 27.500353 27.570187 27.665735 27.736658 27.834726 27.906467 28.006798 28.079063 28.181368 28.253836 28.357796 28.430117 28.535379 28.607182 28.713373 28.784264 28.890976 28.960552 29.067362 29.135199 29.241657 29.307325 29.412975 29.476036 29.580402 29.640417 29.743019 29.799555 29.899906 29.952532 30.050152 30.098450 30.192860 30.236427 30.327158 30.365614 30.452215 30.485201 30.567238 30.594425 30.671488 30.692577 30.764284 30.779016 30.845013 30.853167 30.913139 30.914534 30.968204 30.962700 31.009832 30.997343 31.037743 31.018223 31.051744 31.025196 31.051743 31.018217 31.037737 30.997332 31.009821 30.962685 30.968185 30.914511 30.913116 30.853138 30.844982 30.778978 30.764244 30.692530 30.671436 30.594366 30.567173 30.485128 30.452135 30.365522 30.327061 30.236315 30.192736 30.098312 30.049999 29.952364 29.899721 29.799349 29.742792 29.640169 29.580128 29.475735 29.412642 29.306961 29.241255 29.134760 29.066877 28.960026 28.890396 28.783634 28.712679 28.606428 28.534552 28.429218 28.356810 28.252768 28.180199 28.077797 28.005413 27.904968 27.833090 27.734892 27.663811 27.568111 27.498093 27.405109 27.336388 27.246304 27.179079 27.092047 27.026489 26.942617 26.878868 26.798237 26.736397 26.659052 26.599194 26.525148 26.467314 26.396549 26.340748 26.273212 26.219427 26.155041 26.103224 26.041882 25.991959 25.933531 25.885401 25.829737 25.783276 25.730200 25.685263 25.634583 25.591003 25.542507 25.500105 25.453571 25.412142 25.367338 25.326668 25.283346 25.243208 25.201118 25.161282 25.120159 25.080381 25.039968 25.000000 
25.000000 25.044579 25.089659 25.134035 25.179918 25.224380 25.271378 25.316206 25.364616 25.410088 25.460207 25.506586 25.558701 25.606237 25.660624 25.709555 25.766478 25.817017 25.876722 25.929070 25.991789 26.046118 26.112059 26.168522 26.237867 26.296587 26.369501 26.430571 26.507183 26.570669 26.651083 26.717016 26.801300 26.869682 26.957872 27.028666 27.120760 27.193892 27.289854 27.365215 27.464970 27.542412 27.645842 27.725180 27.832127 27.913141 28.023405 28.105837 28.219181 28.302736 28.418880 28.503227 28.621855 28.706631 28.827383 28.912195 29.034681 29.119108 29.242901 29.326496 29.451138 29.533436 29.658438 29.738951 29.863806 29.942032 30.066210 30.141644 30.264593 30.336721 30.457886 30.526194 30.645006 30.708992 30.824886 30.884050 30.996462 31.050323 31.158701 31.206802 31.310606 31.352510 31.451220 31.486526 31.579647 31.607988 31.695059 31.716108 31.796696 31.810169 31.883884 31.889544 31.956038 31.953701 32.012672 32.002205 32.053402 32.034725 32.077953 32.051041 32.086155 32.051037 32.077950 32.034718 32.053394 32.002190 32.012653 31.953678 31.956015 31.889515 31.883852 31.810129 31.796656 31.716059 31.695007 31.607927 31.579580 31.486448 31.451136 31.352413 31.310501 31.206684 31.158573 31.050179 30.996302 30.883871 30.824690 30.708775 30.644766 30.525928 30.457592 30.336399 30.264238 30.141254 30.065779 29.941565 29.863289 29.738386 29.657818 29.532761 29.450396 29.325689 29.242014 29.118145 29.033623 28.911049 28.826126 28.705269 28.620363 28.501614 28.417118 28.300831 28.217104 28.103594 28.020962 27.910509 27.829262 27.722097 27.642492 27.538813 27.461065 27.361025 27.285316 27.189026 27.115498 27.023031 26.951786 26.863178 26.794283 26.709526 26.643011 26.562067 26.497927 26.420719 26.358913 26.285336 26.225796 26.155706 26.098328 26.031563 25.976213 25.912586 25.859108 25.798399 25.746611 25.688581 25.638281 25.582682 25.533640 25.480204 25.432177 25.380621 25.333353 25.283386 25.236609 25.187929 25.141361 25.093666 25.047018 25.000000 
25.000000 25.051399 25.102396 25.154547 25.205475 25.258726 25.309916 25.364616 25.416386 25.472878 25.525537 25.584158 25.638002 25.699072 25.754383 25.818213 25.875248 25.942131 26.001131 26.071341 26.132517 26.206305 26.269846 26.347439 26.413502 26.495096 26.563808 26.649572 26.721024 26.811092 26.885338 26.979811 27.056871 27.155807 27.235661 27.339081 27.421665 27.529547 27.614756 27.727036 27.814724 27.931288 28.021265 28.141958 28.233992 28.358608 28.452421 28.580711 28.675987 28.807652 28.904034 29.038731 29.135818 29.273161 29.370522 29.510077 29.607244 29.748545 29.845020 29.987558 30.082815 30.226048 30.319540 30.462896 30.554056 30.696936 30.785187 30.926973 31.011728 31.151785 31.232456 31.370136 31.446136 31.580790 31.651545 31.782526 31.847473 31.974136 32.032738 32.154457 32.206200 32.322369 32.366768 32.476803 32.513420 32.616776 32.645210 32.741367 32.761269 32.849758 32.860828 32.941227 32.943222 33.015156 33.007896 33.071049 33.054409 33.108521 33.082443 33.127323 33.091808 33.127319 33.082436 33.108513 33.054394 33.071033 33.007874 33.015133 32.943192 32.941196 32.860790 32.849716 32.761219 32.741314 32.645145 32.616707 32.513344 32.476715 32.366669 32.322262 32.206078 32.154324 32.032589 31.973972 31.847288 31.782322 31.651320 31.580540 31.445860 31.369831 31.232121 31.151415 31.011324 30.926525 30.784698 30.696396 30.553467 30.462244 30.318832 30.225267 30.081966 29.986626 29.844007 29.747433 29.606037 29.508753 29.369085 29.271587 29.134115 29.036869 28.902020 28.805454 28.673615 28.578123 28.449633 28.355570 28.230722 28.138401 28.017443 27.927137 27.810266 27.722202 27.609573 27.523935 27.415655 27.332584 27.228712 27.148304 27.048859 26.971170 26.876122 26.801168 26.710453 26.638206 26.551720 26.482117 26.399715 26.332657 26.254168 26.189516 26.114735 26.052324 25.981018 25.920654 25.852564 25.794025 25.728867 25.671907 25.609385 25.553730 25.493528 25.438896 25.380686 25.326769 25.270210 25.216694 25.161440 25.108000 25.053699 25.000000 
25.000000 25.057816 25.116282 25.173830 25.233343 25.291000 25.351957 25.410088 25.472878 25.531841 25.596846 25.656984 25.724577 25.786215 25.856752 25.920197 25.994019 26.059549 26.136978 26.204853 26.286184 26.356628 26.442133 26.515343 26.605261 26.681396 26.775934 26.855118 26.954445 27.036762 27.141014 27.226505 27.335768 27.424435 27.538755 27.630548 27.749926 27.844751 27.969137 28.066853 28.196146 28.296564 28.430613 28.533493 28.672092 28.777147 28.920042 29.026937 29.173815 29.282167 29.432667 29.542049 29.695759 29.805702 29.962158 30.072153 30.230844 30.340345 30.500723 30.609150 30.770618 30.877367 31.039297 31.143734 31.305464 31.406944 31.567787 31.665653 31.824898 31.918484 32.075405 32.164051 32.317913 32.400959 32.551033 32.627834 32.773392 32.843323 32.983643 33.046116 33.180504 33.234951 33.362728 33.408630 33.529163 33.566044 33.678726 33.706158 33.810436 33.828056 33.923424 33.930920 34.016930 34.014065 34.090321 34.076920 34.143105 34.119064 34.174919 34.140209 34.185543 34.140205 34.174911 34.119053 34.143089 34.076900 34.090298 34.014034 34.016895 33.930882 33.923382 33.828003 33.810383 33.706093 33.678658 33.565960 33.529072 33.408531 33.362617 33.234825 33.180367 33.045963 32.983479 32.843136 32.773186 32.627602 32.550777 32.400677 32.317600 32.163704 32.075024 31.918068 31.824436 31.665150 31.567230 31.406338 31.304792 31.143003 31.038490 30.876490 30.769653 30.608101 30.499571 30.339094 30.229473 30.070663 29.960526 29.803934 29.693823 29.539955 29.430380 29.279696 29.171118 29.024027 28.916872 28.773733 28.668375 28.529495 28.426268 28.291897 28.191080 28.061419 27.963245 27.838440 27.743097 27.623240 27.530859 27.415995 27.326662 27.216787 27.130541 27.025602 26.942436 26.842337 26.762199 26.666800 26.589598 26.498720 26.424320 26.337748 26.265982 26.183468 26.114128 26.035398 25.968248 25.892992 25.827768 25.755661 25.692070 25.622765 25.560490 25.493622 25.432331 25.367521 25.306862 25.243725 25.183334 25.121475 25.060980 25.000000 
25.000000 25.064877 25.129240 25.195066 25.259340 25.326559 25.391159 25.460207 25.525537 25.596846 25.663300 25.737289 25.805239 25.882320 25.952116 26.032679 26.104650 26.189062 26.263510 26.352116 26.429314 26.522429 26.602608 26.700520 26.783880 26.886837 26.973539 27.081751 27.171913 27.285547 27.379238 27.498423 27.595663 27.720472 27.821238 27.951696 28.055906 28.191988 28.299513 28.441132 28.551786 28.698801 28.812347 28.964561 29.080704 29.237860 29.356251 29.518028 29.638269 29.804295 29.925932 30.095772 30.218306 30.391472 30.514355 30.690304 30.812948 30.991085 31.112862 31.292547 31.412794 31.593346 31.711370 31.892065 32.007156 32.187244 32.298672 32.477367 32.584393 32.760895 32.862778 33.036270 33.132271 33.301937 33.391327 33.556351 33.638424 33.797997 33.872070 34.025402 34.090828 34.237156 34.293327 34.431911 34.478279 34.608425 34.644478 34.765545 34.790840 34.902233 34.916393 35.017582 35.020302 35.110809 35.101860 35.181293 35.160515 35.228554 35.195866 35.252258 35.207676 35.252254 35.195858 35.228539 35.160496 35.181274 35.101830 35.110779 35.020264 35.017540 34.916344 34.902180 34.790775 34.765480 34.644398 34.608337 34.478176 34.431801 34.293205 34.237019 34.090675 34.025234 33.871883 33.797791 33.638191 33.556095 33.391045 33.301620 33.131920 33.035885 32.862350 32.760426 32.583878 32.476799 32.298054 32.186562 32.006413 31.891245 31.710476 31.592360 31.411722 31.291368 31.111580 30.989677 30.811422 30.688629 30.512541 30.389484 30.216156 30.093420 29.923389 29.801517 29.635273 29.514759 29.352728 29.234022 29.076576 28.960070 28.807522 28.693560 28.546158 28.435026 28.292969 28.184900 28.048319 27.943489 27.812462 27.710997 27.585543 27.487511 27.367601 27.273018 27.158567 27.067402 26.958279 26.870449 26.766476 26.681856 26.582813 26.501232 26.406862 26.328110 26.238119 26.161947 26.076012 26.002142 25.919905 25.848026 25.769112 25.698881 25.622894 25.553949 25.480473 25.412434 25.341042 25.273504 25.203760 25.136314 25.067776 25.000000 
25.000000 25.071419 25.143650 25.214733 25.288260 25.359476 25.434784 25.506586 25.584158 25.656984 25.737289 25.811567 25.895067 25.971195 26.058329 26.136686 26.227875 26.308807 26.404446 26.488274 26.588724 26.675726 26.781326 26.871742 26.982784 27.076813 27.193554 27.291348 27.413998 27.515661 27.644381 27.749968 27.884867 27.994373 28.135509 28.248878 28.396250 28.513365 28.666908 28.787596 28.947187 29.071215 29.236668 29.363735 29.534798 29.664555 29.840906 29.972940 30.154196 30.288034 30.473749 30.608864 30.798527 30.934341 31.127382 31.263264 31.459055 31.594334 31.792191 31.926151 32.125340 32.257236 32.456982 32.586033 32.785515 32.910927 33.109303 33.230259 33.426647 33.542328 33.735840 33.845428 34.035152 34.137836 34.322876 34.417862 34.597313 34.683830 34.856808 34.934120 35.099770 35.167183 35.324665 35.381542 35.530071 35.575817 35.714657 35.748749 35.877209 35.899189 36.016651 36.026146 36.132046 36.128757 36.222622 36.206333 36.287766 36.258343 36.327026 36.284439 36.340141 36.284431 36.327015 36.258331 36.287746 36.206306 36.222595 36.128719 36.132008 36.026096 36.016598 35.899128 35.877144 35.748669 35.714573 35.575718 35.529964 35.381416 35.324532 35.167030 35.099602 34.933933 34.856602 34.683598 34.597057 34.417576 34.322559 34.137489 34.034767 33.845001 33.735367 33.541809 33.426075 33.229633 33.108612 32.910175 32.784687 32.585125 32.455982 32.256149 32.124146 31.924852 31.790764 31.592785 31.457357 31.261423 31.125364 30.932154 30.796135 30.606276 30.470921 30.284979 30.150862 29.969343 29.836987 29.660334 29.530203 29.358795 29.231297 29.065445 28.940926 28.780880 28.659628 28.505566 28.387808 28.239845 28.125750 27.983942 27.873611 27.737957 27.631439 27.501869 27.399157 27.275553 27.176582 27.058775 26.963428 26.851198 26.759314 26.652395 26.563761 26.461849 26.376211 26.278965 26.196032 26.103073 26.022516 25.933445 25.854902 25.769287 25.692371 25.609764 25.534061 25.453997 25.379072 25.301073 25.226479 25.150057 25.075331 25.000000 
25.000000 25.078764 25.156898 25.236818 25.314842 25.396452 25.474869 25.558701 25.638002 25.724577 25.805239 25.895067 25.977543 26.071117 26.155834 26.253630 26.340988 26.443451 26.533813 26.641359 26.735058 26.848072 26.945391 27.064215 27.165396 27.290335 27.395571 27.526880 27.636311 27.774195 27.887909 28.032516 28.150541 28.301964 28.424265 28.582533 28.709019 28.874094 29.004604 29.176386 29.310699 29.489016 29.626839 29.811451 29.952429 30.143021 30.286734 30.482918 30.628880 30.830202 30.977863 31.183798 31.332556 31.542511 31.691696 31.905012 32.053917 32.269871 32.417728 32.635548 32.781559 33.000412 33.143734 33.362747 33.502522 33.720776 33.856117 34.072670 34.202679 34.416557 34.540337 34.750557 34.867207 35.072773 35.181416 35.381336 35.481110 35.674412 35.764492 35.950207 36.029808 36.207020 36.275406 36.443218 36.499718 36.657288 36.701286 36.847836 36.878796 37.013607 37.031067 37.153492 37.157082 37.266556 37.255993 37.352036 37.327129 37.409344 37.370003 37.438095 37.384323 37.438087 37.369991 37.409325 37.327106 37.352009 37.255959 37.266518 37.157036 37.153442 37.031006 37.013542 36.878716 36.847755 36.701187 36.657181 36.499596 36.443085 36.275257 36.206852 36.029625 35.950001 35.764263 35.674156 35.480827 35.381023 35.181068 35.072388 34.866783 34.750088 34.539822 34.415989 34.202053 34.071980 33.855366 33.719944 33.501614 33.361744 33.142647 32.999210 32.780254 32.634113 32.416172 32.268162 32.052059 31.902977 31.689493 31.540096 31.329943 31.180943 30.974775 30.826830 30.625238 30.478947 30.282454 30.138359 29.947414 29.805994 29.620975 29.482649 29.303864 29.168972 28.996656 28.865484 28.699800 28.572565 28.413607 28.290453 28.138248 28.019262 27.873775 27.758976 27.620104 27.509453 27.377035 27.270433 27.144257 27.041550 26.921350 26.822330 26.707794 26.612207 26.502979 26.410524 26.306211 26.216549 26.116722 26.029474 25.933676 25.848429 25.756178 25.672491 25.583288 25.500694 25.414021 25.332037 25.247362 25.165487 25.082279 25.000000 
25.000000 25.085470 25.171911 25.256977 25.344973 25.430193 25.520319 25.606237 25.699072 25.786215 25.882320 25.971195 26.071117 26.162207 26.266472 26.360226 26.469339 26.566174 26.680603 26.780901 26.901081 27.005175 27.131504 27.239683 27.372517 27.485018 27.624657 27.741663 27.888359 28.009995 28.163942 28.290270 28.451599 28.582617 28.751392 28.887032 29.063251 29.203377 29.386963 29.531364 29.722170 29.870567 30.068367 30.220409 30.424900 30.580164 30.790962 30.948954 31.165602 31.325756 31.547718 31.709408 31.936075 32.098606 32.329296 32.491917 32.725876 32.887787 33.124191 33.284538 33.522522 33.680401 33.919033 34.073524 34.311825 34.461975 34.698933 34.843761 35.078331 35.216866 35.447975 35.579235 35.805805 35.928822 36.149773 36.263596 36.477852 36.581558 36.788067 36.880779 37.078506 37.159397 37.347355 37.415653 37.592896 37.647900 37.813545 37.854626 38.007858 38.034470 38.174541 38.186234 38.312485 38.308899 38.420757 38.401634 38.498627 38.463810 38.545555 38.494999 38.561234 38.494991 38.545544 38.463791 38.498600 38.401600 38.420723 38.308853 38.312439 38.186176 38.174480 38.034393 38.007778 37.854530 37.813446 37.647781 37.592766 37.415504 37.347191 37.159214 37.078304 36.880554 36.787815 36.581280 36.477543 36.263252 36.149395 35.928406 35.805344 35.578728 35.447411 35.216248 35.077648 34.843018 34.698105 34.461075 34.310833 34.072437 33.917839 33.679100 33.521091 33.282978 33.122486 32.885929 32.723839 32.489712 32.326878 32.095989 31.933210 31.706308 31.544333 31.322096 31.161610 30.944647 30.786268 30.575108 30.419397 30.214491 30.061935 29.863659 29.714672 29.523321 29.378246 29.194036 29.053144 28.876217 28.739706 28.570127 28.438124 28.275888 28.148447 27.993481 27.870592 27.722752 27.604338 27.463423 27.349344 27.215090 27.105152 26.977243 26.871195 26.749268 26.646803 26.530449 26.431219 26.319992 26.223604 26.117020 26.023041 25.920589 25.828554 25.729696 25.639112 25.543295 25.453640 25.360294 25.271030 25.179575 25.090151 25.000000 
25.000000 25.093134 25.185522 25.280025 25.372278 25.468781 25.561497 25.660624 25.754383 25.856752 25.952116 26.058329 26.155834 26.266472 26.366629 26.482248 26.585524 26.706654 26.813480 26.940611 27.051380 27.184963 27.300011 27.440456 27.560066 27.707727 27.832132 27.987310 28.116674 28.279610 28.414036 28.584906 28.724428 28.903336 29.047916 29.234898 29.384424 29.579435 29.733723 29.936642 30.095427 30.306051 30.468988 30.687031 30.853704 31.078791 31.248701 31.480379 31.652952 31.890680 32.065273 32.308430 32.484322 32.732208 32.908619 33.160454 33.336540 33.591469 33.766331 34.023441 34.196133 34.454445 34.623970 34.882450 35.047794 35.305363 35.465477 35.721016 35.874844 36.127205 36.273685 36.521706 36.659779 36.902283 37.030910 37.266731 37.384892 37.612877 37.719601 37.938614 38.032974 38.241920 38.323048 38.520882 38.587975 38.773705 38.826046 38.998745 39.035694 39.194519 39.215534 39.359726 39.364368 39.493256 39.481186 39.594204 39.565201 39.661888 39.615837 39.695839 39.632748 39.695835 39.615822 39.661869 39.565170 39.594173 39.481144 39.493214 39.364311 39.359669 39.215462 39.194443 39.035603 38.998646 38.825928 38.773579 38.587830 38.520725 38.322868 38.241726 38.032753 37.938370 37.719330 37.612576 37.384560 37.266357 37.030499 36.901829 36.659279 36.521152 36.273075 36.126534 35.874107 35.720200 35.464588 35.304379 35.046719 34.881268 34.622681 34.453026 34.194584 34.021748 33.764484 33.589447 33.334339 33.158047 32.906010 32.729351 32.481228 32.305050 32.061615 31.886690 31.648643 31.475681 31.243637 31.073277 30.847767 30.680574 30.462049 30.298515 30.087337 29.927870 29.724318 29.569250 29.373518 29.223103 29.035303 28.889719 28.709885 28.569225 28.397314 28.261606 28.097500 27.966694 27.810205 27.684183 27.535061 27.413643 27.271572 27.154514 27.019129 26.906128 26.777006 26.667707 26.544390 26.438389 26.320368 26.217218 26.103954 26.003170 25.894096 25.795153 25.689678 25.592028 25.489538 25.392607 25.292484 25.195677 25.097288 25.000000 
25.000000 25.100037 25.201214 25.300776 25.403772 25.503510 25.609003 25.709555 25.818213 25.920197 26.032679 26.136686 26.253630 26.360226 26.482248 26.591963 26.719645 26.832964 26.966858 27.084227 27.224842 27.346651 27.494452 27.621038 27.776436 27.908081 28.071426 28.208342 28.379930 28.522263 28.702318 28.850142 29.038816 29.192129 29.389498 29.548218 29.754276 29.918247 30.132904 30.301882 30.524961 30.698620 30.929859 31.107786 31.346828 31.528530 31.774929 31.959827 32.213043 32.400482 32.659889 32.849133 33.114017 33.304256 33.573818 33.764175 34.037537 34.227070 34.503273 34.690983 34.969009 35.153854 35.432610 35.613503 35.891853 36.067680 36.344437 36.514061 36.787998 36.950275 37.220150 37.373932 37.638481 37.782639 38.040596 38.174015 38.424129 38.545738 38.786774 38.895546 39.126297 39.221264 39.440578 39.520832 39.727608 39.792332 39.985538 40.033997 40.212677 40.244232 40.407520 40.421642 40.568764 40.565033 40.695328 40.673439 40.786346 40.746120 40.841209 40.782581 40.859531 40.782574 40.841198 40.746098 40.786324 40.673401 40.695286 40.564980 40.568710 40.421574 40.407444 40.244144 40.212582 40.033886 39.985416 39.792194 39.727455 39.520657 39.440388 39.221046 39.126060 38.895279 38.786480 38.545414 38.423767 38.173618 38.040150 37.782146 37.637939 37.373337 37.219490 36.949551 36.787197 36.513184 36.343472 36.066624 35.890694 35.612232 35.431213 35.152328 34.967335 34.689159 34.501274 34.224892 34.035152 33.761589 33.570988 33.301186 33.110661 32.845501 32.655922 32.396194 32.208366 31.954781 31.769430 31.522606 31.340384 31.100851 30.922325 30.690525 30.516178 30.292459 30.122692 29.907307 29.742437 29.535551 29.375811 29.177502 29.023035 28.833300 28.684174 28.502924 28.359123 28.186195 28.047632 27.882790 27.749300 27.592239 27.463593 27.313946 27.189846 27.047188 26.927282 26.791136 26.675013 26.544855 26.432056 26.307325 26.197346 26.077442 25.969734 25.854034 25.748020 25.635874 25.530949 25.421692 25.317221 25.210178 25.105515 25.000000 
25.000000 25.108059 25.215250 25.324900 25.431931 25.543900 25.651463 25.766478 25.875248 25.994019 26.104650 26.227875 26.340988 26.469339 26.585524 26.719645 26.839449 26.979948 27.103872 27.251324 27.379814 27.534740 27.668192 27.831062 27.969809 28.141031 28.285337 28.465263 28.615320 28.804226 28.960155 29.158241 29.320082 29.527473 29.695181 29.911913 30.085360 30.311382 30.490353 30.725523 30.909712 31.153791 31.342804 31.595457 31.788809 32.049606 32.246719 32.515129 32.715340 32.990738 33.193295 33.474960 33.679039 33.966160 34.170849 34.462521 34.666843 34.962078 35.164993 35.462727 35.663139 35.962238 36.158997 36.458267 36.650192 36.948380 37.134258 37.430069 37.608677 37.900780 38.070889 38.357937 38.518314 38.798946 38.948399 39.221260 39.358601 39.622360 39.746460 39.999802 40.109592 40.351254 40.445721 40.674484 40.752708 40.967430 41.028568 41.228180 41.271496 41.455017 41.479881 41.646435 41.652336 41.801147 41.787693 41.918110 41.885040 41.996532 41.943710 42.035873 41.963306 42.035866 41.943695 41.996513 41.885006 41.918079 41.787643 41.801098 41.652267 41.646366 41.479797 41.454926 41.271389 41.228065 41.028435 40.967285 40.752537 40.674301 40.445511 40.351021 40.109333 39.999519 39.746143 39.622009 39.358212 39.220829 38.947918 38.798420 38.517735 38.357288 38.070183 37.899998 37.607822 37.429119 37.133224 36.947239 36.648945 36.456898 36.157501 35.960594 35.661343 35.460758 35.162849 34.959728 34.664288 34.459724 34.167816 33.962841 33.675446 33.471035 33.189049 32.986103 32.710335 32.509674 32.240833 32.043201 31.781912 31.587961 31.334743 31.145039 30.900318 30.715334 30.479431 30.299553 30.072695 29.898218 29.680536 29.511662 29.303198 29.140038 28.940741 28.783323 28.593058 28.441328 28.259880 28.113699 27.940779 27.799936 27.635181 27.499393 27.342379 27.211296 27.061537 26.934748 26.791706 26.668739 26.531836 26.412174 26.280781 26.163860 26.037319 25.922535 25.800163 25.686876 25.567966 25.455511 25.339344 25.227028 25.112875 25.000000 
25.000000 25.115189 25.231693 25.346333 25.464933 25.579771 25.701244 25.817017 25.942131 26.059549 26.189062 26.308807 26.443451 26.566174 26.706654 26.832964 26.979948 27.110411 27.264534 27.399652 27.561501 27.701731 27.871834 28.017565 28.196396 28.347946 28.535910 28.693525 28.890961 29.054811 29.261971 29.432140 29.649197 29.825687 30.052727 30.235447 30.472462 30.661224 30.908110 31.102640 31.359194 31.559114 31.825029 32.029869 32.304733 32.513927 32.797222 33.010109 33.301220 33.517036 33.815239 34.033142 34.337620 34.556675 34.866508 35.085712 35.399887 35.618153 35.935566 36.151752 36.471230 36.684135 37.004425 37.212803 37.532593 37.735157 38.053085 38.248535 38.563194 38.750210 39.060169 39.237431 39.541241 39.707451 40.003651 40.157539 40.444691 40.585011 40.861698 40.987274 41.252113 41.361828 41.613495 41.706314 41.943542 42.018517 42.240124 42.296406 42.501293 42.538155 42.725327 42.742153 42.910728 42.907036 43.056252 43.031685 43.160912 43.115257 43.223988 43.157181 43.245056 43.157173 43.223976 43.115231 43.160881 43.031643 43.056210 42.906971 42.910667 42.742073 42.725243 42.538052 42.501183 42.296276 42.239983 42.018353 41.943367 41.706112 41.613277 41.361580 41.251839 40.986965 40.861359 40.584633 40.444271 40.157074 40.003139 39.706890 39.540611 39.236748 39.059406 38.749378 38.562271 38.247528 38.051971 37.733940 37.531250 37.211338 37.002811 36.682377 36.469296 36.149651 35.933258 35.615643 35.397137 35.082729 34.863243 34.553139 34.333752 34.028954 33.810669 33.512093 33.295830 33.004288 32.790886 32.507099 32.297302 32.021877 31.816343 31.549786 31.349070 31.091780 30.896341 30.648617 30.458818 30.220848 30.036955 29.808832 29.631012 29.412733 29.241058 29.032526 28.866983 28.668009 28.508495 28.318808 28.165133 27.984385 27.836285 27.664053 27.521187 27.356985 27.218945 27.062227 26.928539 26.778706 26.648840 26.505243 26.378622 26.240574 26.116568 25.983353 25.861294 25.732166 25.611357 25.485552 25.365263 25.242006 25.121494 25.000000 
25.000000 25.123604 25.246212 25.371639 25.494061 25.622139 25.745167 25.876722 26.001131 26.136978 26.263510 26.404446 26.533813 26.680603 26.813480 26.966858 27.103872 27.264534 27.406256 27.574852 27.721796 27.898922 28.051538 28.237732 28.396400 28.592127 28.757151 28.962807 29.134407 29.350309 29.528624 29.755001 29.940075 30.177061 30.368847 30.616486 30.814838 31.073069 31.277740 31.546398 31.757042 32.035854 32.252014 32.540600 32.761730 33.059586 33.285027 33.591557 33.820545 34.135029 34.366711 34.688328 34.921753 35.249573 35.483711 35.816696 36.050430 36.387455 36.619598 36.959446 37.188744 37.530113 37.755260 38.096790 38.316429 38.656689 38.869442 39.206955 39.411423 39.744667 39.939438 40.266880 40.450558 40.770641 40.941853 41.253033 41.410435 41.711182 41.853485 42.142307 42.268276 42.543732 42.652222 42.912926 43.002876 43.247520 43.317966 43.545334 43.595444 43.804417 43.833462 44.023041 44.030437 44.199745 44.185043 44.333332 44.296227 44.422897 44.363243 44.467831 44.385628 44.467823 44.363224 44.422874 44.296196 44.333294 44.184986 44.199684 44.030361 44.022961 43.833366 43.804314 43.595322 43.545200 43.317814 43.247349 43.002682 42.912716 42.651981 42.543468 42.267982 42.141983 41.853119 41.710781 41.409988 41.252537 40.941307 40.770035 40.449894 40.266136 39.938633 39.743767 39.410442 39.205868 38.868259 38.655380 38.315002 38.095219 37.753544 37.528229 37.186684 36.957184 36.617142 36.384762 36.047504 35.813492 35.480240 35.245770 34.917641 34.683830 34.361847 34.129723 33.814812 33.585308 33.278290 33.052254 32.753834 32.532013 32.242786 32.025833 31.746283 31.534733 31.265234 31.059526 30.800339 30.600809 30.352083 30.158962 29.920746 29.734161 29.506401 29.326382 29.108927 28.935411 28.728014 28.560844 28.363176 28.202110 28.013760 27.858473 27.678955 27.529045 27.357811 27.212809 27.049242 26.908611 26.752050 26.615196 26.464926 26.331203 26.186478 26.055195 25.915232 25.785658 25.649649 25.521023 25.388149 25.259682 25.129110 25.000000 
