25.000000 25.000000 25.000000 25.000000 25.000000 25.000000 25.000000 25.000000 25.000000 25.000000 25.000000 25.000000 25.000000 25.000000 25.000000 25.000000 25.000000 25.000000 25.000000 25.000000 25.000000 25.000000 25.000000 25.000000 25.000000 25.000000 25.000000 25.000000 25.000000 25.000000 25.000000 25.000000 25.000000 25.000000 25.000000 25.000000 25.000000 25.000000 25.000000 25.000000 25.000000 25.000000 25.000000 25.000000 25.000000 25.000000 25.000000 25.000000 25.000000 25.000000 25.000000 25.000000 25.000000 25.000000 25.000000 25.000000 25.000000 25.000000 25.000000 25.000000 25.000000 25.000000 25.000000 25.000000 25.000000 25.000000 25.000000 25.000000 25.000000 25.000000 25.000000 25.000000 25.000000 25.000000 25.000000 25.000000 25.000000 25.000000 25.000000 25.000000 25.000000 25.000000 25.000000 25.000000 25.000000 25.000000 25.000000 25.000000 25.000000 25.000000 25.000000 25.000000 25.000000 25.000000 25.000000 25.000000 25.000000 25.000000 25.000000 25.000000 25.000000 25.000000 25.000000 25.000000 25.000000 25.000000 25.000000 25.000000 25.000000 25.000000 25.000000 25.000000 25.000000 25.000000 25.000000 25.000000 25.000000 25.000000 25.000000 25.000000 25.000000 25.000000 25.000000 25.000000 25.000000 25.000000 25.000000 25.000000 25.000000 25.000000 25.000000 25.000000 25.000000 25.000000 25.000000 25.000000 25.000000 25.000000 25.000000 25.000000 25.000000 25.000000 25.000000 25.000000 25.000000 25.000000 25.000000 25.000000 25.000000 25.000000 25.000000 25.000000 25.000000 25.000000 25.000000 25.000000 25.000000 25.000000 25.000000 25.000000 25.000000 25.000000 25.000000 25.000000 25.000000 25.000000 25.000000 25.000000 25.000000 25.000000 25.000000 25.000000 25.000000 25.000000 25.000000 25.000000 25.000000 25.000000 25.000000 25.000000 25.000000 25.000000 25.000000 25.000000 25.000000 25.000000 25.000000 25.000000 25.000000 25.000000 25.000000 25.000000 25.000000 25.000000 25.000000 25.000000 25.000000 25.000000 25.000000 25.000000 
25.000000 25.000034 25.000072 25.000111 25.000151 25.000193 25.000242 25.000292 25.000349 25.000408 25.000479 25.000549 25.000637 25.000725 25.000832 25.000940 25.001074 25.001209 25.001373 25.001539 25.001741 25.001944 25.002192 25.002436 25.002737 25.003033 25.003395 25.003752 25.004187 25.004610 25.005129 25.005630 25.006245 25.006834 25.007555 25.008242 25.009085 25.009878 25.010857 25.011768 25.012897 25.013933 25.015230 25.016397 25.017878 25.019184 25.020861 25.022310 25.024197 25.025795 25.027905 25.029650 25.031990 25.033880 25.036461 25.038494 25.041317 25.043482 25.046551 25.048836 25.052147 25.054533 25.058083 25.060551 25.064327 25.066853 25.070841 25.073393 25.077576 25.080124 25.084473 25.086983 25.091469 25.093903 25.098495 25.100811 25.105473 25.107630 25.112318 25.114277 25.118950 25.120670 25.125280 25.126722 25.131226 25.132351 25.136700 25.137478 25.141626 25.142027 25.145929 25.145929 25.149546 25.149128 25.152420 25.151571 25.154505 25.153223 25.155771 25.154055 25.156195 25.154055 25.155771 25.153223 25.154505 25.151571 25.152420 25.149128 25.149546 25.145929 25.145929 25.142027 25.141626 25.137478 25.136700 25.132351 25.131226 25.126722 25.125280 25.120670 25.118950 25.114277 25.112318 25.107630 25.105473 25.100811 25.098495 25.093903 25.091469 25.086983 25.084473 25.080124 25.077576 25.073393 25.070841 25.066853 25.064327 25.060551 25.058083 25.054533 25.052147 25.048836 25.046551 25.043482 25.041317 25.038494 25.036461 25.033880 25.031990 25.029650 25.027905 25.025795 25.024197 25.022310 25.020861 25.019184 25.017878 25.016397 25.015230 25.013933 25.012897 25.011768 25.010857 25.009878 25.009085 25.008242 25.007555 25.006834 25.006245 25.005630 25.005129 25.004610 25.004187 25.003750 25.003395 25.003031 25.002735 25.002434 25.002190 25.001942 25.001740 25.001535 25.001371 25.001205 25.001070 25.000937 25.000826 25.000719 25.000629 25.000542 25.000467 25.000397 25.000336 25.000275 25.000225 25.000174 25.000128 25.000082 25.000040 25.000000 
25.000000 25.000072 25.000145 25.000225 25.000303 25.000393 25.000484 25.000591 25.000700 25.000828 25.000957 25.001116 25.001276 25.001471 25.001667 25.001909 25.002153 25.002453 25.002754 25.003122 25.003490 25.003942 25.004391 25.004942 25.005486 25.006151 25.006805 25.007608 25.008390 25.009350 25.010279 25.011417 25.012514 25.013855 25.015139 25.016710 25.018200 25.020031 25.021746 25.023869 25.025824 25.028269 25.030483 25.033279 25.035767 25.038946 25.041718 25.045307 25.048374 25.052397 25.055763 25.060244 25.063906 25.068861 25.072815 25.078255 25.082485 25.088419 25.092903 25.099329 25.104038 25.110950 25.115843 25.123224 25.128260 25.136082 25.141205 25.149435 25.154581 25.163174 25.168280 25.177181 25.182171 25.191319 25.196112 25.205435 25.209953 25.219374 25.223532 25.232964 25.236681 25.246035 25.249231 25.258413 25.261013 25.269930 25.271858 25.280420 25.281616 25.289728 25.290142 25.297716 25.297304 25.304262 25.302996 25.309263 25.307125 25.312643 25.309629 25.314346 25.310469 25.314346 25.309629 25.312643 25.307125 25.309263 25.302996 25.304262 25.297304 25.297716 25.290142 25.289728 25.281616 25.280420 25.271858 25.269930 25.261013 25.258413 25.249231 25.246035 25.236681 25.232964 25.223532 25.219374 25.209953 25.205435 25.196112 25.191319 25.182171 25.177181 25.168280 25.163174 25.154581 25.149435 25.141205 25.136082 25.128260 25.123224 25.115843 25.110950 25.104038 25.099329 25.092903 25.088419 25.082485 25.078255 25.072815 25.068861 25.063906 25.060244 25.055763 25.052397 25.048374 25.045307 25.041718 25.038946 25.035767 25.033279 25.030483 25.028269 25.025824 25.023869 25.021746 25.020031 25.018200 25.016710 25.015139 25.013855 25.012514 25.011417 25.010277 25.009350 25.008389 25.007607 25.006804 25.006149 25.005482 25.004938 25.004387 25.003939 25.003487 25.003117 25.002748 25.002447 25.002148 25.001902 25.001657 25.001459 25.001261 25.001099 25.000938 25.000805 25.000673 25.000561 25.000450 25.000353 25.000256 25.000168 25.000082 25.000000 
25.000000 25.000111 25.000225 25.000340 25.000467 25.000595 25.000744 25.000895 25.001072 25.001251 25.001467 25.001686 25.001953 25.002224 25.002552 25.002888 25.003296 25.003708 25.004213 25.004719 25.005339 25.005957 25.006716 25.007467 25.008389 25.009295 25.010406 25.011496 25.012829 25.014126 25.015715 25.017248 25.019127 25.020929 25.023138 25.025238 25.027821 25.030245 25.033245 25.036024 25.039490 25.042648 25.046625 25.050190 25.054722 25.058712 25.063845 25.068275 25.074051 25.078934 25.085382 25.090717 25.097876 25.103657 25.111544 25.117758 25.126389 25.133005 25.142384 25.149366 25.159489 25.166782 25.177629 25.185173 25.196711 25.204432 25.216612 25.224419 25.237185 25.244980 25.258255 25.265934 25.279631 25.287073 25.301088 25.308176 25.322397 25.329004 25.343307 25.349308 25.363560 25.368830 25.382893 25.387314 25.401045 25.404503 25.417761 25.420158 25.432802 25.434048 25.445942 25.445967 25.456984 25.455732 25.465757 25.463194 25.472126 25.468235 25.475988 25.470774 25.477282 25.470774 25.475988 25.468235 25.472126 25.463194 25.465757 25.455732 25.456984 25.445967 25.445942 25.434048 25.432802 25.420158 25.417761 25.404503 25.401045 25.387314 25.382893 25.368830 25.363560 25.349308 25.343307 25.329004 25.322397 25.308176 25.301088 25.287073 25.279631 25.265934 25.258255 25.244980 25.237185 25.224419 25.216612 25.204432 25.196711 25.185173 25.177629 25.166782 25.159489 25.149366 25.142384 25.133005 25.126389 25.117758 25.111544 25.103657 25.097876 25.090717 25.085382 25.078934 25.074051 25.068275 25.063845 25.058712 25.054722 25.050190 25.046625 25.042648 25.039490 25.036024 25.033245 25.030245 25.027821 25.025238 25.023138 25.020929 25.019127 25.017248 25.015713 25.014124 25.012827 25.011492 25.010405 25.009293 25.008385 25.007463 25.006712 25.005953 25.005333 25.004711 25.004204 25.003700 25.003284 25.002874 25.002539 25.002205 25.001932 25.001661 25.001438 25.001217 25.001032 25.000847 25.000690 25.000534 25.000393 25.000256 25.000128 25.000000 
25.000000 25.000151 25.000303 25.000467 25.000631 25.000818 25.001007 25.001225 25.001448 25.001713 25.001982 25.002308 25.002640 25.003040 25.003450 25.003948 25.004452 25.005070 25.005690 25.006451 25.007210 25.008142 25.009068 25.010202 25.011324 25.012699 25.014050 25.015703 25.017315 25.019293 25.021208 25.023554 25.025812 25.028578 25.031219 25.034462 25.037523 25.041304 25.044827 25.049204 25.053225 25.058264 25.062819 25.068581 25.073698 25.080242 25.085949 25.093336 25.099649 25.107927 25.114855 25.124069 25.131609 25.141798 25.149933 25.161121 25.169823 25.182022 25.191246 25.204456 25.214144 25.228346 25.238417 25.253576 25.263939 25.280005 25.290545 25.307444 25.318039 25.335676 25.346186 25.364454 25.374729 25.393497 25.403374 25.422495 25.431808 25.451124 25.459700 25.479036 25.486708 25.505878 25.512482 25.531298 25.536674 25.554943 25.558949 25.576479 25.578985 25.595591 25.596489 25.611990 25.611197 25.625429 25.622879 25.635696 25.631359 25.642635 25.636501 25.646132 25.638224 25.646132 25.636501 25.642635 25.631359 25.635696 25.622879 25.625429 25.611197 25.611990 25.596489 25.595591 25.578985 25.576479 25.558949 25.554943 25.536674 25.531298 25.512482 25.505878 25.486708 25.479036 25.459700 25.451124 25.431808 25.422495 25.403374 25.393497 25.374729 25.364454 25.346186 25.335676 25.318039 25.307444 25.290545 25.280005 25.263939 25.253576 25.238417 25.228346 25.214144 25.204456 25.191246 25.182022 25.169823 25.161121 25.149933 25.141798 25.131609 25.124069 25.114855 25.107927 25.099649 25.093336 25.085949 25.080242 25.073698 25.068581 25.062819 25.058264 25.053225 25.049204 25.044827 25.041304 25.037523 25.034462 25.031218 25.028578 25.025812 25.023554 25.021206 25.019291 25.017313 25.015699 25.014046 25.012695 25.011320 25.010199 25.009062 25.008135 25.007202 25.006441 25.005680 25.005056 25.004438 25.003931 25.003429 25.003017 25.002611 25.002274 25.001944 25.001667 25.001394 25.001162 25.000933 25.000731 25.000534 25.000353 25.000174 25.000000 
25.000000 25.000193 25.000393 25.000595 25.000818 25.001043 25.001299 25.001562 25.001869 25.002182 25.002556 25.002939 25.003401 25.003874 25.004444 25.005026 25.005735 25.006453 25.007328 25.008207 25.009285 25.010359 25.011675 25.012978 25.014576 25.016151 25.018080 25.019968 25.022282 25.024530 25.027285 25.029945 25.033203 25.036325 25.040155 25.043789 25.048269 25.052465 25.057669 25.062477 25.068483 25.073950 25.080841 25.087009 25.094858 25.101765 25.110651 25.118320 25.128311 25.136763 25.147921 25.157154 25.169529 25.179539 25.193171 25.203924 25.218840 25.230291 25.246494 25.258577 25.276058 25.288683 25.307407 25.320467 25.340378 25.353741 25.374760 25.388275 25.410294 25.423794 25.446684 25.459982 25.483591 25.496489 25.520641 25.532928 25.557426 25.568888 25.593519 25.603937 25.628471 25.637632 25.661833 25.669533 25.693155 25.699200 25.721998 25.726212 25.747946 25.750179 25.770615 25.770744 25.789663 25.787592 25.804798 25.800465 25.815783 25.809160 25.822445 25.813543 25.824677 25.813543 25.822445 25.809160 25.815783 25.800465 25.804798 25.787592 25.789663 25.770744 25.770615 25.750179 25.747946 25.726212 25.721998 25.699200 25.693155 25.669533 25.661833 25.637632 25.628471 25.603937 25.593519 25.568888 25.557426 25.532928 25.520641 25.496489 25.483591 25.459982 25.446684 25.423794 25.410294 25.388275 25.374760 25.353741 25.340378 25.320467 25.307407 25.288683 25.276058 25.258577 25.246494 25.230291 25.218840 25.203924 25.193171 25.179539 25.169529 25.157154 25.147921 25.136763 25.128311 25.118320 25.110651 25.101765 25.094858 25.087009 25.080841 25.073950 25.068483 25.062477 25.057667 25.052465 25.048267 25.043789 25.040155 25.036324 25.033201 25.029943 25.027283 25.024527 25.022280 25.019964 25.018076 25.016146 25.014572 25.012972 25.011667 25.010349 25.009274 25.008196 25.007315 25.006437 25.005716 25.005005 25.004419 25.003841 25.003365 25.002895 25.002504 25.002121 25.001799 25.001480 25.001204 25.000933 25.000690 25.000450 25.000225 25.000000 
25.000000 25.000242 25.000484 25.000744 25.001007 25.001299 25.001598 25.001944 25.002296 25.002714 25.003143 25.003654 25.004181 25.004814 25.005461 25.006247 25.007044 25.008017 25.008997 25.010195 25.011395 25.012863 25.014324 25.016113 25.017883 25.020050 25.022177 25.024784 25.027325 25.030439 25.033455 25.037149 25.040705 25.045061 25.049213 25.054321 25.059135 25.065088 25.070623 25.077517 25.083834 25.091764 25.098921 25.107985 25.116028 25.126316 25.135284 25.146889 25.156811 25.169813 25.180700 25.195166 25.207014 25.223001 25.235786 25.253334 25.267010 25.286137 25.300634 25.321337 25.336561 25.358810 25.374640 25.398380 25.414669 25.439817 25.456390 25.482832 25.499495 25.527084 25.543615 25.572180 25.588346 25.617683 25.633230 25.663109 25.677780 25.707947 25.721474 25.751657 25.763773 25.793690 25.804134 25.833487 25.842018 25.870502 25.876894 25.904213 25.908264 25.934124 25.935663 25.959791 25.958683 25.980822 25.976971 25.996893 25.990242 26.007750 25.998289 26.013222 26.000986 26.013222 25.998289 26.007750 25.990242 25.996893 25.976971 25.980822 25.958683 25.959791 25.935663 25.934124 25.908264 25.904213 25.876894 25.870502 25.842018 25.833487 25.804134 25.793690 25.763773 25.751657 25.721474 25.707947 25.677780 25.663109 25.633230 25.617683 25.588346 25.572180 25.543615 25.527084 25.499495 25.482832 25.456390 25.439817 25.414669 25.398380 25.374640 25.358810 25.336561 25.321337 25.300634 25.286137 25.267010 25.253334 25.235786 25.223001 25.207014 25.195166 25.180700 25.169813 25.156811 25.146889 25.135284 25.126316 25.116028 25.107985 25.098921 25.091764 25.083834 25.077517 25.070623 25.065086 25.059135 25.054321 25.049212 25.045061 25.040701 25.037149 25.033453 25.030436 25.027321 25.024778 25.022171 25.020044 25.017876 25.016108 25.014315 25.012854 25.011381 25.010180 25.008980 25.007996 25.007021 25.006218 25.005428 25.004774 25.004135 25.003599 25.003078 25.002640 25.002211 25.001841 25.001480 25.001162 25.000849 25.000561 25.000277 25.000000 
25.000000 25.000292 25.000591 25.000895 25.001225 25.001562 25.001944 25.002335 25.002792 25.003260 25.003817 25.004387 25.005075 25.005777 25.006628 25.007492 25.008547 25.009613 25.010914 25.012220 25.013821 25.015417 25.017370 25.019308 25.021679 25.024017 25.026880 25.029680 25.033112 25.036448 25.040531 25.044476 25.049305 25.053930 25.059610 25.064991 25.071630 25.077843 25.085552 25.092667 25.101564 25.109653 25.119854 25.128981 25.140594 25.150814 25.163952 25.175301 25.190065 25.202570 25.219051 25.232714 25.250986 25.265793 25.285912 25.301821 25.323820 25.340761 25.364653 25.382528 25.408289 25.426970 25.454552 25.473875 25.503191 25.522968 25.553900 25.573908 25.606300 25.626289 25.659948 25.679646 25.714348 25.733461 25.768946 25.787167 25.823141 25.840155 25.876308 25.891794 25.927790 25.941431 25.976919 25.988415 26.023039 26.032104 26.065502 26.071882 26.103699 26.107172 26.137068 26.137445 26.165104 26.162249 26.187378 26.181198 26.203543 26.193998 26.213346 26.200449 26.216633 26.200449 26.213346 26.193998 26.203543 26.181198 26.187378 26.162249 26.165104 26.137445 26.137068 26.107172 26.103699 26.071882 26.065502 26.032104 26.023039 25.988415 25.976919 25.941431 25.927790 25.891794 25.876308 25.840155 25.823141 25.787167 25.768946 25.733461 25.714348 25.679646 25.659948 25.626289 25.606300 25.573908 25.553900 25.522968 25.503191 25.473875 25.454552 25.426970 25.408289 25.382528 25.364653 25.340761 25.323820 25.301821 25.285912 25.265793 25.250986 25.232714 25.219051 25.202570 25.190065 25.175301 25.163952 25.150814 25.140594 25.128981 25.119854 25.109653 25.101564 25.092667 25.085550 25.077843 25.071629 25.064991 25.059610 25.053928 25.049305 25.044472 25.040529 25.036444 25.033108 25.029676 25.026873 25.024010 25.021671 25.019299 25.017359 25.015404 25.013805 25.012203 25.010893 25.009588 25.008518 25.007460 25.006586 25.005730 25.005016 25.004322 25.003738 25.003170 25.002686 25.002211 25.001801 25.001396 25.001034 25.000675 25.000336 25.000000 
25.000000 25.000349 25.000700 25.001072 25.001448 25.001869 25.002296 25.002792 25.003296 25.003895 25.004507 25.005241 25.005991 25.006899 25.007822 25.008945 25.010082 25.011471 25.012871 25.014582 25.016294 25.018389 25.020473 25.023026 25.025547 25.028635 25.031668 25.035379 25.039003 25.043436 25.047733 25.052992 25.058050 25.064251 25.070156 25.077427 25.084270 25.092739 25.100607 25.110409 25.119387 25.130655 25.140823 25.153696 25.165123 25.179729 25.192471 25.208933 25.223028 25.241461 25.256926 25.277428 25.294254 25.316898 25.335058 25.359898 25.379322 25.406385 25.426975 25.456251 25.477875 25.509325 25.531809 25.565348 25.588488 25.623999 25.647549 25.684866 25.708549 25.747467 25.770975 25.811249 25.834246 25.875587 25.897720 25.939804 25.960707 26.003178 26.022472 26.064943 26.082256 26.124329 26.139294 26.180546 26.192818 26.232826 26.242086 26.280432 26.286396 26.322668 26.325094 26.358908 26.357603 26.388599 26.383429 26.411285 26.402168 26.426609 26.413530 26.434334 26.417339 26.434334 26.413530 26.426609 26.402168 26.411285 26.383429 26.388599 26.357603 26.358908 26.325094 26.322668 26.286396 26.280432 26.242086 26.232826 26.192818 26.180546 26.139294 26.124329 26.082256 26.064943 26.022472 26.003178 25.960707 25.939804 25.897720 25.875587 25.834246 25.811249 25.770975 25.747467 25.708549 25.684866 25.647549 25.623999 25.588488 25.565348 25.531809 25.509325 25.477875 25.456251 25.426975 25.406385 25.379322 25.359898 25.335058 25.316898 25.294254 25.277428 25.256926 25.241461 25.223028 25.208933 25.192471 25.179729 25.165123 25.153696 25.140823 25.130655 25.119387 25.110407 25.100607 25.092737 25.084270 25.077427 25.070154 25.064251 25.058046 25.052990 25.047729 25.043432 25.038998 25.035376 25.031662 25.028627 25.025539 25.023014 25.020460 25.018373 25.016275 25.014561 25.012846 25.011442 25.010050 25.008904 25.007774 25.006840 25.005924 25.005161 25.004416 25.003786 25.003172 25.002644 25.002127 25.001671 25.001221 25.000807 25.000397 25.000000 
25.000000 25.000408 25.000828 25.001251 25.001713 25.002182 25.002714 25.003260 25.003895 25.004545 25.005322 25.006115 25.007071 25.008045 25.009228 25.010429 25.011892 25.013372 25.015177 25.016993 25.019209 25.021421 25.024130 25.026815 25.030102 25.033340 25.037304 25.041185 25.045933 25.050550 25.056200 25.061655 25.068336 25.074730 25.082584 25.090017 25.099195 25.107775 25.118427 25.128254 25.140539 25.151709 25.165783 25.178383 25.194401 25.208506 25.226614 25.242277 25.262615 25.279871 25.302559 25.321413 25.346552 25.366982 25.394646 25.416595 25.446829 25.470205 25.503017 25.527681 25.563044 25.588820 25.626657 25.653328 25.693521 25.720823 25.763208 25.790834 25.835196 25.862808 25.908880 25.936102 25.983574 26.010004 26.058521 26.083738 26.132900 26.156471 26.205849 26.227339 26.276470 26.295444 26.343855 26.359900 26.407097 26.419823 26.465317 26.474375 26.517681 26.522760 26.563419 26.564270 26.601847 26.598274 26.632372 26.624250 26.654526 26.641798 26.667957 26.650640 26.672461 26.650640 26.667957 26.641798 26.654526 26.624250 26.632372 26.598274 26.601847 26.564270 26.563419 26.522760 26.517681 26.474375 26.465317 26.419823 26.407097 26.359900 26.343855 26.295444 26.276470 26.227339 26.205849 26.156471 26.132900 26.083738 26.058521 26.010004 25.983574 25.936102 25.908880 25.862808 25.835196 25.790834 25.763208 25.720823 25.693521 25.653328 25.626657 25.588820 25.563044 25.527681 25.503017 25.470205 25.446829 25.416595 25.394646 25.366982 25.346552 25.321413 25.302559 25.279871 25.262615 25.242277 25.226614 25.208504 25.194401 25.178383 25.165783 25.151709 25.140537 25.128254 25.118425 25.107775 25.099194 25.090017 25.082584 25.074726 25.068335 25.061651 25.056196 25.050547 25.045927 25.041178 25.037296 25.033333 25.030090 25.026804 25.024115 25.021404 25.019188 25.016966 25.015148 25.013338 25.011852 25.010382 25.009171 25.007978 25.006990 25.006023 25.005213 25.004419 25.003746 25.003088 25.002514 25.001951 25.001444 25.000944 25.000471 25.000000 
25.000000 25.000479 25.000957 25.001467 25.001982 25.002556 25.003143 25.003817 25.004507 25.005322 25.006155 25.007154 25.008175 25.009411 25.010668 25.012194 25.013744 25.015631 25.017534 25.019855 25.022182 25.025026 25.027857 25.031319 25.034742 25.038929 25.043043 25.048075 25.052986 25.058992 25.064812 25.071938 25.078783 25.087183 25.095173 25.105013 25.114269 25.125725 25.136366 25.149616 25.161755 25.176981 25.190725 25.208107 25.223549 25.243258 25.260475 25.282675 25.301718 25.326559 25.347450 25.375059 25.397793 25.428268 25.452797 25.486208 25.512445 25.548822 25.576635 25.615965 25.645174 25.687395 25.717772 25.762772 25.794039 25.841654 25.873484 25.923491 25.955509 26.007633 26.039429 26.093334 26.124460 26.179760 26.209740 26.265999 26.294340 26.351084 26.377281 26.433990 26.457546 26.513681 26.534105 26.589109 26.605936 26.659243 26.672045 26.723093 26.731487 26.779736 26.783400 26.828327 26.827005 26.868137 26.861639 26.898552 26.886770 26.919096 26.902010 26.929449 26.907116 26.929449 26.902010 26.919096 26.886770 26.898552 26.861639 26.868137 26.827005 26.828327 26.783400 26.779736 26.731487 26.723093 26.672045 26.659243 26.605936 26.589109 26.534105 26.513681 26.457546 26.433990 26.377281 26.351084 26.294340 26.265999 26.209740 26.179760 26.124460 26.093334 26.039429 26.007633 25.955509 25.923491 25.873484 25.841654 25.794039 25.762772 25.717772 25.687395 25.645174 25.615965 25.576635 25.548822 25.512445 25.486208 25.452797 25.428268 25.397793 25.375059 25.347450 25.326559 25.301718 25.282675 25.260475 25.243258 25.223547 25.208105 25.190725 25.176979 25.161755 25.149614 25.136364 25.125723 25.114269 25.105013 25.095171 25.087181 25.078781 25.071934 25.064810 25.058987 25.052980 25.048067 25.043036 25.038918 25.034731 25.031303 25.027840 25.025005 25.022158 25.019827 25.017498 25.015591 25.013695 25.012138 25.010601 25.009333 25.008083 25.007046 25.006029 25.005173 25.004335 25.003614 25.002909 25.002285 25.001673 25.001104 25.000546 25.000000 
25.000000 25.000549 25.001116 25.001686 25.002308 25.002939 25.003654 25.004387 25.005241 25.006115 25.007154 25.008219 25.009499 25.010805 25.012390 25.014000 25.015957 25.017937 25.020351 25.022778 25.025740 25.028700 25.032316 25.035906 25.040291 25.044619 25.049906 25.055086 25.061417 25.067575 25.075108 25.082378 25.091284 25.099800 25.110264 25.120163 25.132380 25.143801 25.157972 25.171049 25.187386 25.202246 25.220945 25.237707 25.258976 25.277733 25.301764 25.322588 25.349558 25.372498 25.402563 25.427628 25.460915 25.488073 25.524681 25.553858 25.593838 25.624908 25.668270 25.701056 25.747757 25.782022 25.831961 25.867416 25.920433 25.956734 26.012608 26.049351 26.107790 26.144529 26.205183 26.241425 26.303881 26.339092 26.402880 26.436510 26.501104 26.532581 26.597414 26.626162 26.690628 26.716076 26.779547 26.801151 26.862986 26.880232 26.939783 26.952209 27.008846 27.016045 27.069160 27.070799 27.119827 27.115648 27.160074 27.149906 27.189278 27.173048 27.206985 27.184710 27.212919 27.184710 27.206985 27.173048 27.189278 27.149906 27.160074 27.115648 27.119827 27.070799 27.069160 27.016045 27.008846 26.952209 26.939783 26.880232 26.862986 26.801151 26.779547 26.716076 26.690628 26.626162 26.597414 26.532581 26.501104 26.436510 26.402880 26.339092 26.303881 26.241425 26.205183 26.144529 26.107790 26.049351 26.012608 25.956734 25.920433 25.867416 25.831961 25.782022 25.747757 25.701056 25.668270 25.624908 25.593838 25.553858 25.524681 25.488073 25.460915 25.427628 25.402563 25.372498 25.349558 25.322588 25.301764 25.277731 25.258976 25.237705 25.220945 25.202244 25.187384 25.171049 25.157970 25.143799 25.132378 25.120161 25.110260 25.099796 25.091280 25.082375 25.075102 25.067572 25.061409 25.055079 25.049894 25.044607 25.040277 25.035889 25.032295 25.028675 25.025711 25.022743 25.020311 25.017889 25.015902 25.013933 25.012312 25.010714 25.009392 25.008093 25.007008 25.005943 25.005039 25.004154 25.003384 25.002626 25.001944 25.001272 25.000633 25.000000 
25.000000 25.000637 25.001276 25.001953 25.002640 25.003401 25.004181 25.005075 25.005991 25.007071 25.008175 25.009499 25.010851 25.012486 25.014149 25.016169 25.018217 25.020710 25.023224 25.026291 25.029366 25.033117 25.036856 25.041420 25.045938 25.051455 25.056883 25.063509 25.069984 25.077890 25.085558 25.094934 25.103945 25.114996 25.125507 25.138447 25.150618 25.165672 25.179657 25.197060 25.213011 25.232994 25.251051 25.273844 25.294128 25.319956 25.342566 25.371639 25.396641 25.429150 25.456575 25.492678 25.522518 25.562344 25.594538 25.638168 25.672604 25.720072 25.756577 25.807861 25.846201 25.901217 25.941092 25.999693 26.040741 26.102705 26.144501 26.209536 26.251596 26.319334 26.361124 26.431129 26.472065 26.543833 26.583296 26.656260 26.693611 26.767145 26.801727 26.875166 26.906330 26.978971 27.006079 27.077198 27.099648 27.168512 27.185745 27.251631 27.263151 27.325356 27.330738 27.388594 27.387501 27.440395 27.432585 27.479967 27.465296 27.506695 27.485128 27.520164 27.491774 27.520164 27.485128 27.506695 27.465296 27.479967 27.432585 27.440395 27.387501 27.388594 27.330738 27.325356 27.263151 27.251631 27.185745 27.168512 27.099648 27.077198 27.006079 26.978971 26.906330 26.875166 26.801727 26.767145 26.693611 26.656260 26.583296 26.543833 26.472065 26.431129 26.361124 26.319334 26.251596 26.209536 26.144501 26.102705 26.040741 25.999693 25.941092 25.901217 25.846201 25.807861 25.756577 25.720072 25.672604 25.638168 25.594538 25.562344 25.522518 25.492678 25.456575 25.429150 25.396641 25.371639 25.342566 25.319956 25.294127 25.273844 25.251049 25.232992 25.213011 25.197058 25.179657 25.165670 25.150616 25.138445 25.125505 25.114992 25.103941 25.094929 25.085552 25.077883 25.069977 25.063499 25.056871 25.051441 25.045921 25.041399 25.036833 25.033089 25.029331 25.026253 25.023178 25.020657 25.018150 25.016092 25.014057 25.012379 25.010727 25.009354 25.008005 25.006870 25.005760 25.004805 25.003868 25.003038 25.002224 25.001471 25.000725 25.000000 
25.000000 25.000725 25.001471 25.002224 25.003040 25.003874 25.004814 25.005777 25.006899 25.008045 25.009411 25.010805 25.012486 25.014198 25.016272 25.018381 25.020945 25.023537 25.026693 25.029869 25.033741 25.037611 25.042334 25.047026 25.052752 25.058403 25.065300 25.072063 25.080317 25.088354 25.098169 25.107647 25.119247 25.130342 25.143967 25.156858 25.172756 25.187622 25.206053 25.223068 25.244295 25.263628 25.287910 25.309710 25.337307 25.361694 25.392853 25.419926 25.454868 25.484684 25.523607 25.556181 25.599245 25.634535 25.681860 25.719770 25.771416 25.811785 25.867760 25.910357 25.970596 26.015120 26.079493 26.125568 26.193857 26.241041 26.312958 26.360731 26.435898 26.483686 26.561647 26.608814 26.689035 26.734900 26.816771 26.860620 26.943464 26.984566 27.067650 27.105261 27.187813 27.221199 27.302410 27.330872 27.409916 27.432795 27.508848 27.525543 27.597799 27.607788 27.675472 27.678322 27.740711 27.736088 27.792526 27.780210 27.830122 27.810013 27.852917 27.825029 27.860556 27.825029 27.852917 27.810013 27.830122 27.780210 27.792526 27.736088 27.740711 27.678322 27.675472 27.607788 27.597799 27.525543 27.508848 27.432795 27.409916 27.330872 27.302410 27.221199 27.187813 27.105261 27.067650 26.984566 26.943464 26.860620 26.816771 26.734900 26.689035 26.608814 26.561647 26.483686 26.435898 26.360731 26.312958 26.241041 26.193857 26.125568 26.079493 26.015120 25.970596 25.910357 25.867760 25.811785 25.771416 25.719770 25.681860 25.634535 25.599245 25.556181 25.523607 25.484684 25.454868 25.419926 25.392853 25.361694 25.337307 25.309708 25.287910 25.263626 25.244293 25.223068 25.206051 25.187620 25.172754 25.156857 25.143965 25.130339 25.119244 25.107641 25.098162 25.088346 25.080307 25.072054 25.065285 25.058388 25.052731 25.047003 25.042307 25.037579 25.033703 25.029823 25.026640 25.023472 25.020870 25.018291 25.016169 25.014074 25.012342 25.010637 25.009214 25.007816 25.006630 25.005468 25.004454 25.003460 25.002562 25.001675 25.000835 25.000000 
25.000000 25.000832 25.001667 25.002552 25.003450 25.004444 25.005461 25.006628 25.007822 25.009228 25.010668 25.012390 25.014149 25.016272 25.018435 25.021059 25.023720 25.026957 25.030220 25.034199 25.038187 25.043049 25.047897 25.053808 25.059666 25.066807 25.073837 25.082409 25.090790 25.101013 25.110929 25.123047 25.134695 25.148968 25.162548 25.179251 25.194969 25.214390 25.232443 25.254875 25.275461 25.301201 25.324497 25.353834 25.379997 25.413216 25.442369 25.479734 25.511965 25.553711 25.589064 25.635391 25.673847 25.724911 25.766399 25.822298 25.866671 25.927441 25.974478 26.040085 26.089487 26.159819 26.211203 26.286058 26.338964 26.418056 26.471941 26.554892 26.609137 26.695471 26.749393 26.838552 26.891409 26.982742 27.033747 27.126532 27.174864 27.268301 27.313129 27.406370 27.446859 27.539011 27.574354 27.664494 27.693918 27.781118 27.803915 27.887255 27.902786 27.981377 27.989103 28.062099 28.061588 28.128216 28.119150 28.178719 28.160912 28.212828 28.186230 28.230017 28.194714 28.230017 28.186230 28.212828 28.160912 28.178719 28.119150 28.128216 28.061588 28.062099 27.989103 27.981377 27.902786 27.887255 27.803915 27.781118 27.693918 27.664494 27.574354 27.539011 27.446859 27.406370 27.313129 27.268301 27.174864 27.126532 27.033747 26.982742 26.891409 26.838552 26.749393 26.695471 26.609137 26.554892 26.471941 26.418056 26.338964 26.286058 26.211203 26.159819 26.089487 26.040085 25.974478 25.927441 25.866671 25.822298 25.766399 25.724911 25.673847 25.635391 25.589064 25.553711 25.511965 25.479734 25.442369 25.413216 25.379995 25.353834 25.324495 25.301199 25.275461 25.254875 25.232443 25.214388 25.194967 25.179249 25.162546 25.148964 25.134689 25.123041 25.110922 25.101004 25.090780 25.082396 25.073824 25.066788 25.059643 25.053782 25.047865 25.043013 25.038141 25.034145 25.030159 25.026884 25.023632 25.020958 25.018314 25.016132 25.013985 25.012197 25.010443 25.008965 25.007517 25.006273 25.005053 25.003971 25.002905 25.001923 25.000948 25.000000 
25.000000 25.000940 25.001909 25.002888 25.003948 25.005026 25.006247 25.007492 25.008945 25.010429 25.012194 25.014000 25.016169 25.018381 25.021059 25.023779 25.027084 25.030428 25.034498 25.038591 25.043577 25.048565 25.054642 25.060684 25.068045 25.075319 25.084181 25.092880 25.103481 25.113810 25.126410 25.138580 25.153467 25.167706 25.185177 25.201714 25.222086 25.241148 25.264748 25.286560 25.313719 25.338493 25.369541 25.397465 25.432722 25.463957 25.503731 25.538397 25.582966 25.621136 25.670742 25.712433 25.767277 25.812439 25.872658 25.921167 25.986837 26.038490 26.109608 26.164110 26.240587 26.297558 26.379219 26.438183 26.524748 26.585140 26.676231 26.737400 26.832535 26.893747 26.992342 27.052795 27.154169 27.213001 27.316380 27.372688 27.477211 27.530067 27.634809 27.683273 27.787252 27.830400 27.932598 27.969540 28.068914 28.098816 28.194332 28.216431 28.307076 28.320707 28.405504 28.410122 28.488165 28.483343 28.553810 28.539265 28.601437 28.577030 28.630312 28.596062 28.639988 28.596062 28.630312 28.577030 28.601437 28.539265 28.553810 28.483343 28.488165 28.410122 28.405504 28.320707 28.307076 28.216431 28.194332 28.098816 28.068914 27.969540 27.932598 27.830400 27.787252 27.683273 27.634809 27.530067 27.477211 27.372688 27.316380 27.213001 27.154169 27.052795 26.992342 26.893747 26.832535 26.737400 26.676231 26.585140 26.524748 26.438183 26.379219 26.297558 26.240587 26.164110 26.109608 26.038490 25.986837 25.921167 25.872658 25.812439 25.767277 25.712433 25.670742 25.621136 25.582966 25.538397 25.503731 25.463957 25.432722 25.397465 25.369539 25.338493 25.313719 25.286560 25.264746 25.241148 25.222082 25.201712 25.185173 25.167702 25.153461 25.138575 25.126402 25.113800 25.103470 25.092867 25.084164 25.075300 25.068020 25.060654 25.054605 25.048521 25.043528 25.038530 25.034428 25.030344 25.026987 25.023663 25.020922 25.018221 25.015980 25.013779 25.011936 25.010132 25.008596 25.007090 25.005777 25.004488 25.003325 25.002172 25.001083 25.000000 
25.000000 25.001074 25.002153 25.003296 25.004452 25.005735 25.007044 25.008547 25.010082 25.011892 25.013744 25.015957 25.018217 25.020945 25.023720 25.027084 25.030497 25.034647 25.038830 25.043926 25.049034 25.055260 25.061466 25.069027 25.076523 25.085648 25.094639 25.105587 25.116295 25.129347 25.142010 25.157473 25.172337 25.190536 25.207859 25.229143 25.249180 25.273909 25.296919 25.325459 25.351686 25.384407 25.414078 25.451345 25.484655 25.526821 25.563931 25.611317 25.652336 25.705236 25.750216 25.808874 25.857798 25.922400 25.975170 26.045834 26.102268 26.179029 26.238850 26.321653 26.384481 26.473179 26.538534 26.632862 26.700161 26.799749 26.868311 26.972673 27.041719 27.150255 27.218925 27.330921 27.398281 27.512917 27.577978 27.694338 27.756069 27.873150 27.930506 28.047239 28.099171 28.214434 28.259922 28.372561 28.410639 28.519491 28.549261 28.653179 28.673841 28.771709 28.782581 28.873350 28.873880 28.956587 28.946377 29.020161 28.998968 29.063097 29.030851 29.084730 29.041534 29.084730 29.030851 29.063097 28.998968 29.020161 28.946377 28.956587 28.873880 28.873350 28.782581 28.771709 28.673841 28.653179 28.549261 28.519491 28.410639 28.372561 28.259922 28.214434 28.099171 28.047239 27.930506 27.873150 27.756069 27.694338 27.577978 27.512917 27.398281 27.330921 27.218925 27.150255 27.041719 26.972673 26.868311 26.799749 26.700161 26.632862 26.538534 26.473179 26.384481 26.321653 26.238850 26.179029 26.102268 26.045834 25.975170 25.922400 25.857798 25.808874 25.750216 25.705236 25.652336 25.611317 25.563931 25.526821 25.484655 25.451344 25.414078 25.384405 25.351686 25.325457 25.296919 25.273907 25.249180 25.229139 25.207855 25.190533 25.172331 25.157465 25.142000 25.129335 25.116282 25.105570 25.094620 25.085623 25.076494 25.068993 25.061426 25.055210 25.048977 25.043858 25.038750 25.034552 25.030384 25.026953 25.023563 25.020760 25.018003 25.015705 25.013453 25.011551 25.009689 25.008087 25.006514 25.005121 25.003748 25.002480 25.001223 25.000000 
25.000000 25.001209 25.002453 25.003708 25.005070 25.006453 25.008017 25.009613 25.011471 25.013372 25.015631 25.017937 25.020710 25.023537 25.026957 25.030428 25.034647 25.038910 25.044098 25.049314 25.055668 25.062021 25.069757 25.077452 25.086815 25.096071 25.107336 25.118395 25.131865 25.144985 25.160988 25.176441 25.195332 25.213402 25.235558 25.256535 25.282347 25.306519 25.336399 25.364048 25.398405 25.429798 25.469040 25.504416 25.548943 25.588499 25.638691 25.682579 25.738775 25.787090 25.849586 25.902348 25.971384 26.028528 26.104269 26.165640 26.248169 26.313511 26.402813 26.471760 26.567715 26.639786 26.742161 26.816761 26.925196 27.001617 27.115631 27.193058 27.312037 27.389553 27.512758 27.589359 27.715931 27.790541 27.919506 27.990995 28.121277 28.188480 28.318922 28.380669 28.510044 28.565176 28.692211 28.739616 28.863018 28.901651 29.020130 29.049038 29.161333 29.179686 29.284588 29.291691 29.388081 29.383400 29.470259 29.453434 29.529877 29.500729 29.566019 29.524559 29.578129 29.524559 29.566019 29.500729 29.529877 29.453434 29.470259 29.383400 29.388081 29.291691 29.284588 29.179686 29.161333 29.049038 29.020130 28.901651 28.863018 28.739616 28.692211 28.565176 28.510044 28.380669 28.318922 28.188480 28.121277 27.990995 27.919506 27.790541 27.715931 27.589359 27.512758 27.389553 27.312037 27.193058 27.115631 27.001617 26.925196 26.816761 26.742161 26.639786 26.567715 26.471760 26.402813 26.313511 26.248169 26.165640 26.104269 26.028528 25.971384 25.902348 25.849586 25.787090 25.738775 25.682579 25.638691 25.588499 25.548943 25.504414 25.469040 25.429796 25.398403 25.364048 25.336395 25.306519 25.282343 25.256531 25.235552 25.213398 25.195324 25.176434 25.160976 25.144972 25.131849 25.118378 25.107313 25.096045 25.086781 25.077412 25.069710 25.061966 25.055601 25.049238 25.044006 25.038801 25.034517 25.030277 25.026777 25.023327 25.020464 25.017653 25.015297 25.012987 25.011021 25.009092 25.007412 25.005760 25.004265 25.002789 25.001390 25.000000 
25.000000 25.001373 25.002754 25.004213 25.005690 25.007328 25.008997 25.010914 25.012871 25.015177 25.017534 25.020351 25.023224 25.026693 25.030220 25.034498 25.038830 25.044098 25.049408 25.055872 25.062353 25.070242 25.078112 25.087687 25.097183 25.108734 25.120113 25.133965 25.147509 25.164011 25.180019 25.199554 25.218336 25.241314 25.263191 25.290041 25.315338 25.346508 25.375544 25.411489 25.444574 25.485752 25.523167 25.570028 25.612019 25.664993 25.711760 25.771246 25.822924 25.889275 25.945932 26.019444 26.081055 26.161947 26.228394 26.316801 26.387854 26.483810 26.559120 26.662546 26.741642 26.852335 26.934616 27.052240 27.136982 27.261063 27.347414 27.477335 27.564329 27.699331 27.785896 27.925085 28.010059 28.152407 28.234558 28.378922 28.456970 28.602102 28.674740 28.819307 28.885237 29.027847 29.085800 29.225023 29.273790 29.408186 29.446653 29.574802 29.601973 29.722500 29.737518 29.849129 29.851307 29.952814 29.941648 30.031998 30.007179 30.085470 30.046904 30.112413 30.060215 30.112413 30.046904 30.085470 30.007179 30.031998 29.941648 29.952814 29.851307 29.849129 29.737518 29.722500 29.601973 29.574802 29.446653 29.408186 29.273790 29.225023 29.085800 29.027847 28.885237 28.819307 28.674740 28.602102 28.456970 28.378922 28.234558 28.152407 28.010059 27.925085 27.785896 27.699331 27.564329 27.477335 27.347414 27.261063 27.136982 27.052240 26.934616 26.852335 26.741642 26.662546 26.559120 26.483810 26.387854 26.316801 26.228394 26.161947 26.081055 26.019444 25.945932 25.889275 25.822924 25.771246 25.711758 25.664993 25.612019 25.570026 25.523165 25.485750 25.444572 25.411488 25.375544 25.346504 25.315336 25.290037 25.263186 25.241308 25.218328 25.199545 25.180006 25.163996 25.147491 25.133942 25.120089 25.108702 25.097145 25.087641 25.078058 25.070179 25.062277 25.055782 25.049303 25.043974 25.038685 25.034325 25.030018 25.026455 25.022949 25.020025 25.017157 25.014738 25.012363 25.010323 25.008318 25.006538 25.004787 25.003168 25.001562 25.000000 
