25.000000 25.000000 25.000000 25.000000 25.000000 25.000000 25.000000 25.000000 25.000000 25.000000 25.000000 25.000000 25.000000 25.000000 25.000000 25.000000 25.000000 25.000000 25.000000 25.000000 25.000000 25.000000 25.000000 25.000000 25.000000 25.000000 25.000000 25.000000 25.000000 25.000000 25.000000 25.000000 25.000000 25.000000 25.000000 25.000000 25.000000 25.000000 25.000000 25.000000 25.000000 25.000000 25.000000 25.000000 25.000000 25.000000 25.000000 25.000000 25.000000 25.000000 25.000000 25.000000 25.000000 25.000000 25.000000 25.000000 25.000000 25.000000 25.000000 25.000000 25.000000 25.000000 25.000000 25.000000 25.000000 25.000000 25.000000 25.000000 25.000000 25.000000 25.000000 25.000000 25.000000 25.000000 25.000000 25.000000 25.000000 25.000000 25.000000 25.000000 25.000000 25.000000 25.000000 25.000000 25.000000 25.000000 25.000000 25.000000 25.000000 25.000000 25.000000 25.000000 25.000000 25.000000 25.000000 25.000000 25.000000 25.000000 25.000000 25.000000 25.000000 25.000000 25.000000 25.000000 25.000000 25.000000 25.000000 25.000000 25.000000 25.000000 25.000000 25.000000 25.000000 25.000000 25.000000 25.000000 25.000000 25.000000 25.000000 25.000000 25.000000 25.000000 25.000000 25.000000 25.000000 25.000000 25.000000 25.000000 25.000000 25.000000 25.000000 25.000000 25.000000 25.000000 25.000000 25.000000 25.000000 25.000000 25.000000 25.000000 25.000000 25.000000 25.000000 25.000000 25.000000 25.000000 25.000000 25.000000 25.000000 25.000000 25.000000 25.000000 25.000000 25.000000 25.000000 25.000000 25.000000 25.000000 25.000000 25.000000 25.000000 25.000000 25.000000 25.000000 25.000000 25.000000 25.000000 25.000000 25.000000 25.000000 25.000000 25.000000 25.000000 25.000000 25.000000 25.000000 25.000000 25.000000 25.000000 25.000000 25.000000 25.000000 25.000000 25.000000 25.000000 25.000000 25.000000 25.000000 25.000000 25.000000 25.000000 25.000000 25.000000 25.000000 25.000000 25.000000 25.000000 25.000000 25.000000 25.000000 
25.000000 25.013079 25.026260 25.039251 25.052557 25.065470 25.078915 25.091764 25.105366 25.118166 25.131937 25.144699 25.158653 25.171392 25.185541 25.198263 25.212620 25.225336 25.239908 25.252623 25.267416 25.280134 25.295156 25.307882 25.323135 25.335867 25.351349 25.364084 25.379793 25.392530 25.408461 25.421190 25.437334 25.450045 25.466393 25.479073 25.495609 25.508244 25.524952 25.537525 25.554384 25.566874 25.583862 25.596245 25.613338 25.625586 25.642757 25.654844 25.672062 25.683958 25.701189 25.712864 25.730070 25.741489 25.758636 25.769764 25.786812 25.797613 25.814520 25.824955 25.841681 25.851713 25.868212 25.877804 25.894032 25.903143 25.919054 25.927649 25.943199 25.951235 25.966381 25.973822 25.988516 25.995327 26.009527 26.015673 26.029333 26.034781 26.047861 26.052578 26.065039 26.068996 26.080799 26.083969 26.095078 26.097439 26.107817 26.109346 26.118967 26.119646 26.128479 26.128294 26.136316 26.135256 26.142443 26.140499 26.146833 26.144003 26.149471 26.145752 26.150343 26.145739 26.149446 26.143965 26.146782 26.140434 26.142365 26.135162 26.136209 26.128174 26.128344 26.119495 26.118799 26.109161 26.107615 26.097218 26.094837 26.083712 26.080519 26.068697 26.064714 26.052231 26.047487 26.034382 26.028904 26.015219 26.009039 25.994810 25.987963 25.973236 25.965752 25.950573 25.942492 25.926901 25.918259 25.902302 25.893137 25.876862 25.867210 25.850658 25.840561 25.823778 25.813271 25.796299 25.785419 25.768303 25.757090 25.739866 25.728354 25.711065 25.699287 25.681969 25.669960 25.652647 25.640440 25.623163 25.610785 25.593578 25.581057 25.563944 25.551304 25.534313 25.521578 25.504730 25.491917 25.475233 25.462362 25.445856 25.432943 25.416630 25.403685 25.387575 25.374609 25.358709 25.345730 25.330048 25.317057 25.301592 25.288595 25.273348 25.260344 25.245314 25.232298 25.217482 25.204449 25.189837 25.176783 25.162367 25.149284 25.135054 25.121931 25.107876 25.094702 25.080807 25.067570 25.053823 25.040512 25.026897 25.013498 25.000000 
25.000000 25.026260 25.052330 25.078819 25.104721 25.131474 25.157234 25.184282 25.209930 25.237305 25.262867 25.290596 25.316095 25.344202 25.369661 25.398172 25.423609 25.452543 25.477972 25.507345 25.532778 25.562601 25.588045 25.618326 25.643785 25.674526 25.699997 25.731195 25.756672 25.788319 25.813789 25.845871 25.871317 25.903818 25.929216 25.962109 25.987431 26.020687 26.045900 26.079481 26.104548 26.138411 26.163288 26.197386 26.222023 26.256304 26.280647 26.315050 26.339045 26.373507 26.397087 26.431541 26.454645 26.489016 26.511572 26.545784 26.567722 26.601694 26.622942 26.656591 26.677071 26.710312 26.729948 26.762691 26.781404 26.813560 26.831278 26.862757 26.879396 26.910110 26.925600 26.955454 26.969717 26.998627 27.011595 27.039469 27.051071 27.077826 27.087999 27.113556 27.122238 27.146513 27.153648 27.176571 27.182108 27.203608 27.207502 27.227512 27.229725 27.248188 27.248686 27.265549 27.264305 27.279522 27.276516 27.290047 27.285271 27.297081 27.290527 27.300592 27.292265 27.300568 27.290476 27.297005 27.285168 27.289917 27.276360 27.279337 27.264091 27.265306 27.248413 27.247885 27.229391 27.227142 27.207098 27.203167 27.181631 27.176052 27.153091 27.145908 27.121592 27.112856 27.087255 27.077026 27.050219 27.038553 27.010622 26.997587 26.968615 26.954273 26.924351 26.908775 26.877989 26.861256 26.829691 26.811872 26.779625 26.760798 26.727953 26.708193 26.674841 26.654224 26.620453 26.599056 26.564951 26.542847 26.508492 26.485754 26.451227 26.427927 26.393303 26.369509 26.334860 26.310635 26.276031 26.251436 26.216938 26.192030 26.157698 26.132528 26.098413 26.073029 26.039179 26.013624 25.980082 25.954391 25.921192 25.895403 25.862574 25.836712 25.804277 25.778364 25.746346 25.720396 25.688807 25.662832 25.631680 25.605690 25.574974 25.548969 25.518688 25.492666 25.462814 25.436766 25.407331 25.381247 25.352215 25.326078 25.297430 25.271223 25.242935 25.216639 25.188686 25.162275 25.134632 25.108084 25.080723 25.054010 25.026897 25.000000 
25.000000 25.039251 25.078819 25.117802 25.157736 25.196487 25.236843 25.275402 25.316225 25.354637 25.395969 25.434269 25.476154 25.514376 25.556849 25.595026 25.638119 25.676273 25.720013 25.758165 25.802572 25.840738 25.885828 25.924013 25.969791 26.007998 26.054464 26.092686 26.139835 26.178055 26.225870 26.264069 26.312523 26.350668 26.399733 26.437786 26.487417 26.525333 26.575481 26.613209 26.663813 26.701286 26.752281 26.789434 26.840742 26.877495 26.929033 26.965305 27.016979 27.052681 27.104393 27.139427 27.191072 27.225338 27.276802 27.310196 27.361362 27.393772 27.444517 27.475834 27.526031 27.556137 27.605656 27.634438 27.683142 27.710485 27.758242 27.784027 27.830700 27.854816 27.900270 27.922604 27.966703 27.987144 28.029758 28.048204 28.089201 28.105549 28.144806 28.158962 28.196360 28.208235 28.243656 28.253172 28.286509 28.293591 28.324743 28.329329 28.358204 28.360241 28.386753 28.386196 28.410271 28.407085 28.428659 28.422821 28.441837 28.433338 28.449753 28.438589 28.452370 28.438549 28.449677 28.433222 28.441683 28.422626 28.428423 28.406809 28.409950 28.385834 28.386343 28.359787 28.357698 28.328777 28.324135 28.292933 28.285789 28.252396 28.242815 28.207333 28.195383 28.157921 28.143684 28.104353 28.087917 28.046837 28.028296 27.985590 27.965042 27.920843 27.898388 27.852827 27.828577 27.781786 27.755852 27.707964 27.680458 27.631611 27.602648 27.552973 27.522669 27.472300 27.440767 27.389832 27.357185 27.305811 27.272160 27.220469 27.185921 27.134029 27.098688 27.046709 27.010674 26.958710 26.922075 26.870224 26.833078 26.781433 26.743856 26.692497 26.654566 26.603571 26.565351 26.514786 26.476337 26.426260 26.387638 26.338097 26.299347 26.250381 26.211538 26.163183 26.124275 26.076553 26.037601 25.990532 25.951550 25.905134 25.866131 25.820370 25.781343 25.736233 25.697174 25.652699 25.613594 25.569735 25.530563 25.487295 25.448034 25.405321 25.365942 25.323753 25.284222 25.242516 25.202795 25.161533 25.121586 25.080723 25.040512 25.000000 
25.000000 25.052557 25.104721 25.157736 25.209568 25.263107 25.314657 25.368788 25.420111 25.474895 25.526047 25.581539 25.632565 25.688818 25.739761 25.796824 25.847721 25.905628 25.956512 26.015297 26.066187 26.125874 26.176788 26.237391 26.288334 26.349854 26.400824 26.463259 26.514238 26.577574 26.628540 26.692747 26.743666 26.808708 26.859529 26.925360 26.976030 27.042583 27.093037 27.160240 27.210400 27.278168 27.327948 27.396185 27.445486 27.514088 27.562801 27.631651 27.679663 27.748629 27.795816 27.864765 27.910997 27.979778 28.024918 28.093382 28.137283 28.205267 28.247784 28.315125 28.356104 28.422626 28.461918 28.527443 28.564892 28.629242 28.664694 28.727690 28.760986 28.822449 28.853443 28.913187 28.941732 28.999580 29.025532 29.081312 29.104532 29.158072 29.178431 29.229570 29.246944 29.295523 29.309801 29.355673 29.366755 29.409775 29.417568 29.457613 29.462038 29.498987 29.499983 29.533730 29.531239 29.561691 29.555676 29.582752 29.573195 29.596827 29.583714 29.603855 29.587191 29.603804 29.583611 29.596674 29.572987 29.582493 29.555365 29.561319 29.530815 29.533243 29.499439 29.498379 29.461370 29.456873 29.416763 29.408894 29.365799 29.354635 29.308685 29.294313 29.245649 29.228172 29.176941 29.156469 29.102825 29.079481 29.023586 28.997499 28.939524 28.910828 28.850946 28.819780 28.758169 28.724684 28.661522 28.625864 28.561329 28.523653 28.457926 28.418383 28.351643 28.310387 28.242805 28.199987 28.131737 28.087505 28.018751 27.973253 27.904156 27.857531 27.788242 27.740627 27.671289 27.622812 27.553564 27.504345 27.435310 27.385466 27.316759 27.266394 27.198120 27.147326 27.079584 27.028448 26.961319 26.909916 26.843472 26.791866 26.726166 26.674414 26.609507 26.557652 26.493574 26.441648 26.378429 26.326458 26.264109 26.212101 26.150629 26.098595 26.037992 25.985920 25.926176 25.874054 25.815145 25.762951 25.704845 25.652548 25.595209 25.542772 25.486155 25.433538 25.377594 25.324749 25.269424 25.216303 25.161539 25.108091 25.053827 25.000000 
25.000000 25.065470 25.131474 25.196487 25.263107 25.327736 25.395054 25.459366 25.527464 25.591528 25.660477 25.724354 25.794222 25.857971 25.928822 25.992491 26.064377 26.128010 26.200974 26.264606 26.338682 26.402334 26.477549 26.541235 26.617598 26.681320 26.758831 26.822578 26.901224 26.964972 27.044727 27.108437 27.189262 27.252882 27.334724 27.398193 27.480978 27.544220 27.627867 27.690790 27.775198 27.837702 27.922760 27.984726 28.070307 28.131609 28.217571 28.278070 28.364262 28.423807 28.510063 28.568497 28.654636 28.711790 28.797630 28.853327 28.938669 28.992727 29.077368 29.129601 29.213326 29.263542 29.346132 29.394142 29.475376 29.520983 29.600636 29.643646 29.721493 29.761719 29.837528 29.874783 29.948334 29.982433 30.053505 30.084274 30.152651 30.179922 30.245396 30.269011 30.331381 30.351192 30.410267 30.426144 30.481743 30.493561 30.545513 30.553169 30.601324 30.604727 30.648943 30.648018 30.688169 30.682859 30.718838 30.709106 30.740818 30.726646 30.754021 30.735403 30.758385 30.735338 30.753893 30.726454 30.740561 30.708782 30.718443 30.682400 30.687634 30.647413 30.648260 30.603970 30.600483 30.552250 30.544500 30.492460 30.480543 30.424849 30.408867 30.349688 30.329756 30.267273 30.243525 30.177927 30.150509 30.081993 30.051064 29.979839 29.945562 29.871843 29.834391 29.758400 29.717951 29.639908 29.596649 29.516779 29.470900 29.389425 29.341118 29.258263 29.207718 29.123703 29.071110 28.986155 28.931702 28.846012 28.789885 28.703667 28.646044 28.559492 28.500546 28.413845 28.353743 28.267069 28.205965 28.119480 28.057522 27.971378 27.908705 27.823040 27.759773 27.674713 27.610968 27.526623 27.462498 27.378967 27.314550 27.231915 27.167282 27.085608 27.020821 26.940163 26.875271 26.795668 26.730705 26.652185 26.587172 26.509747 26.444695 26.368362 26.303272 26.228024 26.162880 26.088690 26.023470 25.950306 25.884977 25.812798 25.747318 25.676067 25.610390 25.540012 25.474081 25.404512 25.338266 25.269436 25.202812 25.134645 25.067577 25.000000 
25.000000 25.078915 25.157234 25.236843 25.314657 25.395054 25.472446 25.553732 25.630787 25.713051 25.789845 25.873175 25.949780 26.034252 26.110733 26.196417 26.272831 26.359785 26.436178 26.524448 26.600855 26.690475 26.766916 26.857914 26.934399 27.026775 27.103298 27.197046 27.273586 27.368685 27.445206 27.541613 27.618059 27.715721 27.792025 27.890865 27.966944 28.066870 28.142624 28.243525 28.318838 28.420589 28.495329 28.597786 28.671806 28.774807 28.847948 28.951319 29.023407 29.126955 29.197803 29.301321 29.370737 29.474007 29.541780 29.644571 29.710489 29.812561 29.876400 29.977499 30.039034 30.138905 30.197903 30.296278 30.352510 30.449121 30.502354 30.596931 30.646931 30.739202 30.785746 30.875439 30.918303 31.005150 31.044121 31.127861 31.162731 31.243111 31.273685 31.350456 31.376553 31.449478 31.470926 31.539787 31.556433 31.621017 31.632729 31.692841 31.699497 31.754963 31.756464 31.807123 31.803392 31.849102 31.840084 31.880726 31.866383 31.901857 31.882177 31.912407 31.887400 31.912331 31.882025 31.901627 31.866076 31.880335 31.839615 31.848547 31.802755 31.806393 31.755650 31.754047 31.698492 31.691729 31.631517 31.619692 31.555000 31.538229 31.469248 31.447664 31.374607 31.348360 31.271448 31.240705 31.160170 31.125114 31.041201 31.002026 30.914988 30.871897 30.781996 30.735199 30.642700 30.592419 30.497591 30.444050 30.347162 30.290588 30.191910 30.132536 30.032331 29.970387 29.868921 29.804630 29.702162 29.635750 29.532524 29.464209 29.360466 29.290462 29.186430 29.114939 29.010834 28.938047 28.834076 28.760178 28.656525 28.581688 28.478527 28.402906 28.300400 28.224136 28.122423 28.045649 27.944855 27.867678 27.767912 27.690434 27.591784 27.514084 27.416624 27.338772 27.242558 27.164600 27.069670 26.991642 26.898022 26.819942 26.727638 26.649515 26.558517 26.480341 26.390631 26.312378 26.223919 26.145557 26.058308 25.979792 25.893692 25.814966 25.729950 25.650953 25.566946 25.487610 25.404533 25.324781 25.242548 25.162302 25.080820 25.000000 
25.000000 25.091764 25.184282 25.275402 25.368788 25.459366 25.553732 25.643867 25.739325 25.829111 25.925760 26.015285 26.113226 26.202570 26.301886 26.391121 26.491884 26.581070 26.683344 26.772528 26.876362 26.965574 27.071001 27.160261 27.267298 27.356609 27.465254 27.554600 27.664837 27.754183 27.865973 27.955265 28.068554 28.157724 28.272434 28.361393 28.477427 28.566067 28.683306 28.771502 28.889809 28.977413 29.096630 29.183483 29.303431 29.389355 29.509838 29.594635 29.715439 29.798899 29.919790 30.001694 30.122423 30.202534 30.322842 30.400909 30.520519 30.596292 30.714914 30.788132 30.905470 30.975863 31.091610 31.158907 31.272753 31.336685 31.448315 31.508608 31.617704 31.674093 31.780336 31.832561 31.935637 31.983442 32.083038 32.126179 32.222000 32.260235 32.351990 32.385101 32.472500 32.500282 32.583065 32.605331 32.683239 32.699821 32.772621 32.783367 32.850845 32.855629 32.917583 32.916302 32.972561 32.965137 33.015541 33.001923 33.046352 33.026505 33.064854 33.038776 33.070972 33.038689 33.064674 33.026237 33.045990 33.001469 33.014996 32.964493 32.971813 32.915455 32.916626 32.854568 32.849663 32.782078 32.771202 32.698280 32.681561 32.603519 32.581100 32.498173 32.470222 32.382664 32.349365 32.257439 32.218998 32.122982 32.079617 31.979807 31.931751 31.828444 31.775938 31.669441 31.612740 31.503366 31.442726 31.330791 31.266479 31.152296 31.084579 30.968462 30.897610 30.779865 30.706144 30.587078 30.510752 30.390657 30.311983 30.191149 30.110378 29.989073 29.906452 29.784937 29.700693 29.579212 29.493568 29.372353 29.285513 29.164774 29.076929 28.956861 28.868185 28.748966 28.659620 28.541401 28.451525 28.334444 28.244160 28.128332 28.037746 27.923265 27.832464 27.719408 27.628456 27.516880 27.425829 27.315767 27.224649 27.116121 27.024950 26.917955 26.826729 26.721251 26.629950 26.525955 26.434547 26.331991 26.240431 26.139252 26.047480 25.947607 25.855556 25.756905 25.664499 25.566982 25.474136 25.377653 25.284275 25.188726 25.094723 25.000000 
25.000000 25.105366 25.209930 25.316225 25.420111 25.527464 25.630787 25.739325 25.842194 25.952040 26.054562 26.165829 26.268099 26.380890 26.482998 26.597404 26.699421 26.815523 26.917513 27.035374 27.137381 27.257044 27.359098 27.480595 27.582708 27.706045 27.808210 27.933382 28.035568 28.162540 28.264700 28.393419 28.495481 28.625874 28.727747 28.859711 28.961287 29.094696 29.195837 29.330551 29.431103 29.566948 29.666737 29.803522 29.902353 30.039865 30.137520 30.275524 30.371775 30.510014 30.604610 30.742809 30.835493 30.973358 31.063852 31.201077 31.289093 31.425354 31.510595 31.645561 31.727726 31.861048 31.939831 32.071152 32.146240 32.275211 32.346294 32.472546 32.539314 32.662487 32.724644 32.844372 32.901619 33.017544 33.069592 33.181370 33.227947 33.335236 33.376076 33.478546 33.513409 33.610748 33.639404 33.731316 33.753563 33.839760 33.855423 33.935650 33.944561 34.018585 34.020615 34.088223 34.083267 34.144268 34.132252 34.186485 34.167366 34.214699 34.188450 34.228783 34.195423 34.228680 34.188248 34.214390 34.166954 34.185966 34.131626 34.143528 34.082417 34.087250 34.019527 34.017365 33.943218 33.934166 33.853806 33.837994 33.751648 33.729237 33.637165 33.608326 33.510811 33.475750 33.373085 33.332024 33.224525 33.177704 33.065693 33.013371 32.897190 32.839642 32.719635 32.657143 32.533669 32.466522 32.339935 32.268436 32.139099 32.063557 31.931828 31.852545 31.718781 31.636063 31.500612 31.414766 31.277973 31.189297 31.051491 30.960276 30.821779 30.728308 30.589424 30.493969 30.354988 30.257805 30.118998 30.020332 29.881948 29.782028 29.644304 29.543337 29.406485 29.304661 29.168865 29.066360 28.931789 28.828753 28.695551 28.592110 28.460398 28.356663 28.226540 28.122599 27.994137 27.890057 27.763311 27.659138 27.534136 27.429895 27.306650 27.202351 27.080853 26.976480 26.856699 26.752226 26.634117 26.529497 26.412998 26.308176 26.193211 26.088108 25.974592 25.869127 25.756960 25.651039 25.540113 25.433638 25.323837 25.216700 25.107908 25.000000 
25.000000 25.118166 25.237305 25.354637 25.474895 25.591528 25.713051 25.829111 25.952040 26.067648 26.192114 26.307388 26.433514 26.548555 26.676451 26.791351 26.921112 27.035948 27.167654 27.282488 27.416201 27.531075 27.666836 27.781773 27.919603 28.034605 28.174509 28.289553 28.431505 28.546551 28.690502 28.805481 28.951361 29.066183 29.213890 29.328442 29.477850 29.591993 29.742952 29.856522 30.008854 30.121666 30.275167 30.387014 30.541456 30.652103 30.807232 30.916431 31.071972 31.179451 31.335104 31.440578 31.596022 31.699188 31.854084 31.954624 32.108620 32.206203 32.358929 32.453220 32.604290 32.694946 32.843967 32.930641 33.077209 33.159554 33.303265 33.380924 33.521374 33.594006 33.730782 33.798050 33.930748 33.992325 34.120544 34.176117 34.299469 34.348728 34.466843 34.509506 34.622017 34.657818 34.764378 34.793076 34.893364 34.914742 35.008450 35.022320 35.109169 35.115360 35.195099 35.193485 35.265888 35.256363 35.321236 35.303730 35.360905 35.335381 35.384727 35.351181 35.392605 35.351070 35.384495 35.335033 35.360439 35.303146 35.320526 35.255535 35.264927 35.192394 35.193871 35.113995 35.107651 35.020657 35.006622 34.912758 34.891201 34.790741 34.761848 34.655098 34.619083 34.506367 34.463463 34.345123 34.295601 34.172001 34.116138 33.987644 33.925743 33.792747 33.725117 33.588017 33.514980 33.374172 33.296070 33.151962 33.069134 32.922127 32.834915 32.685417 32.594170 32.442577 32.347633 32.194340 32.096039 31.941422 31.840101 31.684525 31.580509 31.424326 31.317924 31.161470 31.052982 30.896572 30.786280 30.630209 30.518379 30.362919 30.249796 30.095200 29.981010 29.827501 29.712448 29.560226 29.444494 29.293736 29.177479 29.028332 28.911686 28.764275 28.647350 28.501770 28.384655 28.240980 28.123737 27.982012 27.864683 27.724930 27.607533 27.469753 27.352285 27.216457 27.098894 26.964975 26.847277 26.715208 26.597313 26.467016 26.348850 26.220236 26.101709 25.974670 25.855686 25.730104 25.610552 25.486305 25.366066 25.243023 25.121977 25.000000 
25.000000 25.131937 25.262867 25.395969 25.526047 25.660477 25.789845 25.925760 26.054562 26.192114 26.320480 26.459812 26.587864 26.729103 26.856951 27.000212 27.127947 27.273331 27.401031 27.548615 27.676336 27.826178 27.953960 28.106094 28.233952 28.388391 28.516312 28.673044 28.800995 28.959978 29.087896 29.249067 29.376865 29.540127 29.667692 29.832918 29.960110 30.127148 30.253796 30.422461 30.548372 30.718456 30.843412 31.014669 31.138428 31.310593 31.432880 31.605658 31.726189 31.899260 32.017723 32.190739 32.306808 32.479404 32.592731 32.764526 32.874752 33.045338 33.152092 33.321053 33.423954 33.590855 33.689522 33.853920 33.947968 34.109413 34.198444 34.356491 34.440121 34.594307 34.672161 34.822037 34.893742 35.038860 35.104057 35.243980 35.302326 35.436623 35.487793 35.616058 35.659740 35.781578 35.817493 35.932533 35.960426 36.068314 36.087959 36.188370 36.199566 36.292210 36.294788 36.379395 36.373234 36.449566 36.434566 36.502426 36.478527 36.537750 36.504925 36.555386 36.513653 36.555256 36.504669 36.537361 36.478008 36.501778 36.433781 36.448639 36.372169 36.378178 36.293427 36.290684 36.197884 36.186516 36.085934 36.066101 35.958027 35.929928 35.814690 35.778545 35.656487 35.612553 35.484047 35.432602 35.298038 35.239384 35.099174 35.033634 34.888199 34.816113 34.665890 34.587612 34.433044 34.348946 34.190479 34.100933 33.939022 33.844410 33.679501 33.580208 33.412750 33.309158 33.139587 33.032078 32.860828 32.749771 32.577251 32.463024 32.289635 32.172581 31.998705 31.879166 31.705168 31.583469 31.409683 31.286131 31.112877 30.987753 30.815321 30.688889 30.517544 30.390041 30.220018 30.091661 29.923174 29.794149 29.627373 29.497847 29.332933 29.203041 29.040112 28.909962 28.749113 28.618792 28.460087 28.329649 28.173130 28.042608 27.888287 27.757692 27.605553 27.474869 27.324879 27.194069 27.046171 26.915180 26.769299 26.638050 26.494091 26.362492 26.220345 26.088293 25.947834 25.815212 25.676308 25.542988 25.405497 25.271345 25.135117 25.000000 
25.000000 25.144699 25.290596 25.434269 25.581539 25.724354 25.873175 26.015285 26.165829 26.307388 26.459812 26.600962 26.755417 26.896282 27.052902 27.193598 27.352499 27.493116 27.654400 27.795013 27.958754 28.099415 28.265663 28.406403 28.575184 28.716003 28.887320 29.028194 29.202015 29.342892 29.519157 29.659956 29.838581 29.979189 30.160048 30.300325 30.483267 30.623045 30.807882 30.946960 31.133476 31.271627 31.459572 31.596542 31.785637 31.921141 32.111073 32.244804 32.435238 32.566868 32.757435 32.886612 33.076920 33.203270 33.392906 33.516041 33.704575 33.824093 34.011063 34.126553 34.311497 34.422539 34.604969 34.711136 34.890564 34.991425 35.167355 35.262482 35.434414 35.523388 35.690819 35.773228 35.935669 36.011105 36.168064 36.236141 36.387146 36.447498 36.592079 36.644356 36.782078 36.825954 36.956390 36.991573 37.114323 37.140545 37.255238 37.272263 37.378555 37.386185 37.483772 37.481842 37.570446 37.558834 37.638214 37.616829 37.686787 37.655586 37.715958 37.674934 37.725601 37.674793 37.715675 37.655159 37.686214 37.616116 37.637348 37.557816 37.569267 37.480511 37.482265 37.384514 37.376698 37.270226 37.252998 37.138111 37.111671 36.988712 36.953289 36.822628 36.778484 36.640511 36.587940 36.443081 36.382404 36.231102 36.162663 36.005371 35.929539 35.766731 35.683884 35.516048 35.426586 35.254211 35.158543 34.982124 34.880669 34.700703 34.593884 34.410866 34.299103 34.113518 33.997234 33.809563 33.689167 33.499874 33.375782 33.185310 33.057922 32.866707 32.736397 32.544846 32.411983 32.220482 32.085411 31.894327 31.757374 31.567036 31.428501 31.239214 31.099377 30.911419 30.770525 30.584143 30.442415 30.257822 30.115456 29.932835 29.789993 29.609491 29.466314 29.288052 29.144642 28.968708 28.825144 28.651598 28.507925 28.336794 28.193039 28.024323 27.880482 27.714151 27.570196 27.406202 27.262081 27.100353 26.955992 26.796432 26.651739 26.494238 26.349104 26.193531 26.047834 25.894049 25.747656 25.595505 25.448271 25.297592 25.149368 25.000000 
25.000000 25.158653 25.316095 25.476154 25.632565 25.794222 25.949780 26.113226 26.268099 26.433514 26.587864 26.755417 26.909389 27.079235 27.232962 27.405237 27.558830 27.733654 27.887209 28.064674 28.218258 28.398438 28.552092 28.735027 28.888771 29.074476 29.228300 29.416759 29.570618 29.761784 29.915606 30.109396 30.263077 30.459377 30.612778 30.811440 30.964392 31.165230 31.317532 31.520323 31.671741 31.876232 32.026505 32.232403 32.381237 32.588223 32.735291 32.943016 33.087971 33.296040 33.438511 33.646519 33.786106 33.993610 34.129902 34.336433 34.469002 34.674076 34.802471 35.005592 35.129356 35.329998 35.448673 35.646301 35.759422 35.953499 36.060593 36.250576 36.351177 36.536522 36.630177 36.810337 36.896599 37.071037 37.149475 37.317665 37.387867 37.549294 37.610863 37.765038 37.817608 37.964054 38.007286 38.145554 38.179146 38.308811 38.332481 38.453159 38.466675 38.578007 38.581169 38.682835 38.675488 38.767204 38.749229 38.830761 38.802082 38.873234 38.833828 38.894440 38.844322 38.894283 38.833519 38.872768 38.801464 38.829979 38.748283 38.766090 38.674206 38.681374 38.579533 38.576172 38.464653 38.450928 38.330048 38.306149 38.176258 38.142418 38.003914 37.960403 37.813698 37.760822 37.606361 37.544453 37.382710 37.312138 37.143604 37.064751 36.889935 36.803211 36.622631 36.528469 36.342667 36.241501 36.051010 35.943298 35.748661 35.634861 35.436619 35.317192 35.115879 34.991287 34.787437 34.658131 34.452255 34.318691 34.111286 33.973904 33.765453 33.624676 33.415638 33.271877 33.062687 32.916328 32.707394 32.558807 32.350506 32.200031 31.992720 31.840673 31.634663 31.481333 31.276911 31.122557 30.919973 30.764816 30.564289 30.408531 30.210241 30.054045 29.858139 29.701635 29.508226 29.351515 29.160685 29.003836 28.815630 28.658682 28.473114 28.316078 28.133135 27.975994 27.795631 27.638340 27.460493 27.302982 27.127560 26.969740 26.796625 26.638386 26.467449 26.308664 26.139759 25.980288 25.813251 25.652941 25.487602 25.326292 25.162476 25.000000 
25.000000 25.171392 25.344202 25.514376 25.688818 25.857971 26.034252 26.202570 26.380890 26.548555 26.729103 26.896282 27.079235 27.246078 27.431593 27.598236 27.786451 27.953003 28.144035 28.310585 28.504524 28.671133 28.868040 29.034740 29.234648 29.401445 29.604349 29.771214 29.977081 30.143950 30.352713 30.519489 30.731041 30.897594 31.111790 31.277952 31.494612 31.660185 31.879086 32.043831 32.264717 32.428368 32.650940 32.813194 33.037125 33.197643 33.422565 33.580986 33.806499 33.962433 34.188099 34.341125 34.566486 34.716167 34.940731 35.086605 35.309853 35.451447 35.672848 35.809669 36.028667 36.160217 36.376240 36.502018 36.714478 36.833977 37.042294 37.155003 37.358582 37.464008 37.662254 37.759903 37.952232 38.041630 38.227467 38.308151 38.486927 38.558464 38.729637 38.791611 38.954655 39.006683 39.161098 39.202827 39.348141 39.379261 39.515026 39.535259 39.661079 39.670181 39.785686 39.783470 39.888336 39.874649 39.968594 39.943336 40.026119 39.989235 40.060665 40.012154 40.072086 40.011986 40.060329 39.988731 40.025440 39.942490 39.967564 39.873447 39.886940 39.781891 39.783901 39.668201 39.658878 39.532845 39.512379 39.376381 39.345001 39.199440 39.157425 39.002743 38.950397 38.787060 38.724735 38.553238 38.481316 38.302181 38.221069 38.034840 37.944969 37.752209 37.654034 37.455311 37.349304 37.145206 37.031853 36.822964 36.702755 36.489662 36.363102 36.146389 36.013981 35.794224 35.656460 35.434231 35.291607 35.067448 34.920444 34.694893 34.543980 34.317547 34.163177 33.936340 33.778950 33.552174 33.392166 33.165878 33.003643 32.778240 32.614132 32.389969 32.224319 32.001728 31.834833 31.614101 31.446220 31.227604 31.058968 30.842684 30.673487 30.459711 30.290117 30.078991 29.909122 29.700750 29.530701 29.325151 29.154978 28.952288 28.782017 28.582182 28.411810 28.214802 28.044294 27.850052 27.679350 27.487785 27.316801 27.127806 26.956427 26.769869 26.597967 26.413692 26.241127 26.058968 25.885576 25.705353 25.530962 25.352488 25.176924 25.000000 
25.000000 25.185541 25.369661 25.556849 25.739761 25.928822 26.110733 26.301886 26.482998 26.676451 26.856951 27.052902 27.232962 27.431593 27.611366 27.812838 27.992456 28.196903 28.376478 28.584013 28.763622 28.974327 29.154020 29.367947 29.547747 29.764908 29.944803 30.165182 30.345119 30.568659 30.748556 30.975161 31.154896 31.384432 31.563841 31.796135 31.975019 32.209854 32.387981 32.625095 32.802193 33.041290 33.217049 33.457790 33.631866 33.873878 34.045891 34.288761 34.458305 34.701580 34.868217 35.111412 35.274685 35.517284 35.676704 35.918171 36.073231 36.312992 36.463177 36.700645 36.845421 37.079990 37.218811 37.449856 37.582180 37.809071 37.934349 38.156448 38.274143 38.490814 38.600388 38.810989 38.911922 39.115833 39.207619 39.404221 39.486374 39.675068 39.747128 39.927338 39.988880 40.160049 40.210678 40.372276 40.411633 40.563175 40.590935 40.731964 40.747849 40.877949 40.881725 41.000526 40.992012 41.099182 41.078239 41.173500 41.140045 41.223160 41.177166 41.247955 41.189434 41.247776 41.176804 41.222614 41.139320 41.172581 41.077137 41.097878 40.990513 40.998817 40.879810 40.875805 40.745483 40.729355 40.588085 40.560059 40.408257 40.368614 40.206734 40.155777 39.984310 39.922405 39.741867 39.669407 39.480347 39.397755 39.200752 39.108479 38.904125 38.802658 38.591564 38.481396 38.264187 38.145836 37.923145 37.797134 37.569595 37.436470 37.204708 37.065006 36.829655 36.683914 36.445587 36.294338 36.053642 35.897415 35.654930 35.494240 35.250526 35.085869 34.841465 34.673317 34.428730 34.257549 34.013260 33.839470 33.595928 33.419930 33.177536 32.999702 32.758827 32.579494 32.340473 32.159943 31.923067 31.741606 31.507130 31.324965 31.093102 30.910425 30.681347 30.498314 30.272150 30.088877 29.865725 29.682293 29.462204 29.278658 29.061655 28.878006 28.664068 28.480297 28.269377 28.085432 27.877449 27.693249 27.488096 27.303537 27.101084 26.916033 26.716127 26.530437 26.332905 26.146414 25.951067 25.763594 25.570234 25.381590 25.190010 25.000000 
25.000000 25.198263 25.398172 25.595026 25.796824 25.992491 26.196417 26.391121 26.597404 26.791351 27.000212 27.193598 27.405237 27.598236 27.812838 28.005604 28.223326 28.415991 28.636969 28.829632 29.053968 29.246700 29.474468 29.667309 29.898542 30.091496 30.326195 30.519226 30.757349 30.950390 31.191854 31.384792 31.629478 31.822159 32.069901 32.262131 32.512714 32.704269 32.957439 33.148041 33.403503 33.592834 33.850250 34.037968 34.296947 34.482658 34.742786 34.926071 35.186874 35.367283 35.628265 35.805313 36.065937 36.239113 36.498814 36.667591 36.925770 37.089596 37.345631 37.503944 37.757191 37.909409 38.159210 38.304756 38.550438 38.688721 38.929600 39.060036 39.295433 39.417442 39.646671 39.759689 39.982075 40.085548 40.300415 40.393818 40.600517 40.683338 40.881245 40.953007 41.141506 41.201767 41.380280 41.428638 41.596619 41.632702 41.789642 41.813137 41.958569 41.969193 42.102695 42.100227 42.221420 42.205688 42.314251 42.285130 42.380783 42.338219 42.420738 42.364727 42.433949 42.364532 42.420353 42.337639 42.379997 42.284153 42.313057 42.204292 42.219807 42.098396 42.100632 41.966900 41.956024 41.810345 41.786579 41.629372 41.592987 41.424717 41.376030 41.197208 41.136578 40.947739 40.875568 40.677296 40.594025 40.386913 40.293015 40.077694 39.973667 39.750790 39.637161 39.407383 39.284698 39.048698 38.917519 38.675976 38.536873 38.290459 38.144012 37.893410 37.740196 37.486069 37.326668 37.069675 36.904652 36.645428 36.475342 36.214504 36.039898 35.778030 35.599430 35.337097 35.155003 34.892735 34.707615 34.445911 34.258213 33.997524 33.807667 33.548412 33.356770 33.099331 32.906242 32.650955 32.456730 32.203884 32.008789 31.758633 31.562895 31.315636 31.119438 30.875238 30.678728 30.437710 30.240992 30.003235 29.806376 29.571920 29.374950 29.143799 28.946712 28.718824 28.521584 28.296892 28.099426 27.877832 27.680040 27.461414 27.263168 27.047358 26.848511 26.635342 26.435722 26.225000 26.024426 25.815943 25.614214 25.407753 25.204664 25.000000 
25.000000 25.212620 25.423609 25.638119 25.847721 26.064377 26.272831 26.491884 26.699421 26.921112 27.127947 27.352499 27.558830 27.786451 27.992456 28.223326 28.429157 28.663435 28.869217 29.107027 29.312851 29.554291 29.760214 30.005341 30.211388 30.460218 30.666374 30.918886 31.125095 31.381226 31.587389 31.847027 32.053005 32.315998 32.521606 32.787754 32.992767 33.261818 33.465965 33.737625 33.940590 34.214520 34.415955 34.691765 34.891273 35.168533 35.365681 35.643917 35.838238 36.116936 36.307926 36.586533 36.773666 37.051590 37.234310 37.510925 37.688660 37.963318 38.135464 38.407490 38.573441 38.842140 39.001274 39.265930 39.417622 39.677517 39.821140 40.075539 40.210472 40.458645 40.584278 40.825500 40.941231 41.174782 41.280033 41.505203 41.599426 41.815533 41.898197 42.104576 42.175190 42.371208 42.429317 42.614372 42.659565 42.833096 42.865005 43.026485 43.044796 43.193752 43.198189 43.334194 43.324551 43.447231 43.423347 43.532379 43.494164 43.589279 43.536690 43.617687 43.550751 43.617481 43.536278 43.588654 43.493328 43.531326 43.422085 43.445732 43.322830 43.332233 43.195992 43.191296 43.042084 43.023495 42.861744 42.829525 42.655701 42.610172 42.424797 42.366314 42.169949 42.098923 41.892162 41.809044 41.592522 41.497791 41.272163 41.166348 40.932293 40.815945 40.574165 40.447849 40.199059 40.063370 39.808296 39.663837 39.403198 39.250591 38.985111 38.824970 38.555370 38.388313 38.115303 37.941940 37.666206 37.487141 37.209354 37.025173 36.745979 36.557255 36.277264 36.084545 35.804344 35.608147 35.328281 35.129101 34.850082 34.648373 34.370667 34.166859 33.890888 33.685364 33.411518 33.204617 32.933228 32.725258 32.456615 32.247845 31.982189 31.772837 31.510365 31.300606 31.041470 30.831440 30.575748 30.365538 30.113354 29.903015 29.654360 29.443907 29.198763 28.988171 28.746479 28.535688 28.297359 28.086279 27.851192 27.639700 27.407703 27.195650 26.966568 26.753786 26.527424 26.313719 26.089861 25.875032 25.653452 25.437279 25.217739 25.000000 
25.000000 25.225336 25.452543 25.676273 25.905628 26.128010 26.359785 26.581070 26.815523 27.035948 27.273331 27.493116 27.733654 27.953003 28.196903 28.415991 28.663435 28.882408 29.133547 29.352520 29.607473 29.826527 30.085375 30.304556 30.567335 30.786648 31.053360 31.272764 31.543364 31.762779 32.037174 32.256474 32.534523 32.753532 33.035046 33.253551 33.538292 33.756023 34.043705 34.260353 34.550632 34.765846 35.058338 35.271713 35.565983 35.777084 36.072647 36.280994 36.577324 36.782406 37.078934 37.280193 37.576309 37.773178 38.068237 38.260109 38.553432 38.739681 39.030563 39.210548 39.498257 39.671322 39.955112 40.120594 40.399700 40.556931 40.830574 40.978889 41.246300 41.385044 41.645443 41.773972 42.026585 42.144272 42.388340 42.494583 42.729366 42.823589 43.048374 43.130032 43.344124 43.412720 43.615459 43.670528 43.861298 43.902420 44.080643 44.107460 44.272602 44.284801 44.436378 44.433701 44.571293 44.553543 44.676777 44.643822 44.752384 44.704147 44.797791 44.734268 44.812801 44.734051 44.797348 44.703487 44.751495 44.642708 44.675426 44.551956 44.569458 44.431618 44.434032 44.282192 44.269707 44.104286 44.077156 43.898636 43.857166 43.666073 43.610630 43.407536 43.338524 43.124046 43.041920 42.816715 42.721981 42.486732 42.379921 42.135342 42.017029 41.763851 41.634628 41.373608 41.234100 40.966003 40.816845 40.542439 40.384281 40.104340 39.937836 39.653130 39.478943 39.190231 39.009010 38.717033 38.529430 38.234913 38.041557 37.745201 37.546711 37.249180 37.046158 36.748093 36.541096 36.243103 36.032673 35.735313 35.521954 35.225746 35.009933 34.715351 34.497513 34.204987 33.985512 33.695423 33.474655 33.187344 32.965584 32.681324 32.458839 32.177864 31.954859 31.677359 31.453999 31.180109 30.956516 30.686327 30.462576 30.196135 29.972261 29.709566 29.485565 29.226576 29.002399 28.747040 28.522610 28.270765 28.045967 27.797493 27.572182 27.326904 27.100908 26.858631 26.631760 26.392263 26.164303 25.927353 25.698082 25.463428 25.232609 25.000000 
25.000000 25.239908 25.477972 25.720013 25.956512 26.200974 26.436178 26.683344 26.917513 27.167654 27.401031 27.654400 27.887209 28.144035 28.376478 28.636969 28.869217 29.133547 29.365742 29.634054 29.866297 30.138699 30.371059 30.647615 30.880117 31.160847 31.393475 31.678352 31.911043 32.199997 32.432640 32.725548 32.957981 33.254669 33.486687 33.786926 34.018276 34.321789 34.552158 34.858612 35.087658 35.396667 35.623978 35.935108 36.160248 36.473007 36.695488 37.009342 37.228638 37.543003 37.758549 38.072803 38.284000 38.597481 38.803699 39.115704 39.316299 39.626083 39.820381 40.127193 40.314503 40.617554 40.797176 41.095665 41.266895 41.560001 41.722134 42.009037 42.161369 42.441242 42.583084 42.855110 42.985786 43.249153 43.368015 43.621922 43.728340 43.972019 44.065399 44.298103 44.377895 44.598900 44.664589 44.873226 44.924347 45.119972 45.156113 45.338146 45.358940 45.526844 45.531994 45.685280 45.674545 45.812798 45.786007 45.908859 45.865894 45.973049 45.913872 46.005096 45.929733 46.004864 45.913406 45.972343 45.864952 45.907673 45.784576 45.811111 45.672607 45.683067 45.529510 45.524067 45.355881 45.334766 45.152428 45.115944 44.919983 44.868481 44.659489 44.593380 44.371979 44.291721 44.058590 43.964691 43.720547 43.613556 43.359131 43.239639 42.975704 42.844326 42.571671 42.429058 42.148487 41.995304 41.707634 41.544563 41.250614 41.078350 40.778934 40.598175 40.294109 40.105549 39.797626 39.601959 39.290958 39.088860 38.775539 38.567673 38.252754 38.039764 37.723946 37.506454 37.190388 36.968975 36.653286 36.428505 36.113766 35.886139 35.572876 35.342876 35.031570 34.799641 34.490719 34.257240 33.951088 33.716404 33.413345 33.177761 32.878067 32.641823 32.345722 32.109024 31.816677 31.579676 31.291210 31.054008 30.769495 30.532150 30.251612 30.014143 29.737558 29.499935 29.227242 28.989397 28.720495 28.482325 28.217077 27.978443 27.716679 27.477415 27.218937 26.978849 26.723436 26.482309 26.229723 25.987326 25.737310 25.493397 25.245682 25.000000 
