25.000000 25.000000 25.000000 25.000000 25.000000 25.000000 25.000000 25.000000 25.000000 25.000000 25.000000 25.000000 25.000000 25.000000 25.000000 25.000000 25.000000 25.000000 25.000000 25.000000 25.000000 25.000000 25.000000 25.000000 25.000000 25.000000 25.000000 25.000000 25.000000 25.000000 25.000000 25.000000 25.000000 25.000000 25.000000 25.000000 25.000000 25.000000 25.000000 25.000000 25.000000 25.000000 25.000000 25.000000 25.000000 25.000000 25.000000 25.000000 25.000000 25.000000 25.000000 25.000000 25.000000 25.000000 25.000000 25.000000 25.000000 25.000000 25.000000 25.000000 25.000000 25.000000 25.000000 25.000000 25.000000 25.000000 25.000000 25.000000 25.000000 25.000000 25.000000 25.000000 25.000000 25.000000 25.000000 25.000000 25.000000 25.000000 25.000000 25.000000 25.000000 25.000000 25.000000 25.000000 25.000000 25.000000 25.000000 25.000000 25.000000 25.000000 25.000000 25.000000 25.000000 25.000000 25.000000 25.000000 25.000000 25.000000 25.000000 25.000000 25.000000 25.000000 25.000000 25.000000 25.000000 25.000000 25.000000 25.000000 25.000000 25.000000 25.000000 25.000000 25.000000 25.000000 25.000000 25.000000 25.000000 25.000000 25.000000 25.000000 25.000000 25.000000 25.000000 25.000000 25.000000 25.000000 25.000000 25.000000 25.000000 25.000000 25.000000 25.000000 25.000000 25.000000 25.000000 25.000000 25.000000 25.000000 25.000000 25.000000 25.000000 25.000000 25.000000 25.000000 25.000000 25.000000 25.000000 25.000000 25.000000 25.000000 25.000000 25.000000 25.000000 25.000000 25.000000 25.000000 25.000000 25.000000 25.000000 25.000000 25.000000 25.000000 25.000000 25.000000 25.000000 25.000000 25.000000 25.000000 25.000000 25.000000 25.000000 25.000000 25.000000 25.000000 25.000000 25.000000 25.000000 25.000000 25.000000 25.000000 25.000000 25.000000 25.000000 25.000000 25.000000 25.000000 25.000000 25.000000 25.000000 25.000000 25.000000 25.000000 25.000000 25.000000 25.000000 25.000000 25.000000 25.000000 25.000000 25.000000 
25.000000 25.012138 25.024376 25.036432 25.048796 25.060791 25.073307 25.085258 25.097946 25.109877 25.122757 25.134684 25.147778 25.159718 25.173042 25.185011 25.198584 25.210594 25.224428 25.236492 25.250601 25.262726 25.277119 25.289309 25.303993 25.316256 25.331234 25.343569 25.358841 25.371244 25.386808 25.399277 25.415129 25.427650 25.443779 25.456343 25.472736 25.485327 25.501970 25.514568 25.531439 25.544022 25.561100 25.573643 25.590900 25.603374 25.620781 25.633158 25.650681 25.662924 25.680527 25.692602 25.710245 25.722113 25.739756 25.751375 25.768972 25.780306 25.797810 25.808809 25.826174 25.836798 25.853971 25.864172 25.881107 25.890841 25.907482 25.916704 25.933001 25.941664 25.957563 25.965624 25.981075 25.988489 26.003441 26.010168 26.024570 26.030569 26.044371 26.049604 26.062761 26.067194 26.079659 26.083260 26.094992 26.097731 26.108690 26.110540 26.120691 26.121630 26.130939 26.130951 26.139391 26.138460 26.146004 26.144121 26.150745 26.147907 26.153599 26.149799 26.154545 26.149792 26.153582 26.147882 26.150713 26.144079 26.145954 26.138403 26.139324 26.130877 26.130854 26.121534 26.120584 26.110422 26.108561 26.097589 26.094839 26.083092 26.079477 26.066998 26.062548 26.049376 26.044125 26.030304 26.024284 26.009863 26.003113 25.988140 25.980700 25.965221 25.957132 25.941204 25.932508 25.916182 25.906923 25.890249 25.880472 25.863501 25.853252 25.836037 25.825363 25.807953 25.796896 25.779339 25.767944 25.750292 25.738600 25.720896 25.708950 25.691240 25.679079 25.661402 25.649065 25.631460 25.618982 25.601486 25.588900 25.571545 25.558880 25.541697 25.528980 25.511993 25.499252 25.482485 25.469738 25.453211 25.440477 25.424204 25.411499 25.395493 25.382828 25.367098 25.354483 25.339033 25.326471 25.311304 25.298800 25.283915 25.271465 25.256859 25.244461 25.230125 25.217773 25.203699 25.191383 25.177559 25.165268 25.151678 25.139400 25.126030 25.113747 25.100580 25.088276 25.075291 25.062948 25.050125 25.037727 25.025042 25.012568 25.000000 
25.000000 25.024376 25.048569 25.073172 25.097223 25.122105 25.146049 25.171255 25.195137 25.220707 25.244562 25.270542 25.294407 25.320829 25.344738 25.371639 25.395618 25.423031 25.447105 25.475054 25.499243 25.527750 25.552069 25.581152 25.605610 25.635279 25.659882 25.690140 25.714884 25.745729 25.770607 25.802034 25.827030 25.859022 25.884115 25.916651 25.941813 25.974863 26.000059 26.033588 26.058779 26.092743 26.117880 26.152231 26.177261 26.211941 26.236805 26.271751 26.296385 26.331528 26.355860 26.391123 26.415083 26.450386 26.473890 26.509148 26.532116 26.567238 26.589586 26.624474 26.646114 26.680672 26.701513 26.735641 26.755592 26.789188 26.808159 26.841118 26.859016 26.891235 26.907972 26.939344 26.954832 26.985256 26.999409 27.028782 27.041519 27.069742 27.080986 27.107964 27.117638 27.143278 27.151318 27.175533 27.181877 27.204586 27.209179 27.230305 27.233099 27.252573 27.253527 27.271286 27.270370 27.286362 27.283550 27.297728 27.293003 27.305326 27.298687 27.309130 27.300575 27.309113 27.298656 27.305279 27.292940 27.297646 27.283451 27.286245 27.270237 27.271135 27.253357 27.252380 27.232887 27.230070 27.208923 27.204304 27.181572 27.175198 27.150955 27.142883 27.117214 27.107504 27.080492 27.069210 27.040951 27.028170 26.998755 26.984552 26.954081 26.938538 26.907112 26.890314 26.858038 26.840069 26.807047 26.787998 26.754330 26.734291 26.700083 26.679146 26.644499 26.622751 26.587765 26.565298 26.530069 26.506968 26.471592 26.447941 26.412506 26.388386 26.352980 26.328468 26.293169 26.268339 26.233223 26.208145 26.173277 26.148014 26.113461 26.088068 26.053883 26.028416 25.994648 25.969151 25.935841 25.910353 25.877541 25.852095 25.819803 25.794428 25.762680 25.737394 25.706205 25.681023 25.650398 25.625328 25.595268 25.570311 25.540813 25.515963 25.487015 25.462263 25.433847 25.409178 25.381275 25.356668 25.329250 25.304680 25.277718 25.253157 25.226616 25.202030 25.175873 25.151230 25.125418 25.100677 25.075167 25.050297 25.025042 25.000000 
25.000000 25.036432 25.073172 25.109360 25.146481 25.182482 25.220055 25.255928 25.294020 25.329826 25.368498 25.404295 25.443605 25.479441 25.519445 25.555367 25.596115 25.632162 25.673695 25.709902 25.752258 25.788649 25.831858 25.868450 25.912531 25.949337 25.994301 26.031324 26.077171 26.114403 26.161129 26.198549 26.246136 26.283720 26.332140 26.369850 26.419064 26.456852 26.506815 26.544624 26.595274 26.633041 26.684309 26.721956 26.773760 26.811207 26.863457 26.900606 26.953205 26.989958 27.042795 27.079042 27.132002 27.167627 27.220583 27.255468 27.308289 27.342304 27.394848 27.427868 27.479990 27.511879 27.563433 27.594053 27.644886 27.674103 27.724058 27.751736 27.800657 27.826658 27.874390 27.898582 27.944965 27.967220 28.012104 28.032293 28.075523 28.093529 28.134962 28.150671 28.190163 28.203468 28.240887 28.251692 28.286911 28.295128 28.328028 28.333578 28.364050 28.366871 28.394815 28.394850 28.420181 28.417387 28.440029 28.434380 28.454268 28.445744 28.462828 28.451427 28.465670 28.451405 28.462780 28.445673 28.454170 28.434258 28.439882 28.417215 28.419981 28.394623 28.394558 28.366583 28.363731 28.333227 28.327641 28.294704 28.286449 28.251190 28.240341 28.202879 28.189524 28.149984 28.134220 28.092735 28.074667 28.031376 28.011116 27.966167 27.943834 27.897377 27.873095 27.825283 27.799183 27.750170 27.722380 27.672325 27.642982 27.592037 27.561277 27.509598 27.477556 27.425293 27.392105 27.339405 27.305201 27.252211 27.217119 27.163975 27.128119 27.074953 27.038452 26.985390 26.948357 26.895512 26.858057 26.805536 26.767756 26.715658 26.677645 26.626059 26.587894 26.536900 26.498655 26.448320 26.410063 26.360443 26.322226 26.273373 26.235241 26.187187 26.149178 26.101952 26.064089 26.017708 25.980003 25.934473 25.896940 25.852255 25.814890 25.771038 25.733828 25.690790 25.653717 25.611465 25.574499 25.532997 25.496107 25.455311 25.418457 25.378319 25.341452 25.301920 25.264992 25.226006 25.188965 25.150463 25.113251 25.075169 25.037729 25.000000 
25.000000 25.048796 25.097223 25.146481 25.194618 25.244432 25.292362 25.342821 25.390623 25.441818 25.489567 25.541576 25.589344 25.642244 25.690096 25.743956 25.791948 25.846828 25.895016 25.950970 25.999386 26.056458 26.105135 26.163357 26.212313 26.271706 26.320951 26.381525 26.431055 26.492805 26.542603 26.605515 26.655546 26.719591 26.769819 26.834949 26.885317 26.951477 27.001911 27.069033 27.119453 27.187447 27.237762 27.306526 27.356628 27.426050 27.475821 27.545774 27.595083 27.665430 27.714138 27.784727 27.832687 27.903355 27.950405 28.020981 28.066959 28.137260 28.181997 28.251835 28.295151 28.364328 28.406046 28.474361 28.514297 28.581549 28.619522 28.685497 28.721325 28.785818 28.819319 28.882118 28.913122 28.974020 29.002352 29.061148 29.086645 29.143139 29.165646 29.219645 29.239014 29.290335 29.306433 29.354900 29.367603 29.413055 29.422253 29.464537 29.470133 29.509109 29.511024 29.546570 29.544739 29.576746 29.571121 29.599495 29.590046 29.614710 29.601423 29.622320 29.605202 29.622288 29.601360 29.614614 29.589916 29.599333 29.570927 29.576515 29.544474 29.546267 29.510683 29.508726 29.469707 29.464067 29.421738 29.412491 29.366989 29.354231 29.305706 29.289545 29.238165 29.218723 29.164660 29.142073 29.085506 29.059919 29.001041 28.972609 28.911619 28.880503 28.817602 28.783974 28.719364 28.683397 28.617292 28.579165 28.511770 28.471659 28.403183 28.361271 28.291918 28.248386 28.178352 28.133377 28.062860 28.016617 27.945803 27.898460 27.827528 27.779247 27.708372 27.659307 27.588646 27.538946 27.468649 27.418451 27.348654 27.298084 27.228912 27.178087 27.109653 27.058678 26.991077 26.940042 26.873362 26.822346 26.756655 26.705723 26.641079 26.590288 26.526731 26.476120 26.413679 26.363276 26.301966 26.251785 26.191608 26.141655 26.082600 26.032860 25.974907 25.925365 25.868477 25.819101 25.763237 25.713985 25.659094 25.609917 25.555937 25.506775 25.453640 25.404430 25.352062 25.302736 25.251059 25.201542 25.150469 25.100685 25.050129 25.000000 
25.000000 25.060791 25.122105 25.182482 25.244432 25.304501 25.367201 25.427059 25.490625 25.550371 25.614906 25.674633 25.740236 25.800028 25.866789 25.926722 25.994724 26.054867 26.124180 26.184589 26.255274 26.315990 26.388096 26.449154 26.522713 26.584127 26.659159 26.720934 26.797440 26.859562 26.937532 26.999971 27.079378 27.142090 27.222887 27.285809 27.367931 27.430984 27.514355 27.577444 27.661961 27.724976 27.810522 27.873343 27.959784 28.022264 28.109451 28.171438 28.259207 28.320530 28.408695 28.469177 28.557545 28.616993 28.705353 28.763561 28.851694 28.908457 28.996128 29.051226 29.138195 29.191406 29.277426 29.328524 29.413336 29.462093 29.545443 29.591629 29.673254 29.716644 29.796282 29.836655 29.914043 29.951181 30.026066 30.059759 30.131887 30.161938 30.231064 30.257280 30.323172 30.345377 30.407806 30.425842 30.484598 30.498318 30.553204 30.562475 30.613310 30.618027 30.664644 30.664711 30.706968 30.702318 30.740088 30.730669 30.763844 30.749632 30.778128 30.759115 30.782869 30.759075 30.778048 30.749512 30.763683 30.730467 30.739841 30.702030 30.706635 30.664331 30.664215 30.617546 30.612778 30.561890 30.552559 30.497612 30.483829 30.425007 30.406897 30.344395 30.322104 30.256136 30.229824 30.160612 30.130455 30.058231 30.024418 29.949425 29.912153 29.834642 29.794121 29.714348 29.670792 29.589014 29.542643 29.459124 29.410162 29.325157 29.273830 29.187601 29.134134 29.046930 28.991550 28.903620 28.846542 28.758127 28.699570 28.610895 28.551065 28.462355 28.401449 28.312906 28.251116 28.162937 28.100439 28.012804 27.949762 27.862833 27.799402 27.713326 27.649643 27.564550 27.500738 27.416744 27.352909 27.270111 27.206345 27.124823 27.061199 26.981012 26.917591 26.838783 26.775606 26.698208 26.635302 26.559320 26.496698 26.422127 26.359783 26.286606 26.224520 26.152699 26.090841 26.020330 25.958654 25.889393 25.827845 25.759762 25.698271 25.631287 25.569777 25.503801 25.442190 25.377127 25.315325 25.251072 25.188982 25.125431 25.062958 25.000000 
25.000000 25.073307 25.146049 25.220055 25.292362 25.367201 25.439199 25.515009 25.586813 25.663725 25.735451 25.813585 25.885340 25.964815 26.036694 26.117609 26.189701 26.272152 26.344532 26.428595 26.501320 26.587061 26.660179 26.747646 26.821186 26.910414 26.984386 27.075386 27.149784 27.242552 27.317352 27.411861 27.487019 27.583229 27.658678 27.756521 27.832178 27.931566 28.007328 28.108156 28.183899 28.286037 28.361620 28.464914 28.540178 28.644461 28.719227 28.824308 28.898382 29.004051 29.077223 29.183256 29.255301 29.361452 29.432135 29.538145 29.607218 29.712816 29.780022 29.884920 29.949995 30.053904 30.116577 30.219191 30.279190 30.380199 30.437250 30.536346 30.590176 30.687040 30.737377 30.831699 30.878281 30.969748 31.012318 31.100624 31.138937 31.223783 31.257607 31.338705 31.367817 31.444893 31.469090 31.541878 31.560976 31.629232 31.643066 31.706564 31.714987 31.773520 31.776413 31.829790 31.827055 31.875118 31.866686 31.909290 31.895111 31.932144 31.912203 31.943577 31.917877 31.943527 31.912107 31.932001 31.894918 31.909046 31.866392 31.874771 31.826656 31.829332 31.775898 31.772943 31.714350 31.705858 31.642292 31.628386 31.560051 31.540871 31.467999 31.443708 31.366541 31.337324 31.256126 31.222183 31.137226 31.098778 31.010349 30.967628 30.876022 30.829271 30.734797 30.684271 30.587231 30.533194 30.433903 30.376619 30.275393 30.215132 30.112278 30.049314 29.945139 29.879742 29.774546 29.706982 29.601059 29.531590 29.425220 29.354097 29.247553 29.175022 29.068560 28.994852 28.888710 28.814051 28.708452 28.633043 28.528198 28.452232 28.348326 28.271976 28.169174 28.092600 27.991051 27.914387 27.814217 27.737583 27.638901 27.562395 27.465282 27.388987 27.293509 27.217484 27.123680 27.047968 26.955862 26.880486 26.790081 26.715044 26.626324 26.551611 26.464544 26.390127 26.304663 26.230494 26.146568 26.072586 25.990120 25.916248 25.835152 25.761307 25.681475 25.607559 25.528883 25.454790 25.377151 25.302771 25.226040 25.151257 25.075304 25.000000 
25.000000 25.085258 25.171255 25.255928 25.342821 25.427059 25.515009 25.598953 25.688112 25.771898 25.862417 25.946177 26.038193 26.122044 26.215683 26.299732 26.395111 26.479454 26.576672 26.661388 26.760530 26.845678 26.946810 27.032438 27.135607 27.221735 27.326969 27.413603 27.520905 27.608025 27.717381 27.804945 27.916313 28.004261 28.117577 28.205818 28.320992 28.409422 28.526340 28.614822 28.733349 28.821730 28.941698 29.029802 29.151026 29.238657 29.360924 29.447863 29.570944 29.656954 29.780590 29.865417 29.989340 30.072716 30.196625 30.278267 30.401854 30.481468 30.604406 30.681688 30.803642 30.878277 30.998896 31.070570 31.189497 31.257889 31.374762 31.439550 31.554001 31.614870 31.726534 31.783169 31.891682 31.943783 32.048779 32.096050 32.197178 32.239342 32.336262 32.373051 32.465431 32.496597 32.584122 32.609440 32.691811 32.711075 32.788021 32.801048 32.872314 32.878952 32.944302 32.944420 33.003658 32.997158 33.050102 33.036919 33.083416 33.063511 33.103447 33.076809 33.110096 33.076756 33.103336 33.063343 33.083191 33.036636 33.049759 32.996758 33.003189 32.943890 32.943703 32.878281 32.871567 32.800228 32.787117 32.710087 32.690731 32.608265 32.582844 32.495216 32.463936 32.371445 32.334526 32.237484 32.195171 32.093906 32.046467 31.941319 31.889030 31.780350 31.723505 31.611649 31.550549 31.435883 31.370834 31.253723 31.185045 31.065849 30.993855 30.872940 30.797945 30.675665 30.597984 30.474684 30.394629 30.270643 30.188513 30.064165 29.980247 29.855848 29.770424 29.646259 29.559595 29.435938 29.348284 29.225384 29.136971 29.015060 28.926100 28.805386 28.716072 28.596737 28.507242 28.389448 28.299921 28.183802 28.094372 27.980040 27.890812 27.778353 27.689407 27.578882 27.490282 27.381727 27.293509 27.186941 27.099119 26.994532 26.907099 26.804462 26.717394 26.616661 26.529913 26.431013 26.344522 26.247375 26.161060 26.065567 25.979332 25.885380 25.799120 25.706581 25.620178 25.528921 25.442247 25.352127 25.265051 25.175917 25.088301 25.000000 
25.000000 25.097946 25.195137 25.294020 25.390623 25.490625 25.586813 25.688112 25.784042 25.886812 25.982637 26.087042 26.182907 26.289099 26.385130 26.493248 26.589563 26.699730 26.796429 26.908749 27.005913 27.120474 27.218163 27.335028 27.433279 27.552496 27.651325 27.772909 27.872309 27.996252 28.096189 28.222462 28.322874 28.451416 28.552219 28.682940 28.784023 28.916807 29.018032 29.152735 29.253937 29.390387 29.491375 29.629372 29.729935 29.869249 29.969149 30.109526 30.208502 30.349665 30.447435 30.589081 30.685349 30.827150 30.921598 31.063211 31.155510 31.296568 31.386372 31.526499 31.613455 31.752256 31.836006 31.973074 32.053253 32.188179 32.264423 32.396786 32.468727 32.598110 32.665382 32.791370 32.853626 32.975796 33.032700 33.150642 33.201855 33.315178 33.360394 33.468708 33.507629 33.610569 33.642925 33.740135 33.765682 33.856838 33.875351 33.960152 33.971436 34.049599 34.053497 34.124775 34.121155 34.185329 34.174099 34.230980 34.212074 34.261513 34.234909 34.276783 34.242489 34.276718 34.234779 34.261322 34.211819 34.230652 34.173706 34.184864 34.120621 34.124165 34.052811 34.048828 33.970585 33.959206 33.874317 33.855705 33.764450 33.738792 33.641472 33.608986 33.505928 33.466862 33.358414 33.313038 33.199570 33.148174 33.030067 32.972965 32.850609 32.788124 32.661934 32.594406 32.464790 32.392570 32.259949 32.183395 32.048180 31.967651 31.830263 31.746122 31.606968 31.519577 31.379057 31.288773 31.147280 31.054449 30.912357 30.817322 30.674994 30.578079 30.435856 30.337372 30.195576 30.095819 29.954750 29.853992 29.713926 29.612427 29.473610 29.371601 29.234261 29.131947 28.996281 28.893848 28.760023 28.657633 28.525791 28.423574 28.293829 28.191895 28.064329 27.962757 27.837427 27.736275 27.613213 27.512506 27.391716 27.291466 27.172926 27.073109 26.956774 26.857351 26.743158 26.644068 26.531929 26.433088 26.322899 26.224207 26.115847 26.017189 25.910519 25.811766 25.706642 25.607653 25.503910 25.404537 25.302011 25.202097 25.100615 25.000000 
25.000000 25.109877 25.220707 25.329826 25.441818 25.550371 25.663725 25.771898 25.886812 25.994785 26.111448 26.219385 26.337976 26.446032 26.566715 26.675026 26.797951 26.906641 27.031935 27.141106 27.268875 27.378607 27.508938 27.619286 27.752243 27.863235 27.998854 28.110497 28.248779 28.361050 28.501976 28.614822 28.758339 28.871679 29.017702 29.131424 29.279840 29.393805 29.544466 29.658501 29.811230 29.925135 30.079721 30.193270 30.349472 30.462414 30.619959 30.732008 30.890598 31.001451 31.160757 31.270088 31.429756 31.537220 31.696869 31.802099 31.961332 32.063950 32.222347 32.321957 32.479084 32.575287 32.730694 32.823078 32.976299 33.064461 33.215031 33.298553 33.446003 33.524471 33.668327 33.741344 33.881134 33.948311 34.083569 34.144524 34.274799 34.329170 34.454018 34.501465 34.620461 34.660664 34.773407 34.806072 34.912174 34.937038 35.036148 35.052979 35.144768 35.153362 35.237530 35.237728 35.314011 35.305687 35.373856 35.356918 35.416786 35.391182 35.442596 35.408321 35.451164 35.408249 35.442451 35.390968 35.416496 35.356552 35.373413 35.305164 35.313408 35.237041 35.236752 35.152496 35.143803 35.051922 35.034981 34.935764 34.910782 34.804562 34.771763 34.658890 34.618538 34.499393 34.451778 34.326771 34.272209 34.141758 34.080589 33.945133 33.877720 33.737709 33.664421 33.520321 33.441551 33.293827 33.209972 33.059093 32.970562 32.816998 32.724194 32.568409 32.471741 32.314198 32.214069 32.055210 31.952021 31.792274 31.686413 31.526196 31.418037 31.257750 31.147652 30.987665 30.875971 30.716637 30.603664 30.445305 30.331356 30.174269 30.059618 29.904068 29.788963 29.635189 29.519852 29.368059 29.252682 29.103048 28.987797 28.840462 28.725470 28.580547 28.465923 28.323490 28.209311 28.069416 27.955729 27.818392 27.705215 27.570431 27.457758 27.325485 27.213284 27.083460 26.971670 26.844212 26.732752 26.607550 26.496317 26.373245 26.262119 26.141029 26.029871 25.910606 25.799261 25.681646 25.569952 25.453802 25.341587 25.226711 25.113798 25.000000 
25.000000 25.122757 25.244562 25.368498 25.489567 25.614906 25.735451 25.862417 25.982637 26.111448 26.231537 26.362396 26.482533 26.615629 26.735977 26.871487 26.992191 27.130264 27.251451 27.392221 27.513992 27.657568 27.779997 27.926462 28.049595 28.199003 28.322863 28.475235 28.599812 28.755140 28.880388 29.038631 29.164480 29.325563 29.451902 29.615715 29.742405 29.908800 30.035669 30.204468 30.331308 30.502293 30.628870 30.801788 30.927832 31.102398 31.227613 31.403511 31.527569 31.704447 31.826998 32.004475 32.125141 32.302818 32.421204 32.598637 32.714333 32.891071 33.003643 33.179211 33.288216 33.462116 33.567104 33.738834 33.839352 34.008392 34.103973 34.269802 34.359997 34.522087 34.606438 34.764267 34.842331 34.995377 35.066730 35.214481 35.278709 35.420666 35.477379 35.613056 35.661884 35.790825 35.831425 35.953190 35.985256 36.099434 36.122684 36.228893 36.243092 36.340981 36.345924 36.435184 36.430710 36.511063 36.497051 36.568268 36.544640 36.606529 36.573250 36.625668 36.582752 36.625587 36.573093 36.606289 36.544319 36.567860 36.496559 36.510483 36.430038 36.434418 36.345062 36.340015 36.242023 36.227707 36.121391 36.098007 35.983711 35.951504 35.829601 35.788841 35.659748 35.610744 35.474895 35.417984 35.275845 35.211391 35.063435 34.991829 34.838551 34.760201 34.602116 34.517448 34.355068 34.264523 34.098370 34.002392 33.832993 33.732037 33.559910 33.454426 33.280083 33.170532 32.994476 32.881298 32.704021 32.587658 32.409622 32.290497 32.112164 31.990685 31.812479 31.689037 31.511364 31.386328 31.209564 31.083277 30.907764 30.780548 30.606600 30.478745 30.306644 30.178411 30.008404 29.880024 29.712324 29.583996 29.418777 29.290668 29.128075 29.000320 28.840454 28.713158 28.556091 28.429319 28.275093 28.148882 27.997501 27.871861 27.723299 27.598204 27.452404 27.327803 27.184685 27.060501 26.919954 26.796083 26.657980 26.534298 26.398483 26.274843 26.141150 26.017389 25.885630 25.761574 25.631546 25.507010 25.378508 25.253290 25.126099 25.000000 
25.000000 25.134684 25.270542 25.404295 25.541576 25.674633 25.813585 25.946177 26.087042 26.219385 26.362396 26.494694 26.640066 26.772511 26.920446 27.053205 27.203886 27.337111 27.490690 27.624504 27.781118 27.915621 28.075375 28.210632 28.373600 28.509653 28.675877 28.812727 28.982216 29.119837 29.292562 29.430889 29.606787 29.745718 29.924688 30.064091 30.245989 30.385687 30.570335 30.710121 30.897301 31.036932 31.226381 31.365580 31.557007 31.695459 31.888529 32.025894 32.220238 32.356136 32.551357 32.685390 32.881050 33.012798 33.208435 33.337448 33.532570 33.658379 33.852474 33.974602 34.167137 34.285088 34.475510 34.588787 34.776531 34.884628 35.069122 35.171532 35.352200 35.448421 35.624676 35.714226 35.885494 35.967880 36.133595 36.208359 36.367966 36.434658 36.587612 36.645824 36.791607 36.840939 36.979050 37.019146 37.149124 37.179661 37.301064 37.321754 37.434181 37.444786 37.547871 37.548183 37.641605 37.631470 37.714947 37.694260 37.767563 37.736256 37.799191 37.757259 37.809696 37.757172 37.799015 37.735992 37.767204 37.693813 37.714405 37.630829 37.640862 37.547340 37.546913 37.443722 37.432999 37.320457 37.299629 37.178101 37.147411 37.017296 36.977032 36.838760 36.789242 36.643284 36.584869 36.431721 36.364792 36.204971 36.129944 35.963985 35.881306 35.709766 35.619888 35.443333 35.346741 35.165741 35.062916 34.878048 34.769489 34.581333 34.467541 34.276657 34.158131 33.965088 33.842323 33.647663 33.521152 33.325405 33.195618 32.999287 32.866688 32.670265 32.535290 32.339237 32.202305 32.007046 31.868553 31.674486 31.534798 31.342283 31.201736 31.011105 30.870003 30.681545 30.540159 30.354128 30.212694 30.029305 29.888025 29.707451 29.566494 29.388870 29.248365 29.073792 28.933832 28.762365 28.623011 28.454678 28.315952 28.150743 28.012634 27.850502 27.712971 27.553841 27.416815 27.260580 27.123960 26.970490 26.834148 26.683287 26.547077 26.398643 26.262394 26.116196 25.979719 25.835543 25.698639 25.556257 25.418715 25.277897 25.139492 25.000000 
25.000000 25.147778 25.294407 25.443605 25.589344 25.740236 25.885340 26.038193 26.182907 26.337976 26.482533 26.640066 26.784681 26.944906 27.089777 27.252905 27.398205 27.564417 27.710299 27.879755 28.026339 28.199171 28.346548 28.522854 28.671083 28.850927 29.000032 29.183441 29.333408 29.520372 29.671152 29.861622 30.013123 30.207006 30.359100 30.556267 30.708786 30.909056 31.061790 31.264950 31.417654 31.623442 31.775829 31.983938 32.135689 32.345779 32.496529 32.708218 32.857582 33.070446 33.217995 33.431580 33.576862 33.790676 33.933220 34.146744 34.286045 34.498730 34.634274 34.845543 34.976799 35.186058 35.312481 35.519123 35.640163 35.843571 35.958672 36.158211 36.266827 36.461864 36.563454 36.753349 36.847378 37.031517 37.117466 37.295231 37.372608 37.543396 37.611725 37.774960 37.833801 37.988918 38.037865 38.184341 38.223015 38.360355 38.388424 38.516174 38.533344 38.651081 38.657116 38.764465 38.759159 38.855793 38.839012 38.924644 38.896290 38.970695 38.930725 38.993725 38.942162 38.993629 38.930534 38.970402 38.895901 38.924152 38.838417 38.855091 38.758350 38.763538 38.656075 38.649918 38.532059 38.514748 38.386864 38.358643 38.221153 38.182308 38.035667 37.986530 37.831230 37.772175 37.608742 37.540169 37.369156 37.291512 37.113499 37.027245 36.842823 36.748455 36.558243 36.456272 36.260891 36.151848 35.951923 35.836342 35.632507 35.510937 35.303814 35.176800 34.967007 34.835091 34.623238 34.486961 34.273628 34.133518 33.919277 33.775845 33.561237 33.414974 33.200516 33.051891 32.838070 32.687531 32.474796 32.322758 32.111526 31.958366 31.749018 31.595091 31.387960 31.233580 31.028967 30.874411 30.672569 30.518078 30.319221 30.164997 29.969292 29.815496 29.623074 29.469828 29.280773 29.128162 28.942520 28.790586 28.608366 28.457119 28.278290 28.127701 27.952194 27.802202 27.629919 27.480429 27.311241 27.162130 26.995878 26.846994 26.683496 26.534666 26.373718 26.224743 26.066122 25.916792 25.760258 25.610346 25.455648 25.304914 25.151798 25.000000 
25.000000 25.159718 25.320829 25.479441 25.642244 25.800028 25.964815 26.122044 26.289099 26.446032 26.615629 26.772511 26.944906 27.101961 27.277395 27.434826 27.613510 27.771494 27.953613 28.112299 28.298014 28.457516 28.646950 28.807348 29.000591 29.161934 29.359032 29.521322 29.722290 29.885494 30.090296 30.254341 30.462900 30.627663 30.839859 31.005182 31.220844 31.386522 31.605440 31.771227 31.993141 32.158745 32.383350 32.548439 32.775383 32.939590 33.168476 33.331398 33.561794 33.722980 33.954407 34.113384 34.345329 34.501595 34.733505 34.886532 35.117832 35.267063 35.497143 35.642010 35.870232 36.010151 36.235867 36.370243 36.592781 36.721016 36.939697 37.061192 37.275330 37.389496 37.598396 37.704647 37.907635 38.005398 38.201797 38.290524 38.479679 38.558842 38.740105 38.809208 38.981968 39.040550 39.204208 39.251846 39.405853 39.442158 39.585999 39.610634 39.743828 39.756500 39.878624 39.879093 39.989758 39.977844 40.076717 40.052288 40.139099 40.102081 40.176601 40.126984 40.189053 40.126881 40.176392 40.101765 40.138672 40.051758 40.076069 39.977085 39.988876 39.878094 39.877491 39.755241 39.742428 39.609089 39.584301 39.440304 39.403824 39.249649 39.201817 39.037968 38.979168 38.806202 38.736851 38.555355 38.475914 38.286507 38.197468 38.000782 37.902668 37.699360 37.592716 37.383457 37.268852 37.054317 36.932331 36.713211 36.584427 36.361397 36.226410 36.000149 35.859550 35.630722 35.485104 35.254353 35.104290 34.872246 34.718304 34.485569 34.328289 34.095440 33.935352 33.702934 33.540524 33.309044 33.144787 32.914715 32.749043 32.520809 32.354118 32.128113 31.960766 31.737333 31.569653 31.349092 31.181358 30.963924 30.796377 30.582275 30.415112 30.204506 30.037880 29.830885 29.664907 29.461596 29.296335 29.096735 28.932220 28.736320 28.572542 28.380285 28.217194 28.028494 27.866001 27.680733 27.518724 27.336731 27.175053 26.996149 26.834627 26.658604 26.497034 26.323658 26.161821 25.990841 25.828497 25.659647 25.496544 25.329548 25.165421 25.000000 
25.000000 25.173042 25.344738 25.519445 25.690096 25.866789 26.036694 26.215683 26.385130 26.566715 26.735977 26.920446 27.089777 27.277395 27.447027 27.638039 27.808176 28.002796 28.173615 28.372032 28.543674 28.746040 28.918613 29.125040 29.298613 29.509180 29.683779 29.898516 30.074125 30.293020 30.469584 30.692577 30.869987 31.096975 31.275082 31.505905 31.684513 31.918964 32.097828 32.335655 32.514488 32.755386 32.933849 33.177464 33.355179 33.601109 33.777657 34.025455 34.200378 34.449547 34.622353 34.872360 35.042515 35.292786 35.459732 35.709660 35.872818 36.121750 36.280514 36.527790 36.681530 36.926453 37.074535 37.316391 37.458172 37.696232 37.831070 38.064594 38.191841 38.420090 38.539112 38.761341 38.871517 39.087002 39.187721 39.395737 39.486423 39.686268 39.766365 39.957363 40.026356 40.207848 40.265259 40.436630 40.482018 40.642693 40.675667 40.825108 40.845329 40.983047 40.990227 41.115784 41.109695 41.222702 41.203175 41.303307 41.270233 41.357220 41.310547 41.384182 41.323933 41.384068 41.310322 41.356876 41.269775 41.302731 41.202480 41.221878 41.108749 41.114700 40.989010 40.981682 40.843819 40.823441 40.673840 40.640686 40.479836 40.434250 40.262684 40.205051 40.023346 39.954102 39.762871 39.682487 39.482380 39.391380 39.183071 39.081997 38.866180 38.755611 38.533012 38.413544 38.184887 38.057137 37.823162 37.687763 37.449203 37.306797 37.064381 36.915604 36.670059 36.515549 36.267586 36.107971 35.858269 35.694172 35.443401 35.275414 35.024212 34.852909 34.601883 34.427818 34.177532 34.001225 33.752209 33.574146 33.326881 33.147514 32.902451 32.722183 32.479710 32.298916 32.059387 31.878391 31.642099 31.461182 31.228376 31.047775 30.818657 30.638559 30.413279 30.233828 30.012484 29.833778 29.616426 29.438517 29.225166 29.048061 28.838676 28.662344 28.456846 28.281214 28.079489 27.904444 27.706339 27.531738 27.337070 27.162737 26.971291 26.797018 26.608555 26.434118 26.248377 26.073523 25.890226 25.714689 25.533543 25.357044 25.177748 25.000000 
25.000000 25.185011 25.371639 25.555367 25.743956 25.926722 26.117609 26.299732 26.493248 26.675026 26.871487 27.053205 27.252905 27.434826 27.638039 27.820398 28.027370 28.210373 28.421324 28.605137 28.820248 29.005011 29.224422 29.410229 29.634047 29.820946 30.049227 30.237226 30.469982 30.659042 30.896233 31.086267 31.327806 31.518677 31.764421 31.955944 32.205700 32.397633 32.651150 32.843216 33.100193 33.292049 33.552143 33.743404 34.006199 34.196442 34.461487 34.650234 34.917023 35.103767 35.371742 35.555931 35.824501 36.005554 36.274082 36.451382 36.719193 36.892105 37.158493 37.326355 37.590591 37.752724 38.014050 38.169769 38.427406 38.576015 38.829185 38.969994 39.217892 39.350212 39.592045 39.715199 39.950180 40.063511 40.290859 40.393726 40.612671 40.704475 40.914276 40.994431 41.194378 41.262352 41.451759 41.507057 41.685284 41.727463 41.893909 41.922573 42.076694 42.091503 42.232796 42.233482 42.361504 42.347843 42.462212 42.434059 42.534451 42.491726 42.577885 42.520565 42.592304 42.520443 42.577641 42.491360 42.533958 42.433441 42.461460 42.346966 42.360477 42.232323 42.231483 42.090046 42.075066 41.920784 41.891941 41.725311 41.682934 41.504509 41.448986 41.259357 41.191135 40.990944 40.910507 40.700432 40.608315 40.389069 40.285839 40.058163 39.944427 39.709072 39.585464 39.343216 39.210388 38.962029 38.820648 38.566971 38.417728 38.159515 38.003094 37.741135 37.578217 37.313278 37.144547 36.877377 36.703503 36.434830 36.256466 35.986988 35.804760 35.535145 35.349667 35.080544 34.892380 34.624340 34.434036 34.167622 33.975681 33.711391 33.518276 33.256561 33.062687 32.803947 32.609688 32.354267 32.159950 31.908144 31.714046 31.466095 31.272444 31.028534 30.835508 30.595776 30.403503 30.168030 29.976593 29.745413 29.554842 29.327942 29.138226 28.915543 28.726622 28.508053 28.319828 28.105232 27.917566 27.706760 27.519482 27.312250 27.125153 26.921253 26.734102 26.533270 26.345808 26.147751 25.959700 25.764109 25.575178 25.381735 25.191618 25.000000 
25.000000 25.198584 25.395618 25.596115 25.791948 25.994724 26.189701 26.395111 26.589563 26.797951 26.992191 27.203886 27.398205 27.613510 27.808176 28.027370 28.222620 28.445951 28.641983 28.869669 29.066647 29.298857 29.496906 29.733772 29.932970 30.174580 30.374958 30.621347 30.822889 31.074043 31.276680 31.532532 31.736143 31.996571 32.200985 32.465809 32.670799 32.939781 33.145069 33.417915 33.623169 33.899532 34.104362 34.383839 34.587818 34.869942 35.072586 35.356846 35.557625 35.843456 36.041805 36.328590 36.523903 36.810989 37.002625 37.289303 37.476597 37.762131 37.944382 38.228008 38.404503 38.685421 38.855431 39.132824 39.295609 39.568638 39.723457 39.991280 40.137394 40.399155 40.535835 40.790691 40.917221 41.164330 41.280022 41.518551 41.622734 41.851887 41.943928 42.162918 42.242222 42.450310 42.516323 42.712795 42.765018 42.949215 42.987198 43.158504 43.181854 43.339706 43.348103 43.491997 43.485172 43.614666 43.592422 43.707146 43.669361 43.768997 43.715614 43.799931 43.730972 43.799801 43.715355 43.768604 43.668835 43.706482 43.591625 43.613720 43.484085 43.490753 43.346706 43.338139 43.180122 43.156582 42.985100 42.946907 42.762512 42.710060 42.513367 42.447098 42.238762 42.159176 41.939911 41.847549 41.618092 41.513550 41.274677 41.158585 40.911098 40.784111 40.528831 40.391640 40.129410 39.982719 39.714378 39.558918 39.285309 39.121811 38.843773 38.672970 38.391335 38.213959 37.929543 37.746315 37.459896 37.271526 36.983875 36.791046 36.502899 36.306267 36.018314 35.818516 35.531403 35.329037 35.043373 34.838993 34.555340 34.349461 34.068325 33.861420 33.583252 33.375744 33.100945 32.893208 32.622120 32.414474 32.147381 31.940102 31.677227 31.470531 31.212055 31.006105 30.752140 30.547047 30.297657 30.093479 29.848673 29.645424 29.405161 29.202799 28.966995 28.765436 28.533955 28.333075 28.105743 27.905375 27.681982 27.481920 27.262222 27.062233 26.845957 26.645777 26.432623 26.231964 26.021612 25.820171 25.612288 25.409740 25.203981 25.000000 
25.000000 25.210594 25.423031 25.632162 25.846828 26.054867 26.272152 26.479454 26.699730 26.906641 27.130264 27.337111 27.564417 27.771494 28.002796 28.210373 28.445951 28.654261 28.894363 29.103598 29.348431 29.558746 29.808470 30.019974 30.274706 30.487459 30.747263 30.961271 31.226160 31.441380 31.711309 31.927641 32.202511 32.419800 32.699448 32.917480 33.201687 33.420189 33.708675 33.927322 34.219746 34.438160 34.734116 34.951855 35.250881 35.467464 35.769043 35.983932 36.287483 36.500095 36.804993 37.014702 37.320271 37.526409 37.831921 38.033798 38.338486 38.535370 38.838432 39.029572 39.330181 39.514805 39.812092 39.989422 40.282505 40.451752 40.739738 40.900112 41.182095 41.332813 41.607887 41.748180 42.015453 42.144569 42.403145 42.520363 42.769367 42.873993 43.112595 43.203972 43.431347 43.508865 43.724247 43.787342 43.989998 44.038162 44.227409 44.260201 44.435413 44.452446 44.613056 44.614014 44.759518 44.744160 44.874123 44.842274 44.956329 44.907894 45.005756 44.940716 45.022167 44.940578 45.005478 44.907478 44.955772 44.841572 44.873272 44.743160 44.758358 44.612698 44.611561 44.450783 44.433559 44.258167 44.225163 44.035717 43.987316 43.784439 43.721085 43.505455 43.427650 43.199997 43.108299 42.869392 42.764404 42.515053 42.397430 42.138474 42.008900 41.741203 41.600395 41.324844 41.173550 40.891041 40.730019 40.441448 40.271484 39.977749 39.799614 39.501606 39.316090 39.014683 38.822552 38.518600 38.320621 38.014950 37.811863 37.505268 37.297791 36.991035 36.779858 36.473656 36.259430 35.954449 35.737789 35.434654 35.216133 34.915413 34.695557 34.397758 34.177040 33.882618 33.661469 33.370819 33.149605 32.863064 32.642097 32.359936 32.139484 31.861912 31.642176 31.369354 31.150478 30.882498 30.664574 30.401472 30.184538 29.926300 29.710340 29.456898 29.241846 28.993080 28.778824 28.534573 28.320953 28.081013 27.867836 27.631960 27.418991 27.186907 26.973877 26.745277 26.531897 26.306452 26.092403 25.869764 25.654711 25.434519 25.218115 25.000000 
25.000000 25.224428 25.447105 25.673695 25.895016 26.124180 26.344532 26.576672 26.796429 27.031935 27.251451 27.490690 27.710299 27.953613 28.173615 28.421324 28.641983 28.894363 29.115911 29.373201 29.595821 29.858221 30.082052 30.349707 30.574841 30.847847 31.074318 31.352716 31.580505 31.864281 32.093311 32.382389 32.612526 32.906761 33.137810 33.437004 33.668705 33.972595 34.204632 34.512882 34.744881 35.057102 35.288628 35.604359 35.834919 36.153637 36.382690 36.703812 36.930767 37.253651 37.477867 37.801823 38.022610 38.346897 38.563534 38.887352 39.099087 39.421608 39.627647 39.948002 40.147545 40.464832 40.657055 40.970345 41.154408 41.462765 41.637833 41.940296 42.105534 42.401142 42.555729 42.843525 42.986652 43.265686 43.396568 43.665909 43.783791 44.042526 44.146694 44.393944 44.483730 44.718651 44.793423 45.015221 45.074413 45.282333 45.325447 45.518795 45.545380 45.723526 45.733215 45.895588 45.888081 46.034184 46.009258 46.138668 46.096188 46.208549 46.148449 46.243500 46.165798 46.243355 46.148155 46.208107 46.095592 46.137920 46.008362 46.033115 45.886856 45.894180 45.731636 45.721752 45.543423 45.516624 45.323074 45.279728 45.071583 45.012127 44.790081 44.715019 44.479820 44.389713 44.142155 44.037621 43.778542 43.660252 43.390530 43.259186 42.979725 42.836086 42.547810 42.392647 42.096508 41.930618 41.627567 41.451775 41.142765 40.957893 40.643871 40.450756 40.132660 39.932121 39.610870 39.403725 39.080212 38.867252 38.542339 38.324348 37.998863 37.776588 37.451309 37.225460 36.901123 36.672371 36.349670 36.118645 35.798206 35.565495 35.247887 35.014023 34.699760 34.465218 34.154755 33.919952 33.613678 33.378983 33.077213 32.842930 32.545929 32.312309 32.020264 31.787491 31.500538 31.268736 30.986944 30.756180 30.479563 30.249847 29.978357 29.749649 29.483191 29.255394 28.993814 28.766783 28.509890 28.283438 28.030991 27.804890 27.556612 27.330595 27.086180 26.859949 26.619057 26.392286 26.154562 25.926905 25.691969 25.463064 25.230528 25.000000 
