25.000000 25.000000 25.000000 25.000000 25.000000 25.000000 25.000000 25.000000 25.000000 25.000000 25.000000 25.000000 25.000000 25.000000 25.000000 25.000000 25.000000 25.000000 25.000000 25.000000 25.000000 25.000000 25.000000 25.000000 25.000000 25.000000 25.000000 25.000000 25.000000 25.000000 25.000000 25.000000 25.000000 25.000000 25.000000 25.000000 25.000000 25.000000 25.000000 25.000000 25.000000 25.000000 25.000000 25.000000 25.000000 25.000000 25.000000 25.000000 25.000000 25.000000 25.000000 25.000000 25.000000 25.000000 25.000000 25.000000 25.000000 25.000000 25.000000 25.000000 25.000000 25.000000 25.000000 25.000000 25.000000 25.000000 25.000000 25.000000 25.000000 25.000000 25.000000 25.000000 25.000000 25.000000 25.000000 25.000000 25.000000 25.000000 25.000000 25.000000 25.000000 25.000000 25.000000 25.000000 25.000000 25.000000 25.000000 25.000000 25.000000 25.000000 25.000000 25.000000 25.000000 25.000000 25.000000 25.000000 25.000000 25.000000 25.000000 25.000000 25.000000 25.000000 25.000000 25.000000 25.000000 25.000000 25.000000 25.000000 25.000000 25.000000 25.000000 25.000000 25.000000 25.000000 25.000000 25.000000 25.000000 25.000000 25.000000 25.000000 25.000000 25.000000 25.000000 25.000000 25.000000 25.000000 25.000000 25.000000 25.000000 25.000000 25.000000 25.000000 25.000000 25.000000 25.000000 25.000000 25.000000 25.000000 25.000000 25.000000 25.000000 25.000000 25.000000 25.000000 25.000000 25.000000 25.000000 25.000000 25.000000 25.000000 25.000000 25.000000 25.000000 25.000000 25.000000 25.000000 25.000000 25.000000 25.000000 25.000000 25.000000 25.000000 25.000000 25.000000 25.000000 25.000000 25.000000 25.000000 25.000000 25.000000 25.000000 25.000000 25.000000 25.000000 25.000000 25.000000 25.000000 25.000000 25.000000 25.000000 25.000000 25.000000 25.000000 25.000000 25.000000 25.000000 25.000000 25.000000 25.000000 25.000000 25.000000 25.000000 25.000000 25.000000 25.000000 25.000000 25.000000 25.000000 25.000000 25.000000 
25.000000 25.000011 25.000027 25.000040 25.000057 25.000074 25.000093 25.000114 25.000139 25.000164 25.000195 25.000227 25.000267 25.000307 25.000357 25.000410 25.000473 25.000538 25.000620 25.000702 25.000803 25.000908 25.001036 25.001163 25.001322 25.001478 25.001675 25.001867 25.002106 25.002342 25.002632 25.002914 25.003265 25.003605 25.004025 25.004427 25.004925 25.005400 25.005985 25.006540 25.007229 25.007870 25.008671 25.009405 25.010332 25.011168 25.012232 25.013172 25.014387 25.015438 25.016815 25.017975 25.019524 25.020796 25.022526 25.023907 25.025824 25.027311 25.029417 25.031002 25.033302 25.034975 25.037466 25.039209 25.041887 25.043684 25.046539 25.048372 25.051392 25.053232 25.056402 25.058224 25.061522 25.063295 25.066698 25.068394 25.071873 25.073456 25.076979 25.078421 25.081953 25.083218 25.086727 25.087780 25.091228 25.092041 25.095388 25.095934 25.099146 25.099401 25.102438 25.102385 25.105211 25.104832 25.107418 25.106707 25.109024 25.107977 25.109999 25.108616 25.110325 25.108616 25.109999 25.107977 25.109024 25.106707 25.107418 25.104832 25.105211 25.102385 25.102438 25.099401 25.099146 25.095934 25.095388 25.092041 25.091228 25.087780 25.086727 25.083218 25.081953 25.078421 25.076979 25.073456 25.071873 25.068394 25.066698 25.063295 25.061522 25.058224 25.056402 25.053232 25.051392 25.048372 25.046539 25.043684 25.041887 25.039209 25.037466 25.034975 25.033302 25.031002 25.029417 25.027311 25.025824 25.023907 25.022526 25.020796 25.019524 25.017975 25.016815 25.015438 25.014387 25.013172 25.012232 25.011168 25.010332 25.009405 25.008671 25.007870 25.007229 25.006540 25.005985 25.005400 25.004925 25.004427 25.004025 25.003605 25.003265 25.002914 25.002632 25.002342 25.002106 25.001867 25.001675 25.001478 25.001320 25.001163 25.001034 25.000908 25.000803 25.000702 25.000618 25.000538 25.000471 25.000408 25.000355 25.000305 25.000263 25.000225 25.000193 25.000160 25.000134 25.000109 25.000088 25.000067 25.000048 25.000031 25.000015 25.000000 
25.000000 25.000027 25.000053 25.000084 25.000114 25.000151 25.000189 25.000233 25.000278 25.000336 25.000393 25.000463 25.000536 25.000626 25.000719 25.000832 25.000950 25.001095 25.001245 25.001427 25.001616 25.001844 25.002077 25.002365 25.002653 25.003006 25.003361 25.003798 25.004229 25.004759 25.005281 25.005926 25.006552 25.007326 25.008072 25.008995 25.009878 25.010971 25.012007 25.013292 25.014496 25.015997 25.017382 25.019123 25.020704 25.022713 25.024500 25.026800 25.028805 25.031418 25.033648 25.036596 25.039049 25.042356 25.045033 25.048710 25.051605 25.055662 25.058764 25.063210 25.066496 25.071329 25.074778 25.079992 25.083569 25.089151 25.092817 25.098745 25.102455 25.108702 25.112404 25.118929 25.122564 25.129326 25.132833 25.139778 25.143095 25.150160 25.153219 25.160341 25.163078 25.170185 25.172531 25.179552 25.181444 25.188303 25.189682 25.196301 25.197119 25.203421 25.203634 25.209549 25.209120 25.214581 25.213488 25.218433 25.216663 25.221039 25.218592 25.222353 25.219236 25.222353 25.218592 25.221039 25.216663 25.218433 25.213488 25.214581 25.209120 25.209549 25.203634 25.203421 25.197119 25.196301 25.189682 25.188303 25.181444 25.179552 25.172531 25.170185 25.163078 25.160341 25.153219 25.150160 25.143095 25.139778 25.132833 25.129326 25.122564 25.118929 25.112404 25.108702 25.102455 25.098745 25.092817 25.089151 25.083569 25.079992 25.074778 25.071329 25.066496 25.063210 25.058764 25.055662 25.051605 25.048710 25.045033 25.042356 25.039049 25.036596 25.033648 25.031418 25.028805 25.026800 25.024500 25.022713 25.020704 25.019123 25.017382 25.015997 25.014496 25.013292 25.012007 25.010971 25.009878 25.008995 25.008072 25.007326 25.006552 25.005926 25.005281 25.004759 25.004229 25.003798 25.003361 25.003006 25.002653 25.002363 25.002077 25.001842 25.001614 25.001425 25.001244 25.001093 25.000948 25.000830 25.000715 25.000620 25.000530 25.000458 25.000385 25.000328 25.000271 25.000223 25.000177 25.000137 25.000097 25.000063 25.000031 25.000000 
25.000000 25.000040 25.000084 25.000128 25.000179 25.000231 25.000292 25.000355 25.000431 25.000507 25.000605 25.000702 25.000824 25.000950 25.001102 25.001265 25.001459 25.001663 25.001911 25.002165 25.002478 25.002796 25.003189 25.003584 25.004070 25.004557 25.005157 25.005753 25.006487 25.007210 25.008102 25.008974 25.010052 25.011093 25.012383 25.013618 25.015152 25.016607 25.018415 25.020115 25.022232 25.024200 25.026663 25.028917 25.031769 25.034330 25.037605 25.040487 25.044224 25.047443 25.051676 25.055237 25.059994 25.063898 25.069208 25.073452 25.079332 25.083899 25.090366 25.095230 25.102287 25.107418 25.115061 25.120413 25.128626 25.134144 25.142900 25.148523 25.157784 25.163433 25.173149 25.178743 25.188850 25.194300 25.204725 25.209934 25.220591 25.225458 25.236250 25.240677 25.251499 25.255384 25.266130 25.269373 25.279928 25.282436 25.292683 25.294374 25.304199 25.305000 25.314289 25.314142 25.322788 25.321650 25.329556 25.327394 25.334475 25.331282 25.337460 25.333241 25.338461 25.333241 25.337460 25.331282 25.334475 25.327394 25.329556 25.321650 25.322788 25.314142 25.314289 25.305000 25.304199 25.294374 25.292683 25.282436 25.279928 25.269373 25.266130 25.255384 25.251499 25.240677 25.236250 25.225458 25.220591 25.209934 25.204725 25.194300 25.188850 25.178743 25.173149 25.163433 25.157784 25.148523 25.142900 25.134144 25.128626 25.120413 25.115061 25.107418 25.102287 25.095230 25.090366 25.083899 25.079332 25.073452 25.069208 25.063898 25.059994 25.055237 25.051676 25.047443 25.044224 25.040487 25.037605 25.034330 25.031769 25.028917 25.026663 25.024200 25.022232 25.020115 25.018415 25.016607 25.015152 25.013618 25.012383 25.011093 25.010052 25.008974 25.008102 25.007210 25.006487 25.005753 25.005156 25.004557 25.004068 25.003584 25.003187 25.002796 25.002476 25.002163 25.001907 25.001659 25.001455 25.001259 25.001099 25.000944 25.000816 25.000694 25.000595 25.000496 25.000416 25.000340 25.000273 25.000208 25.000153 25.000097 25.000048 25.000000 
25.000000 25.000057 25.000114 25.000179 25.000244 25.000319 25.000397 25.000488 25.000586 25.000700 25.000820 25.000967 25.001120 25.001305 25.001499 25.001736 25.001982 25.002283 25.002592 25.002972 25.003363 25.003839 25.004322 25.004919 25.005518 25.006254 25.006989 25.007895 25.008789 25.009893 25.010975 25.012312 25.013611 25.015219 25.016764 25.018681 25.020508 25.022778 25.024921 25.027588 25.030079 25.033192 25.036058 25.039671 25.042942 25.047106 25.050806 25.055573 25.059721 25.065136 25.069748 25.075857 25.080935 25.087776 25.093321 25.100927 25.106922 25.115314 25.121733 25.130926 25.137732 25.147720 25.154861 25.165636 25.173042 25.184572 25.192163 25.204409 25.212090 25.224985 25.232653 25.246122 25.253654 25.267607 25.274878 25.289202 25.296080 25.310652 25.316999 25.331682 25.337362 25.352015 25.356890 25.371357 25.375299 25.389427 25.392315 25.405943 25.407671 25.420645 25.421124 25.433294 25.432455 25.443684 25.441473 25.451635 25.448029 25.457014 25.452007 25.459728 25.453341 25.459728 25.452007 25.457014 25.448029 25.451635 25.441473 25.443684 25.432455 25.433294 25.421124 25.420645 25.407671 25.405943 25.392315 25.389427 25.375299 25.371357 25.356890 25.352015 25.337362 25.331682 25.316999 25.310652 25.296080 25.289202 25.274878 25.267607 25.253654 25.246122 25.232653 25.224985 25.212090 25.204409 25.192163 25.184572 25.173042 25.165636 25.154861 25.147720 25.137732 25.130926 25.121733 25.115314 25.106922 25.100927 25.093321 25.087776 25.080935 25.075857 25.069748 25.065136 25.059721 25.055573 25.050806 25.047106 25.042942 25.039671 25.036058 25.033192 25.030079 25.027588 25.024921 25.022778 25.020508 25.018681 25.016764 25.015219 25.013611 25.012312 25.010975 25.009893 25.008789 25.007895 25.006989 25.006252 25.005518 25.004917 25.004322 25.003838 25.003359 25.002970 25.002590 25.002277 25.001978 25.001730 25.001493 25.001297 25.001110 25.000956 25.000807 25.000685 25.000566 25.000467 25.000372 25.000288 25.000208 25.000137 25.000067 25.000000 
25.000000 25.000074 25.000151 25.000231 25.000319 25.000410 25.000517 25.000629 25.000761 25.000898 25.001066 25.001240 25.001451 25.001673 25.001944 25.002224 25.002567 25.002924 25.003357 25.003805 25.004353 25.004911 25.005596 25.006290 25.007141 25.007996 25.009045 25.010088 25.011374 25.012638 25.014200 25.015724 25.017609 25.019428 25.021685 25.023844 25.026524 25.029068 25.032227 25.035194 25.038895 25.042326 25.046635 25.050566 25.055546 25.060013 25.065733 25.070763 25.077284 25.082899 25.090281 25.096493 25.104788 25.111601 25.120855 25.128256 25.138502 25.146467 25.157728 25.166216 25.178499 25.187450 25.200747 25.210087 25.224369 25.234001 25.249222 25.259033 25.275127 25.284990 25.301868 25.311640 25.329191 25.338713 25.356808 25.365913 25.384403 25.392918 25.411638 25.419388 25.438156 25.444963 25.463593 25.469288 25.487577 25.492002 25.509748 25.512758 25.529764 25.531229 25.547300 25.547121 25.562071 25.560169 25.573830 25.570154 25.582376 25.576908 25.587564 25.580315 25.589304 25.580315 25.587564 25.576908 25.582376 25.570154 25.573830 25.560169 25.562071 25.547121 25.547300 25.531229 25.529764 25.512758 25.509748 25.492002 25.487577 25.469288 25.463593 25.444963 25.438156 25.419388 25.411638 25.392918 25.384403 25.365913 25.356808 25.338713 25.329191 25.311640 25.301868 25.284990 25.275127 25.259033 25.249222 25.234001 25.224369 25.210087 25.200747 25.187450 25.178499 25.166216 25.157728 25.146467 25.138502 25.128256 25.120855 25.111601 25.104788 25.096493 25.090281 25.082899 25.077284 25.070763 25.065733 25.060013 25.055546 25.050566 25.046635 25.042326 25.038895 25.035194 25.032227 25.029068 25.026524 25.023844 25.021685 25.019428 25.017609 25.015724 25.014200 25.012638 25.011374 25.010088 25.009043 25.007994 25.007141 25.006289 25.005596 25.004910 25.004349 25.003801 25.003353 25.002918 25.002562 25.002218 25.001934 25.001663 25.001438 25.001225 25.001049 25.000879 25.000736 25.000601 25.000483 25.000372 25.000273 25.000177 25.000088 25.000000 
25.000000 25.000093 25.000189 25.000292 25.000397 25.000517 25.000643 25.000790 25.000944 25.001127 25.001320 25.001553 25.001797 25.002094 25.002405 25.002783 25.003176 25.003656 25.004150 25.004757 25.005379 25.006140 25.006912 25.007860 25.008816 25.009989 25.011160 25.012602 25.014029 25.015785 25.017509 25.019636 25.021704 25.024260 25.026720 25.029768 25.032677 25.036282 25.039690 25.043926 25.047882 25.052830 25.057383 25.063122 25.068316 25.074928 25.080801 25.088366 25.094950 25.103540 25.110859 25.120544 25.128605 25.139448 25.148247 25.160294 25.169807 25.183094 25.193281 25.207827 25.218628 25.234426 25.245758 25.262791 25.274548 25.292767 25.304819 25.324156 25.336355 25.356712 25.368889 25.390144 25.402113 25.424118 25.435680 25.458260 25.469204 25.492167 25.502277 25.525406 25.534464 25.557533 25.565325 25.588093 25.594416 25.616634 25.621300 25.642721 25.645559 25.665941 25.666811 25.685919 25.684708 25.702324 25.698954 25.714880 25.709305 25.723372 25.715590 25.727655 25.717695 25.727655 25.715590 25.723372 25.709305 25.714880 25.698954 25.702324 25.684708 25.685919 25.666811 25.665941 25.645559 25.642721 25.621300 25.616634 25.594416 25.588093 25.565325 25.557533 25.534464 25.525406 25.502277 25.492167 25.469204 25.458260 25.435680 25.424118 25.402113 25.390144 25.368889 25.356712 25.336355 25.324156 25.304819 25.292767 25.274548 25.262791 25.245758 25.234426 25.218628 25.207827 25.193281 25.183094 25.169807 25.160294 25.148247 25.139448 25.128605 25.120544 25.110859 25.103540 25.094950 25.088366 25.080801 25.074928 25.068316 25.063122 25.057383 25.052830 25.047882 25.043926 25.039690 25.036282 25.032677 25.029768 25.026720 25.024260 25.021704 25.019636 25.017508 25.015785 25.014027 25.012600 25.011158 25.009987 25.008814 25.007858 25.006910 25.006136 25.005373 25.004753 25.004145 25.003649 25.003168 25.002773 25.002396 25.002081 25.001783 25.001534 25.001299 25.001101 25.000914 25.000753 25.000601 25.000467 25.000340 25.000223 25.000109 25.000000 
25.000000 25.000114 25.000233 25.000355 25.000488 25.000629 25.000790 25.000957 25.001156 25.001366 25.001617 25.001881 25.002199 25.002533 25.002941 25.003365 25.003883 25.004417 25.005074 25.005747 25.006571 25.007412 25.008442 25.009485 25.010765 25.012047 25.013624 25.015192 25.017122 25.019024 25.021368 25.023657 25.026484 25.029217 25.032598 25.035841 25.039856 25.043671 25.048403 25.052851 25.058395 25.063534 25.069986 25.075872 25.083330 25.090017 25.098576 25.106102 25.115854 25.124256 25.135288 25.144585 25.156975 25.167170 25.180983 25.192057 25.207342 25.219261 25.236052 25.248751 25.267056 25.280449 25.300253 25.314226 25.335487 25.349903 25.372549 25.387238 25.411169 25.425938 25.451023 25.465658 25.491732 25.506002 25.532869 25.546526 25.573963 25.586748 25.614513 25.626163 25.653988 25.664244 25.691841 25.700451 25.727531 25.734257 25.760517 25.765144 25.790291 25.792629 25.816376 25.816271 25.838343 25.835684 25.855829 25.850536 25.868540 25.860584 25.876253 25.865650 25.878839 25.865650 25.876253 25.860584 25.868540 25.850536 25.855829 25.835684 25.838343 25.816271 25.816376 25.792629 25.790291 25.765144 25.760517 25.734257 25.727531 25.700451 25.691841 25.664244 25.653988 25.626163 25.614513 25.586748 25.573963 25.546526 25.532869 25.506002 25.491732 25.465658 25.451023 25.425938 25.411169 25.387238 25.372549 25.349903 25.335487 25.314226 25.300253 25.280449 25.267056 25.248751 25.236052 25.219261 25.207342 25.192057 25.180983 25.167170 25.156975 25.144585 25.135288 25.124256 25.115854 25.106102 25.098576 25.090017 25.083330 25.075872 25.069986 25.063534 25.058395 25.052851 25.048403 25.043671 25.039856 25.035841 25.032598 25.029217 25.026484 25.023657 25.021368 25.019024 25.017122 25.015192 25.013624 25.012047 25.010763 25.009483 25.008440 25.007408 25.006567 25.005741 25.005066 25.004410 25.003872 25.003355 25.002928 25.002520 25.002180 25.001860 25.001589 25.001335 25.001118 25.000914 25.000736 25.000566 25.000416 25.000271 25.000134 25.000000 
25.000000 25.000139 25.000278 25.000431 25.000586 25.000761 25.000944 25.001156 25.001379 25.001648 25.001928 25.002266 25.002621 25.003052 25.003502 25.004051 25.004620 25.005316 25.006035 25.006912 25.007811 25.008913 25.010031 25.011402 25.012783 25.014479 25.016172 25.018255 25.020317 25.022854 25.025345 25.028414 25.031399 25.035086 25.038637 25.043030 25.047224 25.052420 25.057331 25.063435 25.069134 25.076260 25.082813 25.091076 25.098551 25.108065 25.116516 25.127390 25.136866 25.149208 25.159737 25.173643 25.185240 25.200796 25.213453 25.230726 25.244411 25.263449 25.278105 25.298931 25.314468 25.337080 25.353380 25.377743 25.394655 25.420700 25.438042 25.465666 25.483225 25.512289 25.529823 25.560152 25.577396 25.608776 25.625446 25.657627 25.673424 25.706127 25.720739 25.753662 25.766781 25.799597 25.810913 25.843281 25.852507 25.884071 25.890938 25.921349 25.925613 25.954523 25.955984 25.983063 25.981560 26.006496 26.001913 26.024429 26.016703 26.036558 26.025681 26.042675 26.028690 26.042675 26.025681 26.036558 26.016703 26.024429 26.001913 26.006496 25.981560 25.983063 25.955984 25.954523 25.925613 25.921349 25.890938 25.884071 25.852507 25.843281 25.810913 25.799597 25.766781 25.753662 25.720739 25.706127 25.673424 25.657627 25.625446 25.608776 25.577396 25.560152 25.529823 25.512289 25.483225 25.465666 25.438042 25.420700 25.394655 25.377743 25.353380 25.337080 25.314468 25.298931 25.278105 25.263449 25.244411 25.230726 25.213453 25.200796 25.185240 25.173643 25.159737 25.149208 25.136866 25.127390 25.116516 25.108065 25.098551 25.091076 25.082813 25.076260 25.069134 25.063435 25.057331 25.052420 25.047224 25.043030 25.038637 25.035086 25.031399 25.028414 25.025343 25.022854 25.020315 25.018253 25.016172 25.014479 25.012781 25.011398 25.010027 25.008907 25.007805 25.006905 25.006025 25.005306 25.004608 25.004038 25.003487 25.003033 25.002600 25.002239 25.001898 25.001608 25.001337 25.001102 25.000881 25.000687 25.000498 25.000328 25.000160 25.000000 
25.000000 25.000164 25.000336 25.000507 25.000700 25.000898 25.001127 25.001366 25.001648 25.001942 25.002298 25.002670 25.003122 25.003593 25.004169 25.004768 25.005499 25.006254 25.007177 25.008127 25.009289 25.010471 25.011925 25.013391 25.015192 25.016998 25.019215 25.021421 25.024134 25.026808 25.030098 25.033316 25.037281 25.041122 25.045864 25.050417 25.056046 25.061394 25.068029 25.074263 25.082033 25.089230 25.098267 25.106510 25.116947 25.126308 25.138277 25.148815 25.162443 25.174204 25.189610 25.202620 25.219910 25.234175 25.253435 25.268932 25.290230 25.306908 25.330286 25.348057 25.373528 25.392269 25.419807 25.439363 25.468908 25.489084 25.520535 25.541098 25.574310 25.594994 25.629784 25.650293 25.686430 25.706440 25.743652 25.762821 25.800800 25.818768 25.857172 25.873575 25.912037 25.926514 25.964636 25.976837 26.014215 26.023811 26.060032 26.066725 26.101379 26.104906 26.137596 26.137743 26.168097 26.164701 26.192371 26.185329 26.210012 26.199278 26.220718 26.206312 26.224308 26.206312 26.220718 26.199278 26.210012 26.185329 26.192371 26.164701 26.168097 26.137743 26.137596 26.104906 26.101379 26.066725 26.060032 26.023811 26.014215 25.976837 25.964636 25.926514 25.912037 25.873575 25.857172 25.818768 25.800800 25.762821 25.743652 25.706440 25.686430 25.650293 25.629784 25.594994 25.574310 25.541098 25.520535 25.489084 25.468908 25.439363 25.419807 25.392269 25.373528 25.348057 25.330286 25.306908 25.290230 25.268932 25.253435 25.234175 25.219910 25.202620 25.189610 25.174204 25.162443 25.148815 25.138277 25.126308 25.116947 25.106510 25.098267 25.089230 25.082033 25.074263 25.068029 25.061394 25.056046 25.050417 25.045864 25.041121 25.037281 25.033314 25.030098 25.026806 25.024132 25.021420 25.019215 25.016996 25.015190 25.013390 25.011919 25.010468 25.009281 25.008120 25.007168 25.006243 25.005486 25.004751 25.004152 25.003572 25.003096 25.002640 25.002260 25.001900 25.001593 25.001303 25.001053 25.000811 25.000597 25.000389 25.000193 25.000000 
25.000000 25.000195 25.000393 25.000605 25.000820 25.001066 25.001320 25.001617 25.001928 25.002298 25.002687 25.003157 25.003647 25.004246 25.004868 25.005627 25.006414 25.007380 25.008369 25.009584 25.010826 25.012346 25.013891 25.015783 25.017689 25.020027 25.022364 25.025232 25.028076 25.031570 25.035002 25.039225 25.043337 25.048405 25.053295 25.059332 25.065100 25.072239 25.078985 25.087372 25.095196 25.104979 25.113976 25.125309 25.135569 25.148607 25.160206 25.175097 25.188097 25.204987 25.219429 25.238447 25.254351 25.275606 25.292963 25.316547 25.335314 25.361288 25.381384 25.409775 25.431082 25.461885 25.484240 25.517403 25.540600 25.576027 25.599817 25.637369 25.661465 25.700945 25.725021 25.766188 25.789881 25.832443 25.855366 25.898987 25.920731 25.965031 25.985178 26.029743 26.047871 26.092257 26.107950 26.151691 26.164557 26.207180 26.216850 26.257877 26.264025 26.302990 26.305338 26.341791 26.340120 26.373648 26.367800 26.398024 26.387911 26.414511 26.400118 26.422825 26.404209 26.422825 26.400118 26.414511 26.387911 26.398024 26.367800 26.373648 26.340120 26.341791 26.305338 26.302990 26.264025 26.257877 26.216850 26.207180 26.164557 26.151691 26.107950 26.092257 26.047871 26.029743 25.985178 25.965031 25.920731 25.898987 25.855366 25.832443 25.789881 25.766188 25.725021 25.700945 25.661465 25.637369 25.599817 25.576027 25.540600 25.517403 25.484240 25.461885 25.431082 25.409775 25.381384 25.361288 25.335314 25.316547 25.292963 25.275606 25.254351 25.238447 25.219429 25.204987 25.188097 25.175097 25.160206 25.148607 25.135569 25.125309 25.113976 25.104979 25.095196 25.087372 25.078985 25.072239 25.065100 25.059332 25.053295 25.048405 25.043337 25.039225 25.035000 25.031569 25.028074 25.025232 25.022364 25.020027 25.017687 25.015779 25.013887 25.012341 25.010820 25.009575 25.008360 25.007366 25.006399 25.005611 25.004845 25.004219 25.003616 25.003119 25.002644 25.002245 25.001865 25.001541 25.001232 25.000961 25.000700 25.000460 25.000227 25.000000 
25.000000 25.000227 25.000463 25.000702 25.000967 25.001240 25.001553 25.001881 25.002266 25.002670 25.003157 25.003664 25.004282 25.004925 25.005711 25.006525 25.007523 25.008551 25.009811 25.011103 25.012684 25.014296 25.016270 25.018265 25.020710 25.023167 25.026176 25.029175 25.032854 25.036484 25.040947 25.045313 25.050684 25.055895 25.062315 25.068485 25.076103 25.083347 25.092323 25.100758 25.111263 25.121000 25.133207 25.144356 25.158445 25.171099 25.187243 25.201487 25.219852 25.235744 25.256491 25.274069 25.297333 25.316603 25.342499 25.363428 25.392044 25.414566 25.445950 25.469948 25.504112 25.529425 25.566334 25.592749 25.632317 25.659573 25.701662 25.729448 25.773863 25.801826 25.848312 25.876055 25.924305 25.951393 26.001043 26.027016 26.077652 26.102036 26.153200 26.175505 26.226700 26.246445 26.297148 26.313864 26.363535 26.376781 26.424870 26.434248 26.480207 26.485367 26.528675 26.529325 26.569483 26.565407 26.601959 26.593012 26.625557 26.611681 26.639879 26.621094 26.644682 26.621094 26.639879 26.611681 26.625557 26.593012 26.601959 26.565407 26.569483 26.529325 26.528675 26.485367 26.480207 26.434248 26.424870 26.376781 26.363535 26.313864 26.297148 26.246445 26.226700 26.175505 26.153200 26.102036 26.077652 26.027016 26.001043 25.951393 25.924305 25.876055 25.848312 25.801826 25.773863 25.729448 25.701662 25.659573 25.632317 25.592749 25.566334 25.529425 25.504112 25.469948 25.445950 25.414566 25.392044 25.363428 25.342499 25.316603 25.297333 25.274069 25.256491 25.235744 25.219852 25.201487 25.187243 25.171099 25.158445 25.144356 25.133207 25.121000 25.111263 25.100758 25.092323 25.083347 25.076103 25.068485 25.062315 25.055895 25.050684 25.045313 25.040945 25.036484 25.032852 25.029173 25.026175 25.023163 25.020708 25.018261 25.016264 25.014288 25.012676 25.011093 25.009798 25.008537 25.007505 25.006504 25.005686 25.004894 25.004246 25.003622 25.003103 25.002609 25.002192 25.001793 25.001448 25.001118 25.000822 25.000536 25.000267 25.000000 
25.000000 25.000267 25.000536 25.000824 25.001120 25.001451 25.001797 25.002199 25.002621 25.003122 25.003647 25.004282 25.004944 25.005753 25.006590 25.007616 25.008677 25.009974 25.011311 25.012943 25.014614 25.016659 25.018736 25.021278 25.023842 25.026979 25.030119 25.033968 25.037785 25.042467 25.047071 25.052729 25.058243 25.065025 25.071579 25.079653 25.087378 25.096922 25.105951 25.117155 25.127619 25.140682 25.152708 25.167831 25.181540 25.198923 25.214417 25.234253 25.251614 25.274094 25.293377 25.318666 25.339899 25.368139 25.391310 25.422617 25.447664 25.482117 25.508936 25.546566 25.575001 25.615791 25.645626 25.689508 25.720472 25.767313 25.799078 25.848684 25.880869 25.932983 25.965155 26.019453 26.051136 26.107231 26.137913 26.195354 26.224497 26.282787 26.309835 26.368427 26.392824 26.451130 26.472330 26.529739 26.547222 26.603111 26.616390 26.670130 26.678776 26.729753 26.733398 26.781031 26.779379 26.823120 26.815966 26.855326 26.842546 26.877106 26.858679 26.888088 26.864086 26.888088 26.858679 26.877106 26.842546 26.855326 26.815966 26.823120 26.779379 26.781031 26.733398 26.729753 26.678776 26.670130 26.616390 26.603111 26.547222 26.529739 26.472330 26.451130 26.392824 26.368427 26.309835 26.282787 26.224497 26.195354 26.137913 26.107231 26.051136 26.019453 25.965155 25.932983 25.880869 25.848684 25.799078 25.767313 25.720472 25.689508 25.645626 25.615791 25.575001 25.546566 25.508936 25.482117 25.447664 25.422617 25.391310 25.368139 25.339899 25.318666 25.293377 25.274094 25.251614 25.234253 25.214417 25.198923 25.181540 25.167831 25.152708 25.140682 25.127619 25.117155 25.105951 25.096922 25.087378 25.079653 25.071579 25.065025 25.058243 25.052727 25.047070 25.042465 25.037781 25.033964 25.030117 25.026978 25.023836 25.021275 25.018730 25.016653 25.014605 25.012932 25.011295 25.009958 25.008656 25.007593 25.006561 25.005716 25.004902 25.004230 25.003586 25.003050 25.002533 25.002096 25.001677 25.001308 25.000952 25.000628 25.000309 25.000000 
25.000000 25.000307 25.000626 25.000950 25.001305 25.001673 25.002094 25.002533 25.003052 25.003593 25.004246 25.004925 25.005753 25.006611 25.007662 25.008751 25.010080 25.011454 25.013132 25.014856 25.016964 25.019112 25.021740 25.024399 25.027655 25.030924 25.034925 25.038914 25.043800 25.048630 25.054550 25.060354 25.067480 25.074400 25.082909 25.091097 25.101187 25.110794 25.122675 25.133854 25.147751 25.160648 25.176786 25.191545 25.210155 25.226904 25.248209 25.267054 25.291271 25.312294 25.339624 25.362871 25.393490 25.418970 25.453024 25.480698 25.518295 25.548067 25.589268 25.620991 25.665804 25.699263 25.747635 25.782557 25.834370 25.870409 25.925478 25.962229 26.020292 26.057291 26.118013 26.154743 26.217714 26.253609 26.318354 26.352810 26.418785 26.451181 26.517786 26.547485 26.614075 26.640446 26.706333 26.728765 26.793249 26.811167 26.873529 26.886412 26.945946 26.953331 27.009357 27.010866 27.062740 27.058084 27.105219 27.094206 27.136084 27.118631 27.154814 27.130949 27.161093 27.130949 27.154814 27.118631 27.136084 27.094206 27.105219 27.058084 27.062740 27.010866 27.009357 26.953331 26.945946 26.886412 26.873529 26.811167 26.793249 26.728765 26.706333 26.640446 26.614075 26.547485 26.517786 26.451181 26.418785 26.352810 26.318354 26.253609 26.217714 26.154743 26.118013 26.057291 26.020292 25.962229 25.925478 25.870409 25.834370 25.782557 25.747635 25.699263 25.665804 25.620991 25.589268 25.548067 25.518295 25.480698 25.453024 25.418970 25.393490 25.362871 25.339624 25.312294 25.291271 25.267054 25.248209 25.226904 25.210155 25.191545 25.176786 25.160648 25.147751 25.133854 25.122675 25.110794 25.101185 25.091097 25.082907 25.074400 25.067478 25.060352 25.054548 25.048626 25.043797 25.038910 25.034922 25.030918 25.027649 25.024393 25.021732 25.019102 25.016954 25.014843 25.013117 25.011435 25.010057 25.008722 25.007627 25.006571 25.005703 25.004866 25.004173 25.003510 25.002951 25.002415 25.001951 25.001507 25.001110 25.000723 25.000360 25.000000 
25.000000 25.000357 25.000719 25.001102 25.001499 25.001944 25.002405 25.002941 25.003502 25.004169 25.004868 25.005711 25.006590 25.007662 25.008774 25.010132 25.011539 25.013256 25.015026 25.017187 25.019400 25.022102 25.024849 25.028206 25.031593 25.035736 25.039883 25.044956 25.049995 25.056164 25.062239 25.069685 25.076956 25.085880 25.094513 25.105127 25.115295 25.127834 25.139711 25.154421 25.168179 25.185316 25.201120 25.220943 25.238951 25.261717 25.282061 25.308020 25.330807 25.360195 25.385504 25.418533 25.446394 25.483246 25.513641 25.554459 25.587313 25.632191 25.667366 25.716341 25.753632 25.806675 25.845802 25.902815 25.943430 26.004234 26.045908 26.110249 26.152489 26.220022 26.262266 26.332567 26.374203 26.446764 26.487123 26.561365 26.599751 26.675022 26.710716 26.786306 26.818588 26.893740 26.921900 26.995825 27.019184 27.091076 27.109013 27.178061 27.190014 27.255432 27.260921 27.321957 27.320602 27.376556 27.368080 27.418329 27.402573 27.446575 27.423504 27.460819 27.430521 27.460819 27.423504 27.446575 27.402573 27.418329 27.368080 27.376556 27.320602 27.321957 27.260921 27.255432 27.190014 27.178061 27.109013 27.091076 27.019184 26.995825 26.921900 26.893740 26.818588 26.786306 26.710716 26.675022 26.599751 26.561365 26.487123 26.446764 26.374203 26.332567 26.262266 26.220022 26.152489 26.110249 26.045908 26.004234 25.943430 25.902815 25.845802 25.806675 25.753632 25.716341 25.667366 25.632191 25.587313 25.554459 25.513641 25.483246 25.446394 25.418533 25.385504 25.360195 25.330807 25.308020 25.282061 25.261717 25.238951 25.220943 25.201120 25.185316 25.168179 25.154421 25.139711 25.127834 25.115295 25.105125 25.094513 25.085878 25.076956 25.069683 25.062237 25.056162 25.049992 25.044952 25.039879 25.035732 25.031588 25.028200 25.024839 25.022093 25.019386 25.017172 25.015005 25.013235 25.011511 25.010101 25.008734 25.007614 25.006533 25.005642 25.004786 25.004070 25.003384 25.002802 25.002241 25.001751 25.001274 25.000841 25.000414 25.000000 
25.000000 25.000410 25.000832 25.001265 25.001736 25.002224 25.002783 25.003365 25.004051 25.004768 25.005627 25.006525 25.007616 25.008751 25.010132 25.011566 25.013319 25.015125 25.017334 25.019600 25.022369 25.025194 25.028643 25.032137 25.036406 25.040697 25.045942 25.051174 25.057571 25.063902 25.071651 25.079254 25.088570 25.097630 25.108747 25.119457 25.132631 25.145189 25.160692 25.175297 25.193411 25.210255 25.231274 25.250538 25.274755 25.296606 25.324308 25.348886 25.380344 25.407755 25.443224 25.473528 25.513227 25.546434 25.590548 25.626606 25.675264 25.714052 25.767326 25.808651 25.866545 25.910131 25.972567 26.018059 26.084877 26.131836 26.202785 26.250689 26.325428 26.373676 26.451769 26.499691 26.580606 26.627480 26.710596 26.755648 26.840267 26.882690 26.968039 27.007017 27.092262 27.126986 27.211250 27.240929 27.323311 27.347204 27.426788 27.444223 27.520105 27.530491 27.601801 27.604647 27.670567 27.665497 27.725275 27.712040 27.765022 27.743509 27.789143 27.759378 27.797228 27.759378 27.789143 27.743509 27.765022 27.712040 27.725275 27.665497 27.670567 27.604647 27.601801 27.530491 27.520105 27.444223 27.426788 27.347204 27.323311 27.240929 27.211250 27.126986 27.092262 27.007017 26.968039 26.882690 26.840267 26.755648 26.710596 26.627480 26.580606 26.499691 26.451769 26.373676 26.325428 26.250689 26.202785 26.131836 26.084877 26.018059 25.972567 25.910131 25.866545 25.808651 25.767326 25.714052 25.675264 25.626606 25.590548 25.546434 25.513227 25.473528 25.443224 25.407755 25.380344 25.348886 25.324308 25.296606 25.274755 25.250538 25.231274 25.210255 25.193411 25.175297 25.160690 25.145189 25.132629 25.119457 25.108746 25.097630 25.088568 25.079252 25.071650 25.063900 25.057570 25.051170 25.045938 25.040689 25.036400 25.032127 25.028635 25.025181 25.022356 25.019583 25.017313 25.015099 25.013287 25.011528 25.010086 25.008694 25.007547 25.006445 25.005531 25.004654 25.003916 25.003204 25.002594 25.002003 25.001476 25.000961 25.000479 25.000000 
25.000000 25.000473 25.000950 25.001459 25.001982 25.002567 25.003176 25.003883 25.004620 25.005499 25.006414 25.007523 25.008677 25.010080 25.011539 25.013319 25.015158 25.017406 25.019720 25.022547 25.025438 25.028967 25.032557 25.036938 25.041361 25.046761 25.052172 25.058779 25.065348 25.073380 25.081293 25.090981 25.100447 25.112043 25.123276 25.137060 25.150280 25.166552 25.181982 25.201056 25.218922 25.241121 25.261637 25.287292 25.310656 25.340094 25.366480 25.400017 25.429562 25.467493 25.500296 25.542887 25.578987 25.626463 25.665840 25.718374 25.760929 25.818636 25.864193 25.927109 25.975403 26.043482 26.094156 26.167261 26.219868 26.297764 26.351755 26.434103 26.488848 26.575203 26.629982 26.719795 26.773821 26.866438 26.918861 27.013535 27.063463 27.159357 27.205872 27.302080 27.344257 27.439812 27.476749 27.570644 27.601473 27.692682 27.716602 27.804100 27.820395 27.903179 27.911232 27.988352 27.987675 28.058245 28.048479 28.111712 28.092648 28.147861 28.119448 28.166090 28.128431 28.166090 28.119448 28.147861 28.092648 28.111712 28.048479 28.058245 27.987675 27.988352 27.911232 27.903179 27.820395 27.804100 27.716602 27.692682 27.601473 27.570644 27.476749 27.439812 27.344257 27.302080 27.205872 27.159357 27.063463 27.013535 26.918861 26.866438 26.773821 26.719795 26.629982 26.575203 26.488848 26.434103 26.351755 26.297764 26.219868 26.167261 26.094156 26.043482 25.975403 25.927109 25.864193 25.818636 25.760929 25.718374 25.665840 25.626463 25.578987 25.542887 25.500296 25.467493 25.429562 25.400017 25.366480 25.340094 25.310656 25.287292 25.261637 25.241121 25.218922 25.201054 25.181982 25.166550 25.150280 25.137058 25.123274 25.112041 25.100445 25.090979 25.081291 25.073378 25.065344 25.058777 25.052164 25.046755 25.041351 25.036930 25.032545 25.028955 25.025421 25.022526 25.019695 25.017376 25.015121 25.013273 25.011484 25.010015 25.008598 25.007429 25.006304 25.005365 25.004465 25.003698 25.002958 25.002312 25.001684 25.001110 25.000546 25.000000 
25.000000 25.000538 25.001095 25.001663 25.002283 25.002924 25.003656 25.004417 25.005316 25.006254 25.007380 25.008551 25.009974 25.011454 25.013256 25.015125 25.017406 25.019760 25.022635 25.025583 25.029182 25.032854 25.037334 25.041874 25.047415 25.052986 25.059788 25.066576 25.074865 25.083075 25.093107 25.102959 25.115007 25.126740 25.141108 25.154966 25.171980 25.188219 25.208221 25.227095 25.250452 25.272207 25.299282 25.324154 25.355320 25.383520 25.419136 25.450844 25.491251 25.526600 25.572117 25.611185 25.662081 25.704882 25.761381 25.807846 25.870110 25.920086 25.988188 26.041430 26.115364 26.171518 26.251181 26.309793 26.394966 26.455479 26.545834 26.607578 26.702669 26.764885 26.864149 26.925985 27.028740 27.089272 27.194725 27.252970 27.360226 27.415159 27.523233 27.573820 27.681656 27.726860 27.833344 27.872168 27.976152 28.007654 28.107988 28.131306 28.226847 28.241230 28.330881 28.335701 28.418430 28.413206 28.488075 28.472483 28.538668 28.512558 28.569368 28.532764 28.579659 28.532764 28.569368 28.512558 28.538668 28.472483 28.488075 28.413206 28.418430 28.335701 28.330881 28.241230 28.226847 28.131306 28.107988 28.007654 27.976152 27.872168 27.833344 27.726860 27.681656 27.573820 27.523233 27.415159 27.360226 27.252970 27.194725 27.089272 27.028740 26.925985 26.864149 26.764885 26.702669 26.607578 26.545834 26.455479 26.394966 26.309793 26.251181 26.171518 26.115364 26.041430 25.988188 25.920086 25.870110 25.807846 25.761381 25.704882 25.662081 25.611185 25.572117 25.526600 25.491251 25.450844 25.419136 25.383520 25.355320 25.324154 25.299282 25.272205 25.250452 25.227095 25.208221 25.188219 25.171978 25.154966 25.141106 25.126738 25.115005 25.102955 25.093105 25.083071 25.074863 25.066570 25.059784 25.052979 25.047407 25.041862 25.037323 25.032837 25.029163 25.025558 25.022606 25.019724 25.017365 25.015074 25.013195 25.011379 25.009884 25.008444 25.007250 25.006102 25.005136 25.004206 25.003407 25.002632 25.001940 25.001263 25.000629 25.000000 
25.000000 25.000620 25.001245 25.001911 25.002592 25.003357 25.004150 25.005074 25.006035 25.007177 25.008369 25.009811 25.011311 25.013132 25.015026 25.017334 25.019720 25.022635 25.025631 25.029289 25.033031 25.037600 25.042240 25.047905 25.053621 25.060596 25.067585 25.076113 25.084593 25.094944 25.105158 25.117632 25.129839 25.144760 25.159233 25.176958 25.193977 25.214884 25.234739 25.259224 25.282200 25.310673 25.337044 25.369917 25.399933 25.437618 25.471504 25.514395 25.552324 25.600790 25.642887 25.697252 25.743568 25.804110 25.854616 25.921545 25.976118 26.049561 26.107977 26.187971 26.249893 26.336369 26.401342 26.494116 26.561571 26.660330 26.729578 26.833879 26.904116 27.013390 27.083706 27.197245 27.266644 27.383615 27.451021 27.570475 27.634756 27.755630 27.815630 27.936775 27.991325 28.111521 28.159475 28.277452 28.317717 28.432182 28.463741 28.573406 28.595350 28.698959 28.710506 28.806870 28.807394 28.895405 28.884451 28.963123 28.940420 29.008905 28.974377 29.031990 28.985760 29.031990 28.974377 29.008905 28.940420 28.963123 28.884451 28.895405 28.807394 28.806870 28.710506 28.698959 28.595350 28.573406 28.463741 28.432182 28.317717 28.277452 28.159475 28.111521 27.991325 27.936775 27.815630 27.755630 27.634756 27.570475 27.451021 27.383615 27.266644 27.197245 27.083706 27.013390 26.904116 26.833879 26.729578 26.660330 26.561571 26.494116 26.401342 26.336369 26.249893 26.187971 26.107977 26.049561 25.976118 25.921545 25.854616 25.804110 25.743568 25.697252 25.642887 25.600790 25.552324 25.514395 25.471504 25.437618 25.399933 25.369917 25.337042 25.310673 25.282200 25.259224 25.234739 25.214882 25.193977 25.176956 25.159231 25.144758 25.129837 25.117630 25.105154 25.094942 25.084587 25.076107 25.067577 25.060589 25.053612 25.047894 25.042225 25.037582 25.033009 25.029263 25.025597 25.022593 25.019670 25.017273 25.014954 25.013046 25.011206 25.009686 25.008223 25.007002 25.005827 25.004829 25.003866 25.003023 25.002203 25.001451 25.000713 25.000000 
