25.000000 25.000000 25.000000 25.000000 25.000000 25.000000 25.000000 25.000000 25.000000 25.000000 25.000000 25.000000 25.000000 25.000000 25.000000 25.000000 25.000000 25.000000 25.000000 25.000000 25.000000 25.000000 25.000000 25.000000 25.000000 25.000000 25.000000 25.000000 25.000000 25.000000 25.000000 25.000000 25.000000 25.000000 25.000000 25.000000 25.000000 25.000000 25.000000 25.000000 25.000000 25.000000 25.000000 25.000000 25.000000 25.000000 25.000000 25.000000 25.000000 25.000000 25.000000 25.000000 25.000000 25.000000 25.000000 25.000000 25.000000 25.000000 25.000000 25.000000 25.000000 25.000000 25.000000 25.000000 25.000000 25.000000 25.000000 25.000000 25.000000 25.000000 25.000000 25.000000 25.000000 25.000000 25.000000 25.000000 25.000000 25.000000 25.000000 25.000000 25.000000 25.000000 25.000000 25.000000 25.000000 25.000000 25.000000 25.000000 25.000000 25.000000 25.000000 25.000000 25.000000 25.000000 25.000000 25.000000 25.000000 25.000000 25.000000 25.000000 25.000000 25.000000 25.000000 25.000000 25.000000 25.000000 25.000000 25.000000 25.000000 25.000000 25.000000 25.000000 25.000000 25.000000 25.000000 25.000000 25.000000 25.000000 25.000000 25.000000 25.000000 25.000000 25.000000 25.000000 25.000000 25.000000 25.000000 25.000000 25.000000 25.000000 25.000000 25.000000 25.000000 25.000000 25.000000 25.000000 25.000000 25.000000 25.000000 25.000000 25.000000 25.000000 25.000000 25.000000 25.000000 25.000000 25.000000 25.000000 25.000000 25.000000 25.000000 25.000000 25.000000 25.000000 25.000000 25.000000 25.000000 25.000000 25.000000 25.000000 25.000000 25.000000 25.000000 25.000000 25.000000 25.000000 25.000000 25.000000 25.000000 25.000000 25.000000 25.000000 25.000000 25.000000 25.000000 25.000000 25.000000 25.000000 25.000000 25.000000 25.000000 25.000000 25.000000 25.000000 25.000000 25.000000 25.000000 25.000000 25.000000 25.000000 25.000000 25.000000 25.000000 25.000000 25.000000 25.000000 25.000000 25.000000 25.000000 25.000000 
25.000000 25.000835 25.001682 25.002529 25.003408 25.004288 25.005222 25.006151 25.007162 25.008162 25.009275 25.010366 25.011604 25.012808 25.014196 25.015532 25.017096 25.018585 25.020350 25.022013 25.024004 25.025864 25.028109 25.030186 25.032711 25.035023 25.037855 25.040424 25.043592 25.046434 25.049963 25.053095 25.057011 25.060448 25.064774 25.068529 25.073288 25.077372 25.082582 25.087000 25.092680 25.097435 25.103598 25.108688 25.115343 25.120766 25.127918 25.133659 25.141310 25.147354 25.155499 25.161823 25.170448 25.177027 25.186117 25.192915 25.202446 25.209423 25.219366 25.226477 25.236792 25.243988 25.254633 25.261856 25.272779 25.279970 25.291117 25.298208 25.309515 25.316439 25.327839 25.334524 25.345945 25.352320 25.363688 25.369677 25.380911 25.386444 25.397467 25.402470 25.413198 25.417606 25.427959 25.431705 25.441607 25.444632 25.454002 25.456251 25.465021 25.466450 25.474550 25.475119 25.482489 25.482168 25.488754 25.487522 25.493279 25.491125 25.496014 25.492937 25.496927 25.492937 25.496014 25.491125 25.493279 25.487522 25.488754 25.482168 25.482489 25.475119 25.474550 25.466450 25.465021 25.456251 25.454002 25.444632 25.441607 25.431705 25.427959 25.417606 25.413198 25.402470 25.397467 25.386444 25.380911 25.369677 25.363688 25.352320 25.345945 25.334524 25.327839 25.316439 25.309515 25.298208 25.291117 25.279970 25.272779 25.261856 25.254633 25.243988 25.236792 25.226477 25.219364 25.209423 25.202444 25.192913 25.186115 25.177025 25.170446 25.161821 25.155495 25.147352 25.141306 25.133656 25.127913 25.120760 25.115337 25.108681 25.103588 25.097425 25.092667 25.086987 25.082565 25.077354 25.073267 25.068506 25.064749 25.060419 25.056978 25.053057 25.049921 25.046387 25.043539 25.040363 25.037788 25.034946 25.032625 25.030090 25.028004 25.025745 25.023872 25.021866 25.020185 25.018404 25.016893 25.015310 25.013948 25.012535 25.011303 25.010035 25.008907 25.007759 25.006716 25.005663 25.004684 25.003702 25.002766 25.001829 25.000914 25.000000 
25.000000 25.001682 25.003365 25.005091 25.006819 25.008631 25.010439 25.012386 25.014315 25.016441 25.018532 25.020885 25.023180 25.025812 25.028351 25.031307 25.034134 25.037468 25.040623 25.044384 25.047913 25.052156 25.056097 25.060877 25.065271 25.070641 25.075529 25.081543 25.086964 25.093676 25.099661 25.107124 25.113708 25.121969 25.129179 25.138285 25.146143 25.156137 25.164661 25.175581 25.184778 25.196653 25.206528 25.219381 25.229925 25.243773 25.254969 25.269817 25.281639 25.297480 25.309889 25.326710 25.339657 25.357428 25.370850 25.389530 25.403355 25.422890 25.437031 25.457352 25.471714 25.492743 25.507217 25.528856 25.543327 25.565470 25.579809 25.602339 25.616411 25.639194 25.652863 25.675762 25.688877 25.711744 25.724163 25.746843 25.758417 25.780750 25.791336 25.813162 25.822618 25.843773 25.851969 25.872292 25.879099 25.898436 25.903742 25.921944 25.925648 25.942572 25.944590 25.960110 25.960373 25.974371 25.972826 25.985205 25.981817 25.992491 25.987253 25.996155 25.989071 25.996155 25.987253 25.992491 25.981817 25.985205 25.972826 25.974371 25.960373 25.960110 25.944590 25.942572 25.925648 25.921944 25.903742 25.898436 25.879099 25.872292 25.851969 25.843773 25.822618 25.813162 25.791336 25.780750 25.758417 25.746843 25.724163 25.711744 25.688877 25.675760 25.652863 25.639194 25.616411 25.602337 25.579809 25.565470 25.543327 25.528854 25.507217 25.492741 25.471714 25.457350 25.437031 25.422886 25.403353 25.389524 25.370846 25.357422 25.339653 25.326704 25.309885 25.297472 25.281631 25.269806 25.254959 25.243761 25.229912 25.219364 25.206511 25.196630 25.184755 25.175552 25.164629 25.156101 25.146103 25.138239 25.129126 25.121910 25.113640 25.107048 25.099575 25.093580 25.086855 25.081423 25.075394 25.070490 25.065100 25.060686 25.055883 25.051920 25.047647 25.044090 25.040295 25.037102 25.033731 25.030859 25.027857 25.025261 25.022575 25.020216 25.017796 25.015627 25.013424 25.011404 25.009365 25.007452 25.005531 25.003681 25.001829 25.000000 
25.000000 25.002529 25.005091 25.007654 25.010315 25.012970 25.015799 25.018606 25.021669 25.024689 25.028061 25.031357 25.035107 25.038740 25.042946 25.046980 25.051714 25.056213 25.061554 25.066582 25.072609 25.078228 25.085022 25.091293 25.098938 25.105923 25.114496 25.122255 25.131842 25.140427 25.151104 25.160568 25.172411 25.182800 25.195883 25.207233 25.221621 25.233963 25.249718 25.263071 25.280245 25.294617 25.313248 25.328636 25.348755 25.365143 25.386765 25.404116 25.427242 25.445511 25.470123 25.489243 25.515310 25.535194 25.562664 25.583214 25.612015 25.633108 25.663147 25.684647 25.715813 25.737566 25.769726 25.791563 25.824564 25.846302 25.879974 25.901413 25.935568 25.956503 25.990936 26.011150 26.045649 26.064924 26.099257 26.117371 26.151299 26.168034 26.201317 26.216455 26.248852 26.262188 26.293449 26.304789 26.334679 26.343840 26.372129 26.378950 26.405420 26.409761 26.434210 26.435955 26.458195 26.457254 26.477125 26.473431 26.490791 26.484314 26.499052 26.489784 26.501816 26.489784 26.499052 26.484314 26.490791 26.473431 26.477125 26.457254 26.458195 26.435955 26.434210 26.409761 26.405420 26.378950 26.372129 26.343840 26.334679 26.304789 26.293449 26.262188 26.248852 26.216455 26.201317 26.168034 26.151299 26.117371 26.099257 26.064924 26.045649 26.011150 25.990936 25.956501 25.935566 25.901411 25.879972 25.846300 25.824562 25.791563 25.769724 25.737566 25.715809 25.684647 25.663143 25.633106 25.612009 25.583210 25.562658 25.535189 25.515303 25.489235 25.470114 25.445501 25.427229 25.404102 25.386747 25.365124 25.348734 25.328613 25.313219 25.294586 25.280207 25.263029 25.249672 25.233910 25.221561 25.207165 25.195805 25.182711 25.172312 25.160454 25.150974 25.140284 25.131678 25.122072 25.114292 25.105694 25.098680 25.091007 25.084702 25.077869 25.072210 25.066137 25.061060 25.055664 25.051104 25.046307 25.042196 25.037916 25.034191 25.030350 25.026947 25.023468 25.020321 25.017130 25.014174 25.011196 25.008368 25.005531 25.002766 25.000000 
25.000000 25.003408 25.006819 25.010315 25.013807 25.017483 25.021139 25.025085 25.028984 25.033297 25.037525 25.042297 25.046936 25.052269 25.057404 25.063396 25.069111 25.075867 25.082247 25.089870 25.097002 25.105600 25.113567 25.123251 25.132135 25.143013 25.152897 25.165077 25.176035 25.189625 25.201731 25.216837 25.230152 25.246872 25.261454 25.279882 25.295778 25.316002 25.333242 25.355333 25.373940 25.397963 25.417936 25.443935 25.465265 25.493273 25.515923 25.545948 25.569864 25.601898 25.627003 25.661011 25.687202 25.723131 25.750284 25.788048 25.816017 25.855503 25.884117 25.925190 25.954248 25.996746 26.026035 26.069765 26.099047 26.143791 26.172806 26.218327 26.246805 26.292837 26.320498 26.366760 26.393309 26.439499 26.464642 26.510450 26.533888 26.578991 26.600431 26.644505 26.663666 26.706379 26.722992 26.764021 26.777830 26.816864 26.827642 26.864376 26.871920 26.906073 26.910206 26.941517 26.942104 26.970341 26.967276 26.992235 26.985451 27.006962 26.996435 27.014366 27.000109 27.014366 26.996435 27.006962 26.985451 26.992235 26.967276 26.970341 26.942104 26.941517 26.910206 26.906073 26.871920 26.864376 26.827642 26.816864 26.777830 26.764021 26.722992 26.706379 26.663666 26.644505 26.600431 26.578991 26.533888 26.510450 26.464642 26.439499 26.393309 26.366758 26.320498 26.292837 26.246805 26.218325 26.172804 26.143789 26.099045 26.069763 26.026035 25.996744 25.954247 25.925186 25.884113 25.855499 25.816013 25.788040 25.750278 25.723122 25.687195 25.660999 25.626989 25.601883 25.569847 25.545929 25.515900 25.493248 25.465237 25.443903 25.417900 25.397917 25.373890 25.355278 25.333178 25.315929 25.295698 25.279791 25.261349 25.246752 25.230017 25.216682 25.201559 25.189430 25.175817 25.164829 25.152620 25.142704 25.131790 25.122864 25.113136 25.105120 25.096466 25.089272 25.081583 25.075127 25.068293 25.062487 25.056400 25.051155 25.045712 25.040941 25.036034 25.031651 25.027180 25.023098 25.018963 25.015093 25.011198 25.007454 25.003704 25.000000 
25.000000 25.004288 25.008631 25.012970 25.017483 25.021976 25.026772 25.031523 25.036720 25.041830 25.047550 25.053123 25.059486 25.065632 25.072763 25.079588 25.087616 25.095224 25.104280 25.112783 25.123001 25.132505 25.144018 25.154629 25.167578 25.179396 25.193920 25.207047 25.223280 25.237806 25.255886 25.271900 25.291950 25.309528 25.331673 25.350878 25.375231 25.396114 25.422777 25.445372 25.474428 25.498747 25.530268 25.556307 25.590340 25.618069 25.654638 25.684004 25.723112 25.754026 25.795647 25.827999 25.872072 25.905724 25.952164 25.986937 26.035622 26.071320 26.122089 26.158480 26.211147 26.247967 26.302309 26.339273 26.395031 26.431828 26.488712 26.525007 26.582703 26.618147 26.676310 26.710539 26.768799 26.801447 26.859419 26.890108 26.947392 26.975750 27.031937 27.057602 27.112280 27.134903 27.187660 27.206909 27.257343 27.272915 27.320639 27.332262 27.376904 27.384338 27.425560 27.428608 27.466095 27.464605 27.498085 27.491945 27.521183 27.510338 27.535143 27.519585 27.539812 27.519585 27.535143 27.510338 27.521183 27.491945 27.498085 27.464605 27.466095 27.428608 27.425560 27.384338 27.376904 27.332262 27.320639 27.272915 27.257343 27.206909 27.187660 27.134903 27.112280 27.057602 27.031937 26.975750 26.947392 26.890108 26.859419 26.801447 26.768799 26.710539 26.676308 26.618147 26.582703 26.525005 26.488712 26.431826 26.395029 26.339272 26.302307 26.247965 26.211143 26.158476 26.122086 26.071314 26.035614 25.986931 25.952154 25.905714 25.872061 25.827986 25.795630 25.754007 25.723091 25.683977 25.654612 25.618036 25.590303 25.556265 25.530220 25.498692 25.474365 25.445299 25.422695 25.396023 25.375128 25.350761 25.331539 25.309378 25.291779 25.271708 25.255667 25.237562 25.223003 25.206738 25.193573 25.179007 25.167143 25.154140 25.143475 25.131897 25.122322 25.112030 25.103441 25.094296 25.086580 25.078445 25.071493 25.064232 25.057934 25.051418 25.045662 25.039759 25.034435 25.029020 25.024019 25.018969 25.014179 25.009371 25.004688 25.000000 
25.000000 25.005222 25.010439 25.015799 25.021139 25.026772 25.032362 25.038412 25.044373 25.050983 25.057446 25.064760 25.071850 25.080023 25.087868 25.097050 25.105783 25.116131 25.125881 25.137556 25.148457 25.161621 25.173796 25.188618 25.202198 25.218843 25.233950 25.252586 25.269335 25.290125 25.308628 25.331730 25.352085 25.377653 25.399942 25.428118 25.452415 25.483328 25.509682 25.543446 25.571886 25.608595 25.639128 25.678852 25.711454 25.754242 25.788864 25.834726 25.871284 25.920208 25.958582 26.010515 26.050554 26.105408 26.146919 26.204567 26.247324 26.307596 26.351339 26.414024 26.458452 26.523302 26.568085 26.634804 26.679579 26.747837 26.792212 26.861643 26.905201 26.975405 27.017717 27.088259 27.128881 27.199305 27.237783 27.307611 27.343496 27.412237 27.445082 27.512238 27.541607 27.606680 27.632162 27.694658 27.715868 27.775309 27.791897 27.847820 27.859478 27.911455 27.917915 27.965551 27.966599 28.009539 28.005014 28.042948 28.032753 28.065426 28.049517 28.076725 28.055124 28.076725 28.049517 28.065426 28.032753 28.042948 28.005014 28.009539 27.966599 27.965551 27.917915 27.911455 27.859478 27.847820 27.791897 27.775309 27.715868 27.694658 27.632162 27.606680 27.541607 27.512238 27.445082 27.412237 27.343496 27.307611 27.237783 27.199305 27.128881 27.088259 27.017717 26.975403 26.905201 26.861641 26.792210 26.747835 26.679575 26.634802 26.568081 26.523298 26.458450 26.414019 26.351334 26.307589 26.247318 26.204556 26.146910 26.105394 26.050539 26.010498 25.958563 25.920185 25.871258 25.834696 25.788830 25.754202 25.711411 25.678802 25.639069 25.608528 25.571810 25.543360 25.509583 25.483217 25.452290 25.427975 25.399780 25.377468 25.351877 25.331495 25.308365 25.289827 25.269001 25.252209 25.233530 25.218370 25.201670 25.188026 25.173136 25.160881 25.147635 25.136639 25.124865 25.114998 25.104530 25.095655 25.086332 25.078316 25.069973 25.062681 25.055162 25.048462 25.041609 25.035366 25.029030 25.023109 25.017143 25.011414 25.005669 25.000000 
25.000000 25.006151 25.012386 25.018606 25.025085 25.031523 25.038412 25.045214 25.052679 25.059998 25.068211 25.076195 25.085329 25.094130 25.104368 25.114138 25.125658 25.136553 25.149546 25.161720 25.176376 25.189981 25.206493 25.221684 25.240250 25.257172 25.277990 25.296783 25.320047 25.340849 25.366749 25.389679 25.418400 25.443569 25.475285 25.502783 25.537653 25.567554 25.605722 25.638075 25.679663 25.714485 25.759592 25.796877 25.845572 25.885275 25.937593 25.979637 26.035576 26.079840 26.139360 26.185686 26.248707 26.296890 26.363281 26.413078 26.482666 26.533787 26.606346 26.658459 26.733719 26.786453 26.864090 26.917036 26.996683 27.049393 27.130636 27.182636 27.265024 27.315815 27.398851 27.447916 27.531078 27.577885 27.660620 27.704636 27.786373 27.827066 27.907219 27.944071 28.022055 28.054564 28.129789 28.157486 28.229380 28.251829 28.319838 28.336649 28.400246 28.411077 28.469778 28.474348 28.527706 28.525793 28.573418 28.564865 28.606424 28.591150 28.626373 28.604364 28.633047 28.604364 28.626373 28.591150 28.606424 28.564865 28.573418 28.525793 28.527706 28.474348 28.469778 28.411077 28.400246 28.336649 28.319838 28.251829 28.229380 28.157486 28.129789 28.054564 28.022055 27.944071 27.907219 27.827066 27.786373 27.704636 27.660620 27.577885 27.531076 27.447916 27.398851 27.315815 27.265022 27.182636 27.130634 27.049389 26.996679 26.917030 26.864086 26.786448 26.733713 26.658455 26.606339 26.533779 26.482656 26.413069 26.363268 26.296877 26.248688 26.185667 26.139336 26.079813 26.035543 25.979601 25.937551 25.885229 25.845520 25.796818 25.759523 25.714407 25.679573 25.637972 25.605606 25.567423 25.537504 25.502613 25.475090 25.443350 25.418154 25.389400 25.366436 25.340496 25.319651 25.296339 25.277491 25.256615 25.239624 25.220985 25.205711 25.189110 25.175400 25.160639 25.148338 25.135218 25.124170 25.112495 25.102543 25.092121 25.083101 25.073744 25.065502 25.057026 25.049400 25.041624 25.034460 25.027206 25.020344 25.013443 25.006725 25.000000 
25.000000 25.007162 25.014315 25.021669 25.028984 25.036720 25.044373 25.052679 25.060843 25.069916 25.078762 25.088804 25.098509 25.109722 25.120462 25.133057 25.145010 25.159201 25.172546 25.188553 25.203470 25.221516 25.238180 25.258490 25.277077 25.299879 25.320555 25.346079 25.369003 25.397470 25.422794 25.454422 25.482277 25.517273 25.547777 25.586334 25.619583 25.661877 25.697943 25.744127 25.783047 25.833250 25.875032 25.929348 25.973965 26.032455 26.079834 26.142521 26.192547 26.259403 26.311916 26.382872 26.437664 26.512596 26.569407 26.648140 26.706659 26.788960 26.848831 26.934412 26.995226 27.083744 27.145048 27.236103 27.297401 27.390539 27.451300 27.546019 27.605675 27.701426 27.759390 27.855581 27.911247 28.007256 28.060003 28.155182 28.204395 28.298069 28.343140 28.434631 28.474968 28.563597 28.598637 28.683729 28.712946 28.793852 28.816767 28.892860 28.909048 28.979742 28.988842 29.053598 29.055317 29.113653 29.107771 29.159266 29.145643 29.189951 29.168533 29.205378 29.176189 29.205378 29.168533 29.189951 29.145643 29.159266 29.107771 29.113653 29.055317 29.053598 28.988842 28.979742 28.909048 28.892860 28.816767 28.793852 28.712946 28.683729 28.598637 28.563597 28.474968 28.434631 28.343140 28.298069 28.204395 28.155182 28.060003 28.007256 27.911245 27.855581 27.759388 27.701424 27.605673 27.546017 27.451296 27.390537 27.297398 27.236097 27.145042 27.083738 26.995220 26.934406 26.848824 26.788950 26.706650 26.648127 26.569393 26.512579 26.437645 26.382849 26.311892 26.259371 26.192513 26.142479 26.079788 26.032402 25.973904 25.929279 25.874952 25.833158 25.782944 25.744009 25.697807 25.661726 25.619410 25.586138 25.547554 25.517021 25.481991 25.454100 25.422432 25.397062 25.368546 25.345562 25.319977 25.299231 25.276350 25.257677 25.237272 25.220501 25.202343 25.187294 25.171150 25.157646 25.143290 25.131144 25.118353 25.107380 25.095932 25.085951 25.075628 25.066456 25.057051 25.048500 25.039804 25.031694 25.023506 25.015656 25.007774 25.000000 
25.000000 25.008162 25.016441 25.024689 25.033297 25.041830 25.050983 25.059998 25.069916 25.079613 25.090521 25.101099 25.113230 25.124887 25.138477 25.151419 25.166710 25.181139 25.198378 25.214502 25.233940 25.251961 25.273857 25.293974 25.318588 25.340996 25.368587 25.393476 25.424301 25.451847 25.486158 25.516521 25.554560 25.587885 25.629879 25.666290 25.712450 25.752043 25.802557 25.845392 25.900421 25.946527 26.006199 26.055565 26.119967 26.172535 26.241714 26.297380 26.371332 26.429941 26.508612 26.569948 26.653227 26.717028 26.804743 26.870682 26.962599 27.030296 27.126118 27.195135 27.294500 27.364346 27.466829 27.536963 27.642078 27.711910 27.819109 27.888014 27.996696 28.064016 28.173529 28.238579 28.348232 28.410311 28.519375 28.577778 28.685499 28.739527 28.845133 28.894100 28.996813 29.040058 29.139109 29.176010 29.270641 29.300625 29.390106 29.412653 29.496294 29.510958 29.588116 29.594517 29.664612 29.662458 29.724974 29.714062 29.768559 29.748774 29.794899 29.766224 29.803711 29.766224 29.794899 29.748774 29.768559 29.714062 29.724974 29.662458 29.664612 29.594517 29.588116 29.510958 29.496294 29.412653 29.390106 29.300625 29.270641 29.176010 29.139109 29.040058 28.996813 28.894100 28.845133 28.739527 28.685499 28.577778 28.519375 28.410311 28.348230 28.238577 28.173529 28.064014 27.996695 27.888012 27.819107 27.711906 27.642075 27.536957 27.466825 27.364340 27.294495 27.195127 27.126108 27.030285 26.962585 26.870668 26.804726 26.717009 26.653204 26.569923 26.508581 26.429905 26.371292 26.297335 26.241661 26.172476 26.119898 26.055487 26.006107 25.946424 25.900303 25.845257 25.802402 25.751867 25.712252 25.666065 25.629623 25.587595 25.554234 25.516153 25.485743 25.451380 25.423775 25.392887 25.367924 25.340256 25.317755 25.293045 25.272818 25.250803 25.232645 25.213064 25.196775 25.179365 25.164734 25.149237 25.136053 25.122217 25.110270 25.097845 25.086924 25.075665 25.065561 25.055231 25.045734 25.036102 25.027002 25.017838 25.008928 25.000000 
25.000000 25.009275 25.018532 25.028061 25.037525 25.047550 25.057446 25.068211 25.078762 25.090521 25.101955 25.114965 25.127506 25.142029 25.155907 25.172216 25.187660 25.206030 25.223272 25.243984 25.263256 25.286600 25.308128 25.334396 25.358404 25.387888 25.414595 25.447588 25.477198 25.513985 25.546692 25.587551 25.623528 25.668728 25.708124 25.757910 25.800852 25.855448 25.902025 25.961630 26.011892 26.076666 26.130625 26.200689 26.258307 26.333738 26.394924 26.475746 26.540352 26.626530 26.694349 26.785789 26.856552 26.953096 27.026468 27.127884 27.203470 27.309456 27.386791 27.496979 27.575539 27.689478 27.768681 27.885859 27.965065 28.084896 28.163424 28.285257 28.362377 28.485506 28.560459 28.684124 28.756130 28.879528 28.947792 29.070086 29.133814 29.254141 29.312548 29.430035 29.482361 29.596132 29.641651 29.750845 29.788881 29.892660 29.922594 30.020155 30.041439 30.132030 30.144199 30.227129 30.229803 30.304453 30.297350 30.363182 30.346121 30.402691 30.375595 30.422550 30.385454 30.422550 30.375595 30.402691 30.346121 30.363182 30.297350 30.304453 30.229803 30.227129 30.144199 30.132030 30.041439 30.020155 29.922594 29.892660 29.788881 29.750845 29.641651 29.596132 29.482361 29.430035 29.312548 29.254141 29.133814 29.070086 28.947792 28.879528 28.756130 28.684124 28.560457 28.485504 28.362373 28.285255 28.163420 28.084894 27.965061 27.885855 27.768675 27.689472 27.575531 27.496969 27.386782 27.309444 27.203455 27.127867 27.026449 26.953074 26.856527 26.785761 26.694315 26.626492 26.540306 26.475693 26.394865 26.333670 26.258230 26.200600 26.130522 26.076548 26.011757 25.961475 25.901850 25.855249 25.800627 25.757654 25.707836 25.668400 25.623158 25.587133 25.546223 25.513454 25.476604 25.446917 25.413847 25.387045 25.357464 25.333340 25.306953 25.285284 25.261795 25.242352 25.221464 25.204012 25.185431 25.169735 25.153173 25.138994 25.124166 25.111265 25.097895 25.086037 25.073849 25.062794 25.051527 25.041039 25.030430 25.020271 25.010063 25.000000 
25.000000 25.010366 25.020885 25.031357 25.042297 25.053123 25.064760 25.076195 25.088804 25.101099 25.114965 25.128374 25.143787 25.158566 25.175829 25.192232 25.211649 25.229939 25.251822 25.272255 25.296925 25.319757 25.347538 25.373028 25.404247 25.432640 25.467623 25.499155 25.538229 25.573126 25.616602 25.655069 25.703257 25.745474 25.798658 25.844782 25.903227 25.953379 26.017321 26.071579 26.141216 26.199615 26.275108 26.337635 26.419090 26.485674 26.573149 26.643656 26.737143 26.811377 26.910803 26.988497 27.093719 27.174534 27.285336 27.368864 27.484941 27.570704 27.691683 27.779123 27.904545 27.993046 28.122370 28.211246 28.343857 28.432369 28.567572 28.654932 28.791967 28.877338 29.015385 29.097908 29.236090 29.314878 29.452276 29.526442 29.662106 29.730764 29.863722 29.926006 30.055277 30.110357 30.234968 30.282057 30.401058 30.439428 30.551901 30.580898 30.685974 30.705032 30.801903 30.810543 30.898478 30.896330 30.974682 30.961485 31.029705 31.005314 31.062958 31.027346 31.074081 31.027346 31.062958 31.005314 31.029705 30.961485 30.974682 30.896330 30.898478 30.810543 30.801903 30.705032 30.685974 30.580898 30.551901 30.439428 30.401058 30.282057 30.234968 30.110357 30.055277 29.926006 29.863722 29.730764 29.662106 29.526442 29.452276 29.314877 29.236090 29.097904 29.015385 28.877335 28.791965 28.654926 28.567570 28.432365 28.343853 28.211241 28.122364 27.993036 27.904535 27.779112 27.691671 27.570688 27.484926 27.368843 27.285313 27.174509 27.093691 26.988462 26.910765 26.811331 26.737093 26.643599 26.573080 26.485598 26.419003 26.337534 26.274992 26.199484 26.141064 26.071405 26.017124 25.953156 25.902975 25.844498 25.798332 25.745108 25.702841 25.654600 25.616074 25.572531 25.537558 25.498405 25.466778 25.431696 25.403187 25.371847 25.346214 25.318285 25.295275 25.270426 25.249781 25.227680 25.209135 25.189457 25.172745 25.155170 25.140022 25.124237 25.110388 25.096081 25.083265 25.070137 25.058088 25.045847 25.034300 25.022652 25.011341 25.000000 
25.000000 25.011604 25.023180 25.035107 25.046936 25.059486 25.071850 25.085329 25.098509 25.113230 25.127506 25.143787 25.159447 25.177616 25.194941 25.215338 25.234615 25.257584 25.279104 25.304993 25.329042 25.358212 25.385075 25.417885 25.447844 25.484659 25.517981 25.559164 25.596107 25.642014 25.682817 25.733791 25.778673 25.835043 25.884188 25.946260 25.999825 26.067877 26.125973 26.200247 26.262938 26.343630 26.410931 26.498190 26.570053 26.663969 26.740280 26.840881 26.921457 27.028698 27.113283 27.227039 27.315300 27.435371 27.526890 27.652987 27.747271 27.879017 27.975491 28.112419 28.210432 28.351986 28.450815 28.596350 28.695202 28.843988 28.942013 29.093245 29.189537 29.342331 29.435953 29.589365 29.679342 29.832376 29.917721 30.069336 30.149061 30.298187 30.371321 30.516874 30.582472 30.723366 30.780525 30.915689 30.963570 31.091967 31.129799 31.250439 31.277536 31.389486 31.405273 31.507679 31.511681 31.603777 31.595640 31.676764 31.656260 31.725863 31.692894 31.750544 31.705149 31.750544 31.692894 31.725863 31.656260 31.676764 31.595640 31.603777 31.511681 31.507679 31.405273 31.389486 31.277536 31.250439 31.129799 31.091967 30.963570 30.915689 30.780525 30.723366 30.582472 30.516874 30.371321 30.298187 30.149061 30.069336 29.917719 29.832376 29.679338 29.589365 29.435949 29.342331 29.189533 29.093243 28.942009 28.843987 28.695196 28.596344 28.450808 28.351978 28.210423 28.112408 27.975477 27.879002 27.747252 27.652966 27.526865 27.435343 27.315266 27.227003 27.113239 27.028648 26.921400 26.840815 26.740206 26.663881 26.569954 26.498077 26.410803 26.343481 26.262770 26.200052 26.125755 26.067629 25.999544 25.945940 25.883827 25.834631 25.778210 25.733267 25.682228 25.641348 25.595362 25.558323 25.517042 25.483603 25.446665 25.416561 25.383602 25.356560 25.327209 25.302944 25.276836 25.255054 25.231823 25.212231 25.191515 25.173815 25.155264 25.139156 25.122423 25.107613 25.092358 25.078548 25.064444 25.051336 25.038059 25.025360 25.012585 25.000000 
25.000000 25.012808 25.025812 25.038740 25.052269 25.065632 25.080023 25.094130 25.109722 25.124887 25.142029 25.158566 25.177616 25.195839 25.217165 25.237391 25.261370 25.283916 25.310934 25.336121 25.366568 25.394711 25.428988 25.460400 25.498903 25.533892 25.577024 25.615881 25.664040 25.707037 25.760607 25.808001 25.867355 25.919369 25.984858 26.041679 26.113626 26.175406 26.254095 26.320930 26.406605 26.478540 26.571390 26.648407 26.748562 26.830574 26.938097 27.024940 27.139824 27.231255 27.353401 27.449097 27.578327 27.677872 27.813913 27.916803 28.059284 28.164934 28.313387 28.421116 28.574976 28.684025 28.842623 28.952154 29.114733 29.223839 29.389547 29.497255 29.665157 29.770451 29.939539 30.041357 30.210554 30.307816 30.475996 30.567608 30.733604 30.818483 30.981106 31.058187 31.216236 31.284504 31.436789 31.495274 31.640629 31.688440 31.825748 31.862082 31.990276 32.014431 32.132530 32.143921 32.251034 32.249203 32.344532 32.329159 32.412045 32.382946 32.452843 32.409985 32.466492 32.409985 32.452843 32.382946 32.412045 32.329159 32.344532 32.249203 32.251034 32.143921 32.132530 32.014431 31.990276 31.862082 31.825748 31.688440 31.640629 31.495274 31.436789 31.284504 31.216236 31.058187 30.981106 30.818483 30.733604 30.567608 30.475996 30.307814 30.210554 30.041353 29.939539 29.770447 29.665157 29.497252 29.389545 29.223833 29.114729 28.952147 28.842615 28.684013 28.574963 28.421103 28.313372 28.164915 28.059263 27.916779 27.813885 27.677839 27.578291 27.449055 27.353354 27.231199 27.139759 27.024868 26.938013 26.830479 26.748451 26.648281 26.571245 26.478376 26.406416 26.320717 26.253851 26.175129 26.113312 26.041325 25.984455 25.918913 25.866840 25.807421 25.759951 25.706301 25.663208 25.614950 25.575977 25.532722 25.497591 25.458937 25.427345 25.392887 25.364527 25.333858 25.308409 25.281124 25.258259 25.233957 25.213350 25.191637 25.172958 25.153448 25.136368 25.118683 25.102873 25.086641 25.071774 25.056637 25.042381 25.027983 25.014013 25.000000 
25.000000 25.014196 25.028351 25.042946 25.057404 25.072763 25.087868 25.104368 25.120462 25.138477 25.155907 25.175829 25.194941 25.217165 25.238310 25.263247 25.286774 25.314844 25.341103 25.372732 25.402075 25.437698 25.470470 25.510529 25.547071 25.592005 25.632647 25.682892 25.727947 25.783937 25.833698 25.895847 25.950577 26.019283 26.079208 26.154842 26.220152 26.303045 26.373877 26.464319 26.540751 26.638981 26.721025 26.827217 26.914822 27.029079 27.122105 27.244459 27.342684 27.473072 27.576183 27.714455 27.822048 27.967951 28.079521 28.232700 28.347649 28.507639 28.625271 28.791502 28.911024 29.082819 29.203352 29.379923 29.500507 29.680967 29.800570 29.983934 30.101460 30.286657 30.400967 30.586849 30.696758 30.882114 30.986429 31.169998 31.267519 31.448004 31.537548 31.713634 31.794056 31.964430 32.034637 32.197998 32.256966 32.412067 32.458858 32.604496 32.638287 32.773335 32.793411 32.916840 32.922626 33.033516 33.024578 33.122124 33.098190 33.181732 33.142673 33.211697 33.157555 33.211697 33.142673 33.181732 33.098190 33.122124 33.024578 33.033516 32.922626 32.916840 32.793411 32.773335 32.638287 32.604496 32.458858 32.412067 32.256966 32.197998 32.034637 31.964430 31.794056 31.713634 31.537548 31.448004 31.267519 31.169998 30.986427 30.882114 30.696754 30.586847 30.400963 30.286657 30.101456 29.983931 29.800564 29.680962 29.500500 29.379915 29.203342 29.082808 28.911011 28.791487 28.625252 28.507620 28.347626 28.232674 28.079491 27.967915 27.822008 27.714409 27.576130 27.473011 27.342613 27.244377 27.122013 27.028973 26.914700 26.827076 26.720867 26.638796 26.540543 26.464081 26.373608 26.302740 26.219805 26.154449 26.078764 26.018780 25.950008 25.895205 25.832975 25.783121 25.727034 25.681860 25.631495 25.590708 25.545626 25.508905 25.468664 25.435677 25.399828 25.370224 25.338324 25.311747 25.283352 25.259439 25.234114 25.212507 25.189819 25.170155 25.149685 25.131599 25.112934 25.096066 25.078806 25.062790 25.046541 25.031019 25.015390 25.000000 
25.000000 25.015532 25.031307 25.046980 25.063396 25.079588 25.097050 25.114138 25.133057 25.151419 25.172216 25.192232 25.215338 25.237391 25.263247 25.287722 25.316782 25.344063 25.376793 25.407263 25.444134 25.478178 25.519670 25.557665 25.604259 25.646572 25.698751 25.745737 25.803976 25.855965 25.920727 25.978025 26.049757 26.112635 26.191753 26.260441 26.347332 26.422009 26.517012 26.597794 26.701199 26.788139 26.900167 26.993248 27.114052 27.213165 27.342815 27.447767 27.586246 27.696743 27.843933 27.959583 28.115257 28.235565 28.399391 28.523750 28.695278 28.822979 29.001638 29.131868 29.316975 29.448818 29.639565 29.772013 29.967482 30.099443 30.298609 30.428917 30.630650 30.758081 30.961163 31.084444 31.287582 31.405409 31.607248 31.718311 31.917448 32.020439 32.215446 32.309086 32.498524 32.581585 32.764023 32.835346 33.009388 33.067898 33.232201 33.276928 33.430218 33.460316 33.601418 33.616180 33.744026 33.742897 33.856544 33.839134 33.937782 33.903866 33.986877 33.936409 34.003300 33.936409 33.986877 33.903866 33.937782 33.839134 33.856544 33.742897 33.744026 33.616180 33.601418 33.460316 33.430218 33.276928 33.232201 33.067898 33.009388 32.835346 32.764023 32.581585 32.498524 32.309086 32.215446 32.020439 31.917448 31.718309 31.607248 31.405407 31.287580 31.084440 30.961161 30.758078 30.630646 30.428913 30.298603 30.099438 29.967476 29.772003 29.639555 29.448805 29.316961 29.131851 29.001621 28.822956 28.695253 28.523722 28.399359 28.235527 28.115213 27.959532 27.843874 27.696676 27.586168 27.447680 27.342712 27.213049 27.113916 26.993095 26.899990 26.787939 26.700966 26.597534 26.516714 26.421671 26.346951 26.260008 26.191263 26.112080 26.049129 25.977320 25.919930 25.855068 25.802963 25.744606 25.697479 25.645151 25.602663 25.555885 25.517675 25.475960 25.441654 25.404512 25.373724 25.340668 25.313004 25.283550 25.258614 25.232288 25.209681 25.186020 25.165340 25.143888 25.124743 25.105051 25.087040 25.068674 25.051399 25.033930 25.016994 25.000000 
25.000000 25.017096 25.034134 25.051714 25.069111 25.087616 25.105783 25.125658 25.145010 25.166710 25.187660 25.211649 25.234615 25.261370 25.286774 25.316782 25.345045 25.378807 25.410349 25.448380 25.483618 25.526436 25.565788 25.613918 25.657793 25.711761 25.760553 25.820881 25.874964 25.942165 26.001890 26.076460 26.142141 26.224550 26.296465 26.387150 26.465519 26.564875 26.649862 26.758232 26.849934 26.967596 27.066029 27.193184 27.298281 27.435053 27.546650 27.693062 27.810898 27.966871 28.090570 28.255920 28.384998 28.559416 28.693272 28.876326 29.014242 29.205374 29.346521 29.545042 29.688477 29.893572 30.038244 30.248966 30.393732 30.609020 30.752642 30.971317 31.112492 31.333273 31.470636 31.692150 31.824293 32.045094 32.170589 32.389172 32.506592 32.721405 32.829338 33.038818 33.135891 33.338474 33.423378 33.617523 33.689041 33.873257 33.930264 34.103119 34.144630 34.304790 34.329952 34.476196 34.484310 34.615543 34.606098 34.721375 34.694027 34.792561 34.747166 34.828346 34.764938 34.828346 34.747166 34.792561 34.694027 34.721375 34.606098 34.615543 34.484310 34.476196 34.329952 34.304790 34.144630 34.103119 33.930264 33.873257 33.689041 33.617523 33.423378 33.338474 33.135891 33.038818 32.829334 32.721405 32.506588 32.389172 32.170589 32.045094 31.824291 31.692148 31.470631 31.333269 31.112488 30.971313 30.752636 30.609013 30.393724 30.248959 30.038233 29.893559 29.688463 29.545025 29.346500 29.205351 29.014215 28.876293 28.693235 28.559374 28.384951 28.255865 28.090508 27.966797 27.810814 27.692963 27.546539 27.434921 27.298136 27.193014 27.065836 26.967373 26.849684 26.757944 26.649538 26.564505 26.465099 26.386673 26.295925 26.223942 26.141455 26.075684 26.001017 25.941179 25.873859 25.819635 25.759161 25.710197 25.656048 25.611961 25.563608 25.523994 25.480907 25.445353 25.406996 25.375072 25.340916 25.312191 25.281713 25.255754 25.228441 25.204807 25.180159 25.158417 25.135939 25.115654 25.094864 25.075600 25.056028 25.037348 25.018528 25.000000 
25.000000 25.018585 25.037468 25.056213 25.075867 25.095224 25.116131 25.136553 25.159201 25.181139 25.206030 25.229939 25.257584 25.283916 25.314844 25.344063 25.378807 25.411373 25.450487 25.486855 25.530903 25.571529 25.621080 25.666414 25.722038 25.772520 25.834785 25.890835 25.960306 26.022318 26.099545 26.167881 26.253389 26.328375 26.422653 26.504560 26.608065 26.697105 26.810234 26.906549 27.029638 27.133291 27.266602 27.377567 27.521271 27.639425 27.793600 27.918713 28.083328 28.215050 28.389961 28.527826 28.712759 28.856178 29.050728 29.198988 29.402611 29.554867 29.766884 29.922173 30.141762 30.298996 30.525196 30.683184 30.914900 31.072342 31.308352 31.463871 31.702831 31.854973 32.095440 32.242691 32.483131 32.623951 32.862755 32.995586 33.231091 33.354385 33.584896 33.697136 33.920952 34.020679 34.236111 34.321945 34.527340 34.598011 34.791782 34.846134 35.026783 35.063812 35.229946 35.248806 35.399166 35.399197 35.532681 35.513409 35.629074 35.590233 35.687325 35.628853 35.706810 35.628853 35.687325 35.590233 35.629074 35.513409 35.532681 35.399197 35.399166 35.248806 35.229946 35.063812 35.026783 34.846134 34.791782 34.598011 34.527340 34.321945 34.236111 34.020679 33.920952 33.697136 33.584896 33.354382 33.231091 32.995583 32.862755 32.623951 32.483131 32.242687 32.095440 31.854967 31.702827 31.463865 31.308346 31.072336 30.914890 30.683174 30.525185 30.298983 30.141747 29.922153 29.766863 29.554840 29.402582 29.198952 29.050688 28.856133 28.712706 28.527765 28.389891 28.214970 28.083235 27.918606 27.793476 27.639284 27.521107 27.377382 27.266388 27.133051 27.029362 26.906237 26.809877 26.696701 26.607605 26.504040 26.422064 26.327709 26.252634 26.167034 26.098585 26.021242 25.959093 25.889477 25.833258 25.770813 25.720121 25.664280 25.618689 25.568871 25.527929 25.483559 25.446808 25.407303 25.374277 25.339062 25.309288 25.277803 25.250803 25.222494 25.197792 25.172119 25.149240 25.125673 25.104141 25.082159 25.061502 25.040596 25.020336 25.000000 
25.000000 25.020350 25.040623 25.061554 25.082247 25.104280 25.125881 25.149546 25.172546 25.198378 25.223272 25.251822 25.279104 25.310934 25.341103 25.376793 25.410349 25.450487 25.487930 25.533125 25.574949 25.625814 25.672518 25.729670 25.781733 25.845793 25.903681 25.975266 26.039425 26.119133 26.189978 26.278393 26.356297 26.453972 26.539259 26.646704 26.739637 26.857317 26.958092 27.086399 27.195129 27.334389 27.451094 27.601536 27.726137 27.887897 28.020205 28.193304 28.333002 28.517345 28.663994 28.859350 29.012375 29.218372 29.377069 29.593189 29.756714 29.982288 30.149660 30.383871 30.553974 30.795853 30.967453 31.215879 31.387625 31.641338 31.811775 32.069378 32.236969 32.496952 32.660084 32.920826 33.077843 33.337635 33.486851 33.743919 33.883648 34.136169 34.264748 34.510880 34.626690 34.864590 34.966087 35.193947 35.279694 35.495754 35.564423 35.767014 35.817436 36.004990 36.036156 36.207233 36.218323 36.371651 36.362045 36.496513 36.465809 36.580502 36.528511 36.622723 36.549488 36.622723 36.528511 36.580502 36.465809 36.496513 36.362045 36.371651 36.218323 36.207233 36.036156 36.004990 35.817436 35.767014 35.564423 35.495754 35.279694 35.193947 34.966087 34.864590 34.626690 34.510880 34.264748 34.136169 33.883648 33.743919 33.486851 33.337631 33.077839 32.920822 32.660080 32.496948 32.236965 32.069374 31.811768 31.641331 31.387617 31.215870 30.967442 30.795839 30.553957 30.383852 30.149635 29.982262 29.756680 29.593151 29.377026 29.218321 29.012318 28.859282 28.663918 28.517256 28.332899 28.193188 28.020069 27.887741 27.725960 27.601332 27.450863 27.334122 27.194830 27.086056 26.957703 26.856874 26.739138 26.646135 26.538616 26.453243 26.355476 26.277464 26.188934 26.117954 26.038105 25.973778 25.902020 25.843924 25.779648 25.727333 25.669918 25.622904 25.571720 25.529514 25.483934 25.446032 25.405426 25.371317 25.335070 25.304237 25.271744 25.243668 25.214334 25.188498 25.161741 25.137627 25.112879 25.089968 25.066671 25.044449 25.022049 25.000000 
