25.000000 25.000000 25.000000 25.000000 25.000000 25.000000 25.000000 25.000000 25.000000 25.000000 25.000000 25.000000 25.000000 25.000000 25.000000 25.000000 25.000000 25.000000 25.000000 25.000000 25.000000 25.000000 25.000000 25.000000 25.000000 25.000000 25.000000 25.000000 25.000000 25.000000 25.000000 25.000000 25.000000 25.000000 25.000000 25.000000 25.000000 25.000000 25.000000 25.000000 25.000000 25.000000 25.000000 25.000000 25.000000 25.000000 25.000000 25.000000 25.000000 25.000000 25.000000 25.000000 25.000000 25.000000 25.000000 25.000000 25.000000 25.000000 25.000000 25.000000 25.000000 25.000000 25.000000 25.000000 25.000000 25.000000 25.000000 25.000000 25.000000 25.000000 25.000000 25.000000 25.000000 25.000000 25.000000 25.000000 25.000000 25.000000 25.000000 25.000000 25.000000 25.000000 25.000000 25.000000 25.000000 25.000000 25.000000 25.000000 25.000000 25.000000 25.000000 25.000000 25.000000 25.000000 25.000000 25.000000 25.000000 25.000000 25.000000 25.000000 25.000000 25.000000 25.000000 25.000000 25.000000 25.000000 25.000000 25.000000 25.000000 25.000000 25.000000 25.000000 25.000000 25.000000 25.000000 25.000000 25.000000 25.000000 25.000000 25.000000 25.000000 25.000000 25.000000 25.000000 25.000000 25.000000 25.000000 25.000000 25.000000 25.000000 25.000000 25.000000 25.000000 25.000000 25.000000 25.000000 25.000000 25.000000 25.000000 25.000000 25.000000 25.000000 25.000000 25.000000 25.000000 25.000000 25.000000 25.000000 25.000000 25.000000 25.000000 25.000000 25.000000 25.000000 25.000000 25.000000 25.000000 25.000000 25.000000 25.000000 25.000000 25.000000 25.000000 25.000000 25.000000 25.000000 25.000000 25.000000 25.000000 25.000000 25.000000 25.000000 25.000000 25.000000 25.000000 25.000000 25.000000 25.000000 25.000000 25.000000 25.000000 25.000000 25.000000 25.000000 25.000000 25.000000 25.000000 25.000000 25.000000 25.000000 25.000000 25.000000 25.000000 25.000000 25.000000 25.000000 25.000000 25.000000 25.000000 25.000000 
25.000000 25.012403 25.024908 25.037228 25.049858 25.062113 25.074890 25.087097 25.100044 25.112221 25.125355 25.137520 25.150860 25.163027 25.176588 25.188772 25.202572 25.214785 25.228834 25.241085 25.255394 25.267693 25.282272 25.294622 25.309475 25.321878 25.337009 25.349468 25.364876 25.377386 25.393068 25.405622 25.421572 25.434160 25.450369 25.462980 25.479435 25.492052 25.508734 25.521341 25.538233 25.550806 25.567883 25.580399 25.597635 25.610065 25.627430 25.639746 25.657207 25.669376 25.686901 25.698885 25.716433 25.728197 25.745728 25.757233 25.774704 25.785910 25.803276 25.814138 25.831352 25.841831 25.858847 25.868896 25.885662 25.895243 25.911709 25.920773 25.936890 25.945395 25.961111 25.969017 25.984283 25.991545 26.006313 26.012892 26.027113 26.032970 26.046597 26.051697 26.064682 26.068993 26.081295 26.084784 26.096363 26.099003 26.109819 26.111586 26.121605 26.122477 26.131670 26.131628 26.139965 26.138998 26.146454 26.144554 26.151108 26.148268 26.153906 26.150126 26.154835 26.150118 26.153887 26.148241 26.151072 26.144508 26.146399 26.138933 26.139889 26.131542 26.131571 26.122370 26.121485 26.111452 26.109673 26.098845 26.096188 26.084597 26.081091 26.068773 26.064444 26.051441 26.046318 26.032675 26.026793 26.012552 26.005947 25.991156 25.983866 25.968571 25.960634 25.944889 25.936348 25.920197 25.911093 25.894590 25.884966 25.868160 25.858061 25.841002 25.830467 25.813204 25.802280 25.784859 25.773588 25.756056 25.744478 25.726881 25.715036 25.697416 25.685343 25.667738 25.655474 25.637924 25.625502 25.608044 25.595495 25.578157 25.565516 25.548328 25.535616 25.518606 25.505850 25.489038 25.476259 25.459667 25.446880 25.430523 25.417747 25.401636 25.388882 25.373028 25.360304 25.344713 25.332026 25.316700 25.304050 25.288992 25.276381 25.261583 25.249008 25.234468 25.221924 25.207634 25.195110 25.181057 25.168549 25.154720 25.142212 25.128595 25.116074 25.102652 25.090101 25.076857 25.064260 25.051174 25.038517 25.025568 25.012833 25.000000 
25.000000 25.024908 25.049631 25.074766 25.099340 25.124750 25.149210 25.174936 25.199318 25.225403 25.249743 25.276220 25.300550 25.327456 25.351807 25.379171 25.403568 25.431421 25.455887 25.484251 25.508802 25.537697 25.562347 25.591787 25.616543 25.646536 25.671402 25.701948 25.726921 25.758020 25.783089 25.814732 25.839880 25.872049 25.897257 25.929930 25.955168 25.988316 26.013550 26.047136 26.072327 26.106308 26.131409 26.165735 26.190693 26.225311 26.250069 26.284914 26.309408 26.344414 26.368578 26.403669 26.427429 26.462526 26.485809 26.520830 26.543554 26.578411 26.600492 26.635094 26.656448 26.690697 26.711241 26.745041 26.764687 26.797937 26.816595 26.849197 26.866781 26.898634 26.915058 26.946060 26.961239 26.991293 27.005146 27.034151 27.046600 27.074463 27.085432 27.112061 27.121481 27.146784 27.154593 27.178488 27.184626 27.207033 27.211447 27.232296 27.234938 27.254162 27.254997 27.272535 27.271532 27.287331 27.284466 27.298483 27.293743 27.305941 27.299318 27.309671 27.301168 27.309652 27.299284 27.305887 27.293671 27.298391 27.284355 27.287201 27.271379 27.272362 27.254803 27.253944 27.234697 27.232029 27.211155 27.206715 27.184278 27.178110 27.154184 27.146341 27.121008 27.111546 27.084883 27.073868 27.045967 27.033468 27.004417 26.990511 26.960407 26.945168 26.914108 26.897617 26.865702 26.848043 26.815371 26.796629 26.763300 26.743561 26.709677 26.689028 26.654686 26.633215 26.598509 26.576302 26.541330 26.518467 26.483320 26.459883 26.424646 26.400717 26.365473 26.341124 26.305952 26.281254 26.246229 26.221249 26.186434 26.161234 26.126694 26.101330 26.067116 26.041639 26.007805 25.982260 25.948845 25.923271 25.890310 25.864742 25.832262 25.806726 25.774752 25.749268 25.717813 25.692396 25.661474 25.636129 25.605740 25.580475 25.550613 25.525423 25.496082 25.470959 25.442123 25.417055 25.388708 25.363676 25.335791 25.310772 25.283325 25.258293 25.231255 25.206181 25.179512 25.154367 25.128033 25.102781 25.076744 25.051352 25.025568 25.000000 
25.000000 25.037228 25.074766 25.111742 25.149660 25.186438 25.224798 25.261433 25.300301 25.336843 25.376274 25.412781 25.452827 25.489346 25.530056 25.566624 25.608049 25.644703 25.686878 25.723648 25.766605 25.803516 25.847281 25.884346 25.928934 25.966162 26.011585 26.048975 26.095228 26.132772 26.179850 26.217525 26.265408 26.303188 26.351843 26.389694 26.439085 26.476955 26.527033 26.564869 26.615574 26.653311 26.704573 26.742136 26.793875 26.831182 26.883312 26.920273 26.972692 27.009211 27.061815 27.097784 27.150459 27.185766 27.238390 27.272921 27.325363 27.358994 27.411121 27.443726 27.495398 27.526850 27.577921 27.608089 27.658413 27.687164 27.736591 27.763796 27.812174 27.837702 27.884880 27.908604 27.954430 27.976227 28.020554 28.040300 28.082983 28.100565 28.141462 28.156775 28.195749 28.208689 28.245613 28.256088 28.290840 28.298765 28.331232 28.336535 28.366610 28.369226 28.396816 28.396694 28.421715 28.418816 28.441193 28.435490 28.455164 28.446640 28.463562 28.452213 28.466347 28.452188 28.463507 28.446558 28.455055 28.435352 28.441027 28.418619 28.421488 28.396435 28.396523 28.368900 28.366247 28.336136 28.330793 28.298288 28.290319 28.255524 28.245001 28.208029 28.195034 28.156008 28.140633 28.099680 28.082026 28.039280 28.019455 27.975058 27.953175 27.907269 27.883448 27.836182 27.810547 27.762070 27.734745 27.685209 27.656324 27.605879 27.575563 27.524357 27.492741 27.440920 27.408134 27.355843 27.322012 27.269388 27.234638 27.181816 27.146265 27.093372 27.057138 27.004295 26.967485 26.914806 26.877523 26.825113 26.787457 26.735411 26.697466 26.645872 26.607721 26.556660 26.518375 26.467911 26.429554 26.379747 26.341373 26.292271 26.253925 26.205564 26.167284 26.119694 26.081505 26.034704 25.996620 25.950619 25.912651 25.867445 25.829596 25.785177 25.747435 25.703789 25.666138 25.623238 25.585655 25.543468 25.505926 25.464415 25.426872 25.385998 25.348413 25.308123 25.270454 25.230694 25.192892 25.153605 25.115618 25.076746 25.038519 25.000000 
25.000000 25.049858 25.099340 25.149660 25.198839 25.249708 25.298662 25.350164 25.398962 25.451178 25.499891 25.552895 25.601591 25.655451 25.704187 25.758966 25.807795 25.863552 25.912518 25.969297 26.018435 26.076277 26.125612 26.184544 26.234093 26.294130 26.343897 26.405046 26.455027 26.517281 26.567451 26.630795 26.681126 26.745522 26.795971 26.861374 26.911886 26.978239 27.028742 27.095974 27.146389 27.214413 27.264648 27.333363 27.383312 27.452606 27.502157 27.571907 27.620932 27.691000 27.739363 27.809603 27.857161 27.927414 27.974012 28.044111 28.089592 28.159361 28.203560 28.272816 28.315559 28.384111 28.425232 28.492884 28.532204 28.598761 28.636105 28.701361 28.736555 28.800312 28.833183 28.895239 28.925619 28.985773 29.013502 29.071556 29.096476 29.152241 29.174200 29.227493 29.246353 29.296995 29.312628 29.360453 29.372738 29.417587 29.426422 29.468151 29.473444 29.511919 29.513592 29.548693 29.546686 29.578308 29.572575 29.600630 29.591145 29.615557 29.602304 29.623020 29.606007 29.622984 29.602234 29.615448 29.590998 29.600447 29.572353 29.578045 29.546383 29.548346 29.513203 29.511480 29.472963 29.467617 29.425840 29.416948 29.372046 29.359697 29.311811 29.296110 29.245403 29.226465 29.173100 29.151052 29.095205 29.070189 29.012043 28.984205 28.923952 28.893448 28.831282 28.798273 28.734392 28.699047 28.633652 28.596138 28.529430 28.489922 28.422100 28.380772 28.312031 28.269054 28.199593 28.155140 28.085142 28.039379 27.969028 27.922119 27.851591 27.803694 27.733150 27.684414 27.614016 27.564581 27.494473 27.444473 27.374788 27.324350 27.255211 27.204445 27.135963 27.084972 27.017246 26.966118 26.899231 26.848045 26.782066 26.730892 26.665878 26.614767 26.550764 26.499758 26.436796 26.385925 26.324024 26.273302 26.212465 26.161900 26.102123 26.051708 25.992971 25.942692 25.884968 25.834797 25.778049 25.727949 25.672129 25.622057 25.567112 25.517015 25.462883 25.412703 25.359316 25.308989 25.256273 25.205734 25.153612 25.102789 25.051178 25.000000 
25.000000 25.062113 25.124750 25.186438 25.249708 25.311064 25.375076 25.436193 25.501049 25.562017 25.627811 25.688715 25.755539 25.816460 25.884394 25.945398 26.014523 26.075670 26.146046 26.207388 26.279068 26.340645 26.413671 26.475508 26.549910 26.612017 26.687807 26.750187 26.827364 26.889999 26.968548 27.031404 27.111296 27.174328 27.255510 27.318657 27.401068 27.464249 27.547804 27.610928 27.695526 27.758486 27.844015 27.906685 27.993010 28.055254 28.142229 28.203896 28.291355 28.352280 28.440048 28.500057 28.587944 28.646849 28.734648 28.792257 28.879755 28.935863 29.022833 29.077232 29.163441 29.215916 29.301123 29.351456 29.435413 29.483387 29.565847 29.611240 29.691948 29.734545 29.813250 29.852837 29.929287 29.965656 30.039606 30.072557 30.143763 30.173105 30.241329 30.266882 30.331902 30.353497 30.415094 30.432575 30.490549 30.503778 30.557938 30.566790 30.616962 30.621332 30.667356 30.667162 30.708899 30.704069 30.741396 30.731888 30.764704 30.750490 30.778713 30.759790 30.783361 30.759747 30.778622 30.750355 30.764521 30.731659 30.741117 30.703741 30.708517 30.666729 30.666868 30.620790 30.616356 30.566128 30.557207 30.502983 30.489681 30.431635 30.414072 30.352394 30.330709 30.265602 30.239946 30.171625 30.142166 30.070854 30.037773 29.963705 29.927191 29.850609 29.810860 29.732008 29.689232 29.608358 29.562765 29.480124 29.431927 29.347769 29.297186 29.211756 29.159006 29.072550 29.017847 28.930607 28.874163 28.786366 28.728386 28.640259 28.580944 28.492697 28.432243 28.344078 28.282663 28.194773 28.132570 28.045128 27.982298 27.895464 27.832157 27.746077 27.682426 27.597231 27.533356 27.449158 27.385164 27.302061 27.238041 27.156113 27.092138 27.011448 26.947582 26.868177 26.804462 26.726374 26.662840 26.586079 26.522739 26.447309 26.384163 26.310047 26.247082 26.174253 26.111441 26.039856 25.977158 25.906765 25.844130 25.774866 25.712233 25.644026 25.581327 25.514093 25.451252 25.384907 25.321840 25.256285 25.192909 25.128048 25.064270 25.000000 
25.000000 25.074890 25.149210 25.224798 25.298662 25.375076 25.448597 25.525965 25.599253 25.677691 25.750853 25.830473 25.903606 25.984514 26.057709 26.139999 26.213333 26.297089 26.370628 26.455919 26.529718 26.616604 26.690701 26.779222 26.853640 26.943823 27.018568 27.110420 27.185486 27.278996 27.354349 27.449492 27.525085 27.621809 27.697582 27.795820 27.871685 27.971350 28.047203 28.148184 28.223907 28.326077 28.401529 28.504736 28.579762 28.683838 28.758263 28.863024 28.936657 29.041897 29.114538 29.220034 29.291466 29.396980 29.466972 29.572256 29.640570 29.745354 29.811743 29.915754 29.979961 30.082916 30.144684 30.246286 30.305351 30.405304 30.461403 30.559404 30.612274 30.708023 30.757404 30.850595 30.896238 30.986572 31.028231 31.115414 31.152853 31.236597 31.269590 31.349619 31.377958 31.454008 31.477499 31.549314 31.567781 31.635128 31.648411 31.711071 31.719032 31.776806 31.779333 31.832037 31.829037 31.876516 31.867922 31.910044 31.895811 31.932463 31.912575 31.943670 31.918135 31.943617 31.912466 31.932297 31.895592 31.909765 31.867588 31.876122 31.828581 31.831514 31.778749 31.776150 31.718311 31.710270 31.647537 31.634169 31.566740 31.548182 31.476274 31.452681 31.376532 31.348076 31.267935 31.234812 31.150944 31.113359 31.026039 30.984219 30.893734 30.847908 30.754549 30.704962 30.609026 30.555929 30.457720 30.401367 30.301184 30.241837 30.139978 30.077898 29.974661 29.910107 29.805784 29.739012 29.633884 29.565147 29.459486 29.389029 29.283098 29.211155 29.105206 29.032001 28.926268 28.852016 28.746717 28.671619 28.566956 28.491198 28.387354 28.311104 28.208246 28.131659 28.029932 27.953142 27.852674 27.775799 27.676697 27.599834 27.502184 27.425417 27.329281 27.252674 27.158102 27.081696 26.988714 26.912537 26.821154 26.745209 26.655416 26.579700 26.491470 26.415955 26.329247 26.253895 26.168652 26.093407 26.009558 25.934355 25.851820 25.776579 25.695263 25.619898 25.539701 25.464117 25.384928 25.309023 25.230726 25.154394 25.076870 25.000000 
25.000000 25.087097 25.174936 25.261433 25.350164 25.436193 25.525965 25.611658 25.702610 25.788097 25.880365 25.965761 26.059473 26.144892 26.240164 26.325699 26.422634 26.508373 26.607063 26.693075 26.793596 26.879936 26.982342 27.069046 27.173380 27.260466 27.366747 27.454212 27.562439 27.650263 27.760410 27.848547 27.960573 28.048958 28.162794 28.251339 28.366896 28.455492 28.572649 28.661167 28.779789 28.868074 28.987997 29.075878 29.196920 29.284203 29.406153 29.492626 29.615257 29.700691 29.823753 29.907904 30.031130 30.113733 30.236835 30.317623 30.440300 30.518984 30.640921 30.717209 30.838076 30.911669 31.031128 31.101719 31.219427 31.286709 31.402313 31.465979 31.579130 31.638874 31.749214 31.804737 31.911917 31.962929 32.066601 32.112820 32.212643 32.253803 32.349445 32.385296 32.476440 32.506741 32.593090 32.617622 32.698891 32.717457 32.793377 32.805813 32.876137 32.882290 32.946796 32.946548 33.005043 32.998295 33.050610 33.037304 33.083294 33.063389 33.102936 33.076427 33.109451 33.076366 33.102806 33.063198 33.083035 33.036980 33.050220 32.997837 33.004509 32.945942 32.946114 32.881527 32.875290 32.804882 32.792351 32.716343 32.697670 32.616302 32.591656 32.505196 32.474770 32.383499 32.347507 32.251728 32.210407 32.110432 32.064030 31.960192 31.908978 31.801613 31.745863 31.635315 31.575321 31.461939 31.397995 31.282133 31.214539 31.096546 31.025608 30.905834 30.831856 30.710644 30.633928 30.511612 30.432457 30.309361 30.228052 30.104490 30.021315 29.897583 29.812805 29.689190 29.603067 29.479834 29.392609 29.270000 29.181898 29.060143 28.971371 28.850672 28.761417 28.641956 28.552389 28.434326 28.344595 28.228065 28.138296 28.023413 27.933710 27.820560 27.731010 27.619661 27.530323 27.420818 27.331734 27.224092 27.135281 27.029503 26.940962 26.837029 26.748741 26.646610 26.558537 26.458151 26.370237 26.271523 26.183699 26.086567 25.998747 25.903093 25.815182 25.720896 25.632782 25.539740 25.451311 25.359379 25.270514 25.179554 25.090124 25.000000 
25.000000 25.100044 25.199318 25.300301 25.398962 25.501049 25.599253 25.702610 25.800505 25.905293 26.003017 26.109385 26.207071 26.315159 26.412928 26.522860 26.620813 26.732702 26.830933 26.944874 27.043449 27.159519 27.258493 27.376745 27.476151 27.596621 27.696465 27.819162 27.919432 28.044346 28.145000 28.272091 28.373072 28.502274 28.603491 28.734715 28.836056 28.969181 29.070511 29.205393 29.306547 29.443014 29.543808 29.681660 29.781885 29.920898 30.020321 30.160248 30.258615 30.399178 30.496220 30.637125 30.732550 30.873480 30.966984 31.107599 31.198866 31.338814 31.427509 31.566425 31.652208 31.789707 31.872232 32.007923 32.086838 32.220325 32.295280 32.426163 32.496807 32.624676 32.690662 32.815113 32.876102 32.996738 33.052406 33.168835 33.218868 33.330696 33.374794 33.481663 33.519547 33.621094 33.652500 33.748398 33.773090 33.863018 33.880791 33.964455 33.975121 34.052258 34.055664 34.126026 34.122055 34.185440 34.173992 34.230221 34.211246 34.260170 34.233635 34.275139 34.241062 34.275066 34.233494 34.259945 34.210953 34.229851 34.173550 34.184910 34.121449 34.125332 34.054882 34.051380 33.974155 33.963383 33.879623 33.861736 33.771702 33.746883 33.650867 33.619320 33.517639 33.479599 33.372585 33.328312 33.216316 33.166088 33.049480 32.993591 32.872757 32.811520 32.686844 32.620586 32.492466 32.421520 32.290359 32.215069 32.081272 32.001980 31.865944 31.783001 31.645124 31.558878 31.419548 31.330341 31.189934 31.098103 30.956984 30.862854 30.721375 30.625261 30.483753 30.385958 30.244736 30.145544 30.004898 29.904577 29.764778 29.663576 29.524872 29.423014 29.285625 29.183315 29.047436 28.944859 28.810659 28.707966 28.575588 28.472918 28.342474 28.239931 28.111513 28.009184 27.882851 27.780790 27.656582 27.554825 27.432751 27.331310 27.211357 27.110220 26.992355 26.891487 26.775654 26.675003 26.561125 26.460619 26.348604 26.248152 26.137892 26.037390 25.928759 25.828091 25.720953 25.619991 25.514200 25.412809 25.308212 25.206247 25.102686 25.000000 
25.000000 25.112221 25.225403 25.336843 25.451178 25.562017 25.677691 25.788097 25.905293 26.015430 26.134321 26.244345 26.365095 26.475143 26.597904 26.708105 26.833008 26.943472 27.070635 27.181452 27.310970 27.422209 27.554157 27.665867 27.800295 27.912498 28.049433 28.162125 28.301565 28.414719 28.556635 28.670191 28.814526 28.928404 29.075068 29.189154 29.338028 29.452183 29.603121 29.717175 29.869995 29.983751 30.138247 30.251482 30.407417 30.519882 30.676987 30.788410 30.946388 31.056475 31.215008 31.323441 31.482180 31.588625 31.747202 31.851307 32.009335 32.110733 32.267803 32.366116 32.521805 32.616646 32.770523 32.861496 33.013111 33.099823 33.248734 33.330784 33.476528 33.553532 33.695656 33.767220 33.905270 33.971024 34.104546 34.164131 34.292698 34.345764 34.468945 34.515163 34.632553 34.671627 34.782833 34.814476 34.919136 34.943096 35.040863 35.056923 35.147484 35.155449 35.238518 35.238232 35.313553 35.304905 35.372261 35.355156 35.414364 35.388760 35.439671 35.405560 35.448067 35.405479 35.439507 35.388515 35.414028 35.354740 35.371754 35.304314 35.312866 35.237453 35.237633 35.154469 35.146389 35.055725 35.039543 34.941662 34.917561 34.812778 34.780983 34.669636 34.630394 34.512848 34.466442 34.343086 34.289810 34.161049 34.101234 33.967495 33.901478 33.763191 33.691334 33.548943 33.471619 33.325577 33.243164 33.093925 33.006813 32.854828 32.763409 32.609127 32.513790 32.357651 32.258793 32.101231 31.999228 31.840658 31.735886 31.576712 31.469532 31.310143 31.200899 31.041655 30.930681 30.771927 30.659534 30.501583 30.388062 30.231205 30.116821 29.961327 29.846323 29.692419 29.577015 29.424910 29.309294 29.159163 29.043499 28.895487 28.779911 28.634132 28.518751 28.375290 28.260183 28.119095 28.004316 27.865627 27.751202 27.614912 27.500839 27.366922 27.253174 27.121578 27.008108 26.878761 26.765495 26.638302 26.525150 26.399994 26.286848 26.163597 26.050333 25.928843 25.815319 25.695431 25.581501 25.463043 25.348549 25.231348 25.116123 25.000000 
25.000000 25.125355 25.249743 25.376274 25.499891 25.627811 25.750853 25.880365 26.003017 26.134321 26.256763 26.390045 26.512438 26.647875 26.770369 26.908117 27.030846 27.171043 27.294117 27.436884 27.560392 27.705826 27.829834 27.978001 28.102549 28.253490 28.378588 28.532322 28.657953 28.814459 28.940577 29.099808 29.226334 29.388206 29.515032 29.679434 29.806417 29.973200 30.100170 30.269150 30.395901 30.566864 30.693165 30.865862 30.991449 31.165602 31.290184 31.465475 31.588739 31.764826 31.886429 32.062943 32.182522 32.359062 32.476242 32.652382 32.766758 32.942062 33.053215 33.227222 33.334732 33.506962 33.610390 33.780354 33.879261 34.046463 34.140408 34.304340 34.392883 34.553047 34.635754 34.791634 34.868084 35.019180 35.088966 35.234783 35.297512 35.437569 35.492863 35.626705 35.674210 35.801384 35.840778 35.960873 35.991856 36.104469 36.126785 36.231552 36.244965 36.341553 36.345867 36.433975 36.429047 36.508408 36.494118 36.564510 36.540787 36.602028 36.568836 36.620781 36.578144 36.620689 36.568657 36.601749 36.540421 36.564041 36.493561 36.507740 36.428284 36.433102 36.344894 36.340450 36.243759 36.230209 36.125324 36.102863 35.990120 35.958973 35.838730 35.799160 35.671818 35.624115 35.490089 35.434578 35.294312 35.231339 35.085297 35.015236 34.863888 34.787128 34.630970 34.547920 34.387444 34.298523 34.134235 34.039871 33.872280 33.772903 33.602509 33.498558 33.325851 33.217766 33.043236 32.931442 32.755562 32.640480 32.463703 32.345749 32.168518 32.048077 31.870808 31.748259 31.571346 31.447050 31.270857 31.145147 30.970015 30.843201 30.669436 30.541801 30.369682 30.241486 30.071255 29.942720 29.774591 29.645918 29.480066 29.351421 29.187994 29.059509 28.898615 28.770397 28.612116 28.484238 28.328613 28.201118 28.048164 27.921066 27.770769 27.644051 27.496368 27.369989 27.224852 27.098743 26.956055 26.830128 26.689772 26.563913 26.425753 26.299833 26.163713 26.037586 25.903337 25.776842 25.644283 25.517246 25.386185 25.258427 25.128664 25.000000 
25.000000 25.137520 25.276220 25.412781 25.552895 25.688715 25.830473 25.965761 26.109385 26.244345 26.390045 26.524864 26.672842 26.807693 26.958132 27.093170 27.246233 27.381594 27.537422 27.673216 27.831932 27.968245 28.129934 28.266825 28.431553 28.569044 28.736843 28.874937 29.045801 29.184462 29.358356 29.497515 29.674370 29.813923 29.993628 30.133438 30.315849 30.455746 30.640680 30.780453 30.967693 31.107103 31.296392 31.435167 31.626217 31.764048 31.956528 32.093082 32.286633 32.421551 32.615776 32.748672 32.943146 33.073608 33.267879 33.395477 33.589073 33.713352 33.905773 34.026272 34.216999 34.333248 34.521751 34.633263 34.818996 34.925282 35.107693 35.208275 35.386806 35.481205 35.655296 35.743031 35.912128 35.992748 36.156303 36.229362 36.386837 36.451912 36.602787 36.659473 36.803249 36.851181 36.987381 37.026211 37.154385 37.183804 37.303535 37.323273 37.434170 37.443993 37.545708 37.545425 37.637650 37.627113 37.709579 37.688686 37.761169 37.729858 37.792175 37.750443 37.802460 37.750343 37.791973 37.729557 37.760757 37.688179 37.708958 37.626389 37.636806 37.544472 37.544624 37.442791 37.432827 37.321804 37.301914 37.182045 37.152458 37.024128 36.985111 36.848740 36.800602 36.656635 36.599716 36.448631 36.383297 36.225586 36.152241 35.988422 35.907486 35.738094 35.650002 35.475582 35.380791 35.201893 35.100868 34.918053 34.811272 34.625088 34.513031 34.324028 34.207176 34.015900 33.894730 33.701706 33.576683 33.382423 33.254009 33.059006 32.927643 32.732372 32.598484 32.403389 32.267380 32.072884 31.935137 31.741621 31.602495 31.410316 31.270134 31.079620 30.938681 30.750114 30.608685 30.422319 30.280634 30.096682 29.954939 29.773581 29.631947 29.453321 29.311928 29.136141 28.995085 28.822203 28.681551 28.511604 28.371386 28.204378 28.064590 27.900490 27.761103 27.599844 27.460796 27.302290 27.163496 27.007626 26.868973 26.715597 26.576952 26.425909 26.287119 26.138233 25.999126 25.852203 25.712595 25.567429 25.427128 25.283501 25.142303 25.000000 
25.000000 25.150860 25.300550 25.452827 25.601591 25.755539 25.903606 26.059473 26.207071 26.365095 26.512438 26.672842 26.820127 26.983122 27.130531 27.296305 27.443995 27.612715 27.760820 27.932631 28.081263 28.256275 28.405510 28.583811 28.733694 28.915335 29.065882 29.250877 29.402067 29.590395 29.742174 29.933777 30.086048 30.280827 30.433460 30.631279 30.784103 30.984781 31.137590 31.340910 31.493462 31.699162 31.851173 32.058956 32.210114 32.419640 32.569588 32.780483 32.928848 33.140697 33.287067 33.499424 33.643360 33.855747 33.996792 34.208702 34.346371 34.557274 34.691067 34.900406 35.029812 35.237011 35.361507 35.565979 35.685040 35.886181 35.999271 36.196476 36.303074 36.495731 36.595314 36.782818 36.874870 37.056618 37.140656 37.316048 37.391590 37.560051 37.626652 37.787628 37.844856 37.997814 38.045284 38.189713 38.227070 38.362499 38.389423 38.515408 38.531624 38.647762 38.653038 38.758972 38.753120 38.848534 38.831417 38.916042 38.887569 38.961182 38.921322 38.983749 38.932522 38.983635 38.921104 38.960846 38.887131 38.915478 38.830746 38.847733 38.752205 38.757923 38.651863 38.646442 38.530167 38.513794 38.387665 38.360565 38.224976 38.187428 38.042820 37.995132 37.841976 37.784512 37.623314 37.556450 37.387741 37.311901 37.136234 37.051868 36.869820 36.777397 36.589554 36.489563 36.296528 36.189472 35.991848 35.878246 35.676640 35.557011 35.352024 35.226898 35.019127 34.889023 34.679058 34.544491 34.332897 34.194374 33.981705 33.839722 33.626503 33.481533 33.268261 33.120758 32.907913 32.758308 32.546326 32.395023 32.184311 32.031681 31.822611 31.668997 31.461905 31.307613 31.102789 30.948097 30.745796 30.590939 30.391376 30.236551 30.039902 29.885275 29.691669 29.537365 29.346901 29.193005 29.005735 28.852303 28.668243 28.515287 28.334425 28.181929 28.004208 27.852121 27.677460 27.525700 27.353983 27.202442 27.033531 26.882074 26.715803 26.564274 26.400457 26.248678 26.087111 25.934887 25.775354 25.622478 25.464748 25.311003 25.154839 25.000000 
25.000000 25.163027 25.327456 25.489346 25.655451 25.816460 25.984514 26.144892 26.315159 26.475143 26.647875 26.807693 26.983122 27.142979 27.321321 27.481401 27.662855 27.823317 28.008047 28.169024 28.357170 28.518764 28.710434 28.872713 29.067982 29.230978 29.429880 29.593592 29.796125 29.960510 30.166634 30.331610 30.541235 30.706682 30.919683 31.085436 31.301640 31.467497 31.686687 31.852402 32.074322 32.239609 32.463951 32.628487 32.854912 33.018330 33.246445 33.408356 33.637733 33.797707 34.027882 34.185459 34.415928 34.570618 34.800846 34.952137 35.181564 35.328926 35.556957 35.699841 35.925861 36.063702 36.287083 36.419315 36.639408 36.765453 36.981602 37.100891 37.312435 37.424393 37.630672 37.734737 37.935093 38.030727 38.224510 38.311184 38.497757 38.574970 38.753719 38.820992 38.991325 39.048222 39.209572 39.255680 39.407516 39.442474 39.584297 39.607784 39.739136 39.750870 39.871342 39.871098 39.980320 39.967922 40.065575 40.040901 40.126717 40.089703 40.163471 40.114101 40.175659 40.113983 40.163231 40.089344 40.126232 40.040298 40.064835 39.967064 39.979317 39.869965 39.870056 39.749447 39.737549 39.606041 39.582375 39.440388 39.405231 39.253212 39.206882 39.045326 38.988190 38.817627 38.750080 38.571075 38.493565 38.306705 38.219696 38.025597 37.929588 37.728882 37.624393 37.417725 37.305298 37.093319 36.973511 36.756878 36.630249 36.409626 36.276745 36.052776 35.914211 35.687546 35.543861 35.315121 35.166874 34.936665 34.784397 34.553307 34.397545 34.166130 34.007381 33.776173 33.614910 33.384403 33.221085 32.991737 32.826782 32.599022 32.432816 32.207020 32.039921 31.816431 31.648754 31.427864 31.259886 31.041857 30.873812 30.658852 30.490938 30.279213 30.111588 29.903219 29.735998 29.531069 29.364326 29.162876 28.996649 28.798679 28.632965 28.438437 28.273197 28.082035 27.917202 27.729298 27.564766 27.379984 27.215620 27.033794 26.869440 26.690380 26.525854 26.349348 26.184446 26.010265 25.844770 25.672672 25.506353 25.336084 25.168697 25.000000 
25.000000 25.176588 25.351807 25.530056 25.704187 25.884394 26.057709 26.240164 26.412928 26.597904 26.770369 26.958132 27.130531 27.321321 27.493866 27.687908 27.860783 28.058271 28.231634 28.432737 28.606714 28.811562 28.986248 29.194941 29.370390 29.582985 29.759211 29.975729 30.152710 30.373127 30.550797 30.775042 30.953291 31.181250 31.359924 31.591433 31.770336 32.005188 32.184074 32.422012 32.600601 32.841320 33.019279 33.262432 33.439388 33.684578 33.860126 34.106915 34.280605 34.528507 34.699867 34.948357 35.116875 35.365395 35.530525 35.778488 35.939667 36.186443 36.343094 36.588036 36.739552 36.981987 37.127762 37.366997 37.506413 37.741745 37.874180 38.104900 38.229736 38.455132 38.571758 38.791119 38.898937 39.111557 39.209995 39.415176 39.503677 39.700741 39.778778 39.967079 40.034153 40.213066 40.268723 40.437656 40.481476 40.639866 40.671482 40.818821 40.837902 40.973717 40.979996 41.103867 41.097126 41.208683 41.188759 41.287685 41.254478 41.340515 41.293980 41.366924 41.307083 41.366795 41.293724 41.340126 41.253963 41.287029 41.187973 41.207745 41.096054 41.102638 40.978622 40.972172 40.836197 40.816929 40.669418 40.637604 40.479019 40.434975 40.265835 40.209930 40.030781 39.963432 39.774868 39.696526 39.499168 39.410324 39.204823 39.105999 38.893024 38.784771 38.565014 38.447910 38.222069 38.096699 37.865482 37.732452 37.496574 37.356495 37.116657 36.970142 36.727043 36.574707 36.329033 36.171474 35.923893 35.761711 35.512863 35.346630 35.097134 34.927406 34.677849 34.505161 34.256096 34.080948 33.832893 33.655758 33.409184 33.230495 32.985840 32.806007 32.563656 32.383030 32.143333 31.962240 31.725491 31.544207 31.310658 31.129416 30.899271 30.718262 30.491674 30.311047 30.088129 29.907982 29.688799 29.509195 29.293768 29.114725 28.903034 28.724531 28.516514 28.338490 28.134048 27.956409 27.755413 27.578033 27.380318 27.203035 27.008408 26.831043 26.639286 26.461628 26.272503 26.094326 25.907579 25.728638 25.544004 25.364042 25.181244 25.000000 
25.000000 25.188772 25.379171 25.566624 25.758966 25.945398 26.139999 26.325699 26.522860 26.708105 26.908117 27.093170 27.296305 27.481401 27.687908 27.873266 28.083368 28.269171 28.483065 28.669464 28.887310 29.074425 29.296347 29.484257 29.710340 29.899084 30.129370 30.318943 30.553429 30.743784 30.982420 31.173462 31.416149 31.607738 31.854326 32.046276 32.296566 32.488632 32.742378 32.934284 33.191181 33.382595 33.642296 33.832840 34.094948 34.284203 34.548260 34.735775 35.001286 35.186558 35.452988 35.635487 35.902252 36.081409 36.347897 36.523121 36.788673 36.959351 37.223282 37.388775 37.650375 37.810040 38.068577 38.221748 38.476475 38.622486 38.872643 39.010830 39.255653 39.385361 39.624081 39.744656 39.976513 40.087326 40.311573 40.412018 40.627911 40.717407 40.924240 41.002232 41.199318 41.265297 41.451981 41.505474 41.681137 41.721725 41.885796 41.913105 42.065048 42.078758 42.218102 42.217945 42.344265 42.330040 42.442963 42.414528 42.513748 42.471027 42.556293 42.499275 42.570408 42.499138 42.556019 42.470612 42.513187 42.413830 42.442108 42.329044 42.343105 42.216637 42.216618 42.077110 42.063210 41.911087 41.883572 41.719307 41.678490 41.502613 41.448860 41.261940 41.195679 40.998329 40.920025 40.712898 40.623055 40.406834 40.305996 40.081387 39.970135 39.737873 39.616810 39.377640 39.247387 39.002064 38.863270 38.612556 38.465866 38.210526 38.056602 37.797386 37.636887 37.374538 37.208115 36.943359 36.771656 36.505199 36.328846 36.061363 35.880962 35.613098 35.429241 35.161613 34.974850 34.708031 34.518887 34.253407 34.062370 33.798717 33.606239 33.344856 33.151344 32.892628 32.698444 32.442738 32.248211 31.995804 31.801203 31.552345 31.357899 31.112783 30.918673 30.677439 30.483797 30.246540 30.053455 29.820221 29.627735 29.398525 29.206636 28.981403 28.790070 28.568731 28.377865 28.160297 27.969782 27.755825 27.565506 27.354971 27.164663 26.957325 26.766819 26.562439 26.371498 26.169807 25.978182 25.778902 25.586319 25.389158 25.195341 25.000000 
25.000000 25.202572 25.403568 25.608049 25.807795 26.014523 26.213333 26.422634 26.620813 26.833008 27.030846 27.246233 27.443995 27.662855 27.860783 28.083368 28.281679 28.508213 28.707085 28.937759 29.137339 29.372307 29.572699 29.812073 30.013342 30.257185 30.459351 30.707689 30.910721 31.163525 31.367350 31.624538 31.829033 32.090473 32.295460 32.560966 32.766216 33.035549 33.240784 33.513653 33.718544 33.994598 34.198769 34.477612 34.680637 34.961811 35.163223 35.446220 35.645508 35.929779 36.126389 36.411331 36.604683 36.889656 37.079128 37.363453 37.548401 37.831356 38.011108 38.291958 38.465828 38.743793 38.911079 39.185375 39.345371 39.615185 39.767174 40.031693 40.174973 40.433380 40.567249 40.818722 40.942497 41.186234 41.299252 41.534454 41.636078 41.861973 41.951595 42.167435 42.244492 42.449554 42.513519 42.707130 42.757526 42.939045 42.975441 43.144283 43.166309 43.321930 43.329281 43.471199 43.463615 43.591408 43.568710 43.682014 43.644081 43.742603 43.689388 43.772892 43.704414 43.772747 43.689095 43.742157 43.643490 43.681263 43.567806 43.590336 43.462387 43.469788 43.327702 43.320160 43.164356 43.142117 42.973076 42.936447 42.754707 42.704056 42.510204 42.445953 42.240620 42.163246 41.947109 41.857132 41.630909 41.528889 41.293316 41.179859 40.935711 40.811443 40.559509 40.425091 40.166176 40.022282 39.757198 39.604523 39.334084 39.173325 38.898342 38.730206 38.451477 38.276669 37.994976 37.814186 37.530300 37.344204 37.058865 36.868126 36.582035 36.387295 36.101128 35.902992 35.617382 35.416431 35.131973 34.928741 34.645981 34.440975 34.160408 33.954082 33.676159 33.468929 33.194042 32.986275 32.714764 32.506783 32.238934 32.031006 31.767054 31.559395 31.299520 31.092300 30.836628 30.629965 30.378571 30.172531 29.925440 29.720045 29.477234 29.272461 29.033857 28.829638 28.595135 28.391357 28.160799 27.957319 27.730522 27.527157 27.303898 27.100439 26.880468 26.676676 26.459724 26.255335 26.041111 25.835844 25.624043 25.417606 25.207911 25.000000 
25.000000 25.214785 25.431421 25.644703 25.863552 26.075670 26.297089 26.508373 26.732702 26.943472 27.171043 27.381594 27.612715 27.823317 28.058271 28.269171 28.508213 28.719620 28.962971 29.175060 29.422901 29.635805 29.888281 30.102093 30.359295 30.574057 30.836037 31.051744 31.318495 31.535097 31.806561 32.023949 32.300014 32.518028 32.798523 33.016949 33.301651 33.520214 33.808842 34.027222 34.319431 34.537251 34.832642 35.049477 35.347599 35.562973 35.863308 36.076698 36.378685 36.589527 36.892551 37.100239 37.403641 37.607536 37.910610 38.110035 38.412037 38.606293 38.906445 39.094810 39.392303 39.574039 39.868046 40.042397 40.332062 40.498272 40.782730 40.940048 41.218430 41.366100 41.637539 41.774826 42.038452 42.164642 42.419598 42.533997 42.779453 42.881397 43.116539 43.205402 43.429451 43.504654 43.716866 43.777874 43.977539 44.023872 44.210346 44.241573 44.414253 44.430012 44.588356 44.588345 44.731869 44.715858 44.844139 44.811966 44.924660 44.876236 44.973061 44.908371 44.989113 44.908211 44.972744 44.875763 44.924026 44.811172 44.843174 44.714722 44.730549 44.586853 44.586666 44.428131 44.412163 44.239277 44.207813 44.021114 43.974525 43.774612 43.713314 43.500839 43.425308 43.200966 43.111740 42.876266 42.773922 42.528095 42.413254 42.157883 42.031193 41.767109 41.629261 41.357315 41.209023 40.930069 40.772060 40.486969 40.319984 40.029625 39.854416 39.559635 39.376953 39.078606 38.889187 38.588093 38.392673 38.089638 37.888927 37.584717 37.379414 37.074764 36.865528 36.561138 36.348598 36.045124 35.829880 35.527924 35.310528 35.010643 34.791611 34.494305 34.274094 33.979816 33.758846 33.467987 33.246624 32.959515 32.738071 32.454990 32.233730 31.954897 31.734020 31.459599 31.239260 30.969355 30.749651 30.484318 30.265299 30.004538 29.786200 29.529959 29.312252 29.060438 28.843266 28.595737 28.378965 28.135542 27.918995 27.679457 27.462927 27.227024 27.010269 26.777727 26.560480 26.330997 26.112968 25.886227 25.667110 25.442781 25.222258 25.000000 
25.000000 25.228834 25.455887 25.686878 25.912518 26.146046 26.370628 26.607063 26.830933 27.070635 27.294117 27.537422 27.760820 28.008047 28.231634 28.483065 28.707085 28.962971 29.187628 29.448185 29.673645 29.939045 30.165424 30.435795 30.663166 30.938581 31.166969 31.447453 31.676825 31.962341 32.192612 32.483074 32.714104 33.009365 33.240952 33.540798 33.772686 34.076847 34.308720 34.616871 34.848358 35.160099 35.390774 35.705654 35.935040 36.252548 36.480114 36.799675 37.024841 37.345833 37.567986 37.889729 38.108200 38.429970 38.644066 38.965096 39.174080 39.493565 39.696686 40.013775 40.210262 40.524090 40.713142 41.022816 41.203640 41.508247 41.680035 41.978653 42.140610 42.432316 42.583649 42.867523 43.007458 43.282585 43.410378 43.675858 43.790787 44.045750 44.147133 44.390732 44.477928 44.709354 44.781765 45.000252 45.057343 45.262169 45.303455 45.493958 45.519016 45.694588 45.703072 45.863163 45.854790 45.998920 45.973480 46.101250 46.058605 46.169678 46.109772 46.203884 46.126740 46.203716 46.109436 46.169174 46.057930 46.100403 45.972458 45.997715 45.853397 45.861572 45.701286 45.692585 45.516808 45.491508 45.300777 45.259232 45.054157 44.996777 44.778019 44.705280 44.473553 44.385998 44.142067 44.040283 43.784946 43.669567 43.403671 43.275379 42.999790 42.859295 42.574905 42.422947 42.130672 41.968018 41.668766 41.496197 41.190887 41.009201 40.698750 40.508736 40.194046 39.996498 39.678459 39.474159 39.153629 38.943348 38.621166 38.405643 38.082607 37.862568 37.539440 37.315571 36.993065 36.766014 36.444801 36.215183 35.895882 35.664257 35.347427 35.114319 34.800465 34.566338 34.255905 34.021179 33.714554 33.479580 33.177086 32.942177 32.644081 32.409477 32.115978 31.881872 31.593115 31.359640 31.075706 30.842941 30.563860 30.331827 30.057573 29.826242 29.556738 29.326035 29.061155 28.830956 28.570526 28.340666 28.084478 27.854750 27.602556 27.372721 27.124241 26.894028 26.648954 26.418070 26.176075 25.944201 25.704941 25.471743 25.234863 25.000000 
