25.000000 25.000000 25.000000 25.000000 25.000000 25.000000 25.000000 25.000000 25.000000 25.000000 25.000000 25.000000 25.000000 25.000000 25.000000 25.000000 25.000000 25.000000 25.000000 25.000000 25.000000 25.000000 25.000000 25.000000 25.000000 25.000000 25.000000 25.000000 25.000000 25.000000 25.000000 25.000000 25.000000 25.000000 25.000000 25.000000 25.000000 25.000000 25.000000 25.000000 25.000000 25.000000 25.000000 25.000000 25.000000 25.000000 25.000000 25.000000 25.000000 25.000000 25.000000 25.000000 25.000000 25.000000 25.000000 25.000000 25.000000 25.000000 25.000000 25.000000 25.000000 25.000000 25.000000 25.000000 25.000000 25.000000 25.000000 25.000000 25.000000 25.000000 25.000000 25.000000 25.000000 25.000000 25.000000 25.000000 25.000000 25.000000 25.000000 25.000000 25.000000 25.000000 25.000000 25.000000 25.000000 25.000000 25.000000 25.000000 25.000000 25.000000 25.000000 25.000000 25.000000 25.000000 25.000000 25.000000 25.000000 25.000000 25.000000 25.000000 25.000000 25.000000 25.000000 25.000000 25.000000 25.000000 25.000000 25.000000 25.000000 25.000000 25.000000 25.000000 25.000000 25.000000 25.000000 25.000000 25.000000 25.000000 25.000000 25.000000 25.000000 25.000000 25.000000 25.000000 25.000000 25.000000 25.000000 25.000000 25.000000 25.000000 25.000000 25.000000 25.000000 25.000000 25.000000 25.000000 25.000000 25.000000 25.000000 25.000000 25.000000 25.000000 25.000000 25.000000 25.000000 25.000000 25.000000 25.000000 25.000000 25.000000 25.000000 25.000000 25.000000 25.000000 25.000000 25.000000 25.000000 25.000000 25.000000 25.000000 25.000000 25.000000 25.000000 25.000000 25.000000 25.000000 25.000000 25.000000 25.000000 25.000000 25.000000 25.000000 25.000000 25.000000 25.000000 25.000000 25.000000 25.000000 25.000000 25.000000 25.000000 25.000000 25.000000 25.000000 25.000000 25.000000 25.000000 25.000000 25.000000 25.000000 25.000000 25.000000 25.000000 25.000000 25.000000 25.000000 25.000000 25.000000 25.000000 25.000000 
25.000000 25.002691 25.005411 25.008106 25.010899 25.013628 25.016533 25.019335 25.022388 25.025299 25.028540 25.031590 25.035055 25.038279 25.042007 25.045435 25.049463 25.053123 25.057489 25.061415 25.066149 25.070364 25.075502 25.080032 25.085608 25.090473 25.096514 25.101736 25.108273 25.113867 25.120918 25.126900 25.134491 25.140865 25.149015 25.155790 25.164511 25.171684 25.180986 25.188555 25.198442 25.206396 25.216866 25.225191 25.236238 25.244913 25.256527 25.265522 25.277683 25.286968 25.299652 25.309189 25.322361 25.332106 25.345730 25.355633 25.369661 25.379665 25.394051 25.404097 25.418779 25.428801 25.443718 25.453646 25.468729 25.478489 25.493664 25.503181 25.518370 25.527567 25.542688 25.551485 25.566456 25.574774 25.589504 25.597265 25.611670 25.618793 25.632786 25.639202 25.652695 25.658329 25.671238 25.676025 25.688269 25.692148 25.703650 25.706568 25.717255 25.719162 25.728968 25.729824 25.738691 25.738468 25.746344 25.745016 25.751856 25.749414 25.755184 25.751621 25.756296 25.751621 25.755184 25.749414 25.751856 25.745016 25.746344 25.738468 25.738691 25.729824 25.728968 25.719162 25.717255 25.706568 25.703650 25.692148 25.688269 25.676025 25.671236 25.658329 25.652693 25.639200 25.632786 25.618793 25.611668 25.597263 25.589502 25.574772 25.566452 25.551483 25.542685 25.527563 25.518366 25.503176 25.493658 25.478481 25.468719 25.453636 25.443708 25.428789 25.418768 25.404083 25.394035 25.379650 25.369642 25.355612 25.345707 25.332081 25.322332 25.309156 25.299616 25.286930 25.277637 25.265472 25.256470 25.244852 25.236170 25.225115 25.216784 25.206303 25.198339 25.188440 25.180861 25.171545 25.164356 25.155619 25.148827 25.140659 25.134264 25.126650 25.120644 25.113567 25.107943 25.101379 25.096121 25.090046 25.085140 25.079525 25.074947 25.069763 25.065493 25.060703 25.056715 25.052290 25.048555 25.044455 25.040945 25.037134 25.033815 25.030260 25.027100 25.023756 25.020723 25.017553 25.014610 25.011576 25.008690 25.005751 25.002884 25.000000 
25.000000 25.005411 25.010796 25.016310 25.021734 25.027433 25.032965 25.038925 25.044638 25.050934 25.056894 25.063604 25.069878 25.077076 25.083727 25.091492 25.098583 25.106983 25.114573 25.123682 25.131826 25.141710 25.150461 25.161186 25.170591 25.182220 25.192318 25.204910 25.215740 25.229345 25.240934 25.255600 25.267973 25.283735 25.296906 25.313801 25.327772 25.345821 25.360588 25.379808 25.395357 25.415749 25.432056 25.453613 25.470644 25.493345 25.511051 25.534868 25.553186 25.578077 25.596939 25.622843 25.642168 25.669016 25.688705 25.716413 25.736366 25.764839 25.784935 25.814062 25.834177 25.863840 25.883837 25.913900 25.933638 25.963961 25.983288 26.013718 26.032482 26.062857 26.080902 26.111057 26.128220 26.157986 26.174110 26.203308 26.218239 26.246696 26.260279 26.287825 26.299911 26.326370 26.336826 26.362036 26.370731 26.394529 26.401352 26.423588 26.428434 26.448969 26.451750 26.470461 26.471107 26.487883 26.486338 26.501081 26.497313 26.509945 26.503935 26.514395 26.506149 26.514395 26.503935 26.509943 26.497313 26.501080 26.486338 26.487883 26.471107 26.470461 26.451750 26.448969 26.428432 26.423588 26.401352 26.394527 26.370731 26.362032 26.336826 26.326368 26.299911 26.287821 26.260277 26.246695 26.218237 26.203306 26.174107 26.157980 26.128216 26.111052 26.080894 26.062849 26.032473 26.013706 25.983276 25.963945 25.933624 25.913883 25.883818 25.863817 25.834152 25.814035 25.784906 25.764805 25.736330 25.716372 25.688660 25.668962 25.642109 25.622778 25.596869 25.577995 25.553099 25.534767 25.510939 25.493221 25.470505 25.453461 25.431887 25.415564 25.395149 25.379580 25.360334 25.345541 25.327461 25.313457 25.296530 25.283321 25.267517 25.255098 25.240387 25.228743 25.215084 25.204189 25.191536 25.181362 25.169657 25.160166 25.149353 25.140501 25.130516 25.122253 25.113029 25.105303 25.096771 25.089523 25.081608 25.074776 25.067406 25.060926 25.054024 25.047829 25.041315 25.035337 25.029133 25.023302 25.017328 25.011574 25.005751 25.000000 
25.000000 25.008106 25.016310 25.024424 25.032845 25.041071 25.049828 25.058270 25.067476 25.076241 25.086012 25.095196 25.105648 25.115353 25.126595 25.136917 25.149063 25.160089 25.173248 25.185070 25.199343 25.212036 25.227528 25.241169 25.257975 25.272631 25.290838 25.306568 25.326262 25.343115 25.364368 25.382383 25.405262 25.424465 25.449022 25.469429 25.495707 25.517319 25.545343 25.568144 25.597931 25.621893 25.653439 25.678518 25.711803 25.737932 25.772921 25.800022 25.836657 25.864630 25.902836 25.931568 25.971247 26.000607 26.041643 26.071476 26.113735 26.143875 26.187204 26.217468 26.261694 26.291885 26.336815 26.366724 26.412151 26.441561 26.487263 26.515942 26.561684 26.589397 26.634933 26.661446 26.706522 26.731590 26.775949 26.799335 26.842712 26.864187 26.906319 26.925655 26.966282 26.983267 27.022135 27.036570 27.073431 27.085133 27.119759 27.128563 27.160734 27.166496 27.196014 27.198616 27.225304 27.224649 27.248348 27.244373 27.264954 27.257620 27.274975 27.264269 27.278326 27.264269 27.274975 27.257620 27.264954 27.244373 27.248348 27.224649 27.225304 27.198616 27.196014 27.166496 27.160734 27.128563 27.119759 27.085133 27.073429 27.036568 27.022131 26.983267 26.966278 26.925653 26.906315 26.864183 26.842707 26.799332 26.775942 26.731585 26.706514 26.661436 26.634924 26.589384 26.561670 26.515926 26.487246 26.441542 26.412128 26.366699 26.336786 26.291853 26.261658 26.217428 26.187160 26.143826 26.113680 26.071413 26.041573 26.000528 25.971159 25.931471 25.902725 25.864511 25.836519 25.799871 25.772751 25.737745 25.711594 25.678286 25.653185 25.621611 25.597620 25.567799 25.544960 25.516895 25.495239 25.468916 25.448454 25.423843 25.404575 25.381632 25.363543 25.342213 25.325270 25.305490 25.289654 25.271343 25.256563 25.239639 25.225853 25.210224 25.197363 25.182928 25.170916 25.157572 25.146326 25.133966 25.123392 25.111908 25.101912 25.091188 25.081671 25.071592 25.062454 25.052898 25.044035 25.034887 25.026190 25.017330 25.008692 25.000000 
25.000000 25.010899 25.021734 25.032845 25.043760 25.055243 25.066378 25.078384 25.089880 25.102566 25.114557 25.128078 25.140701 25.155205 25.168589 25.184227 25.198496 25.215416 25.230692 25.249035 25.265425 25.285330 25.302940 25.324539 25.343464 25.366882 25.387207 25.412558 25.434355 25.461744 25.485071 25.514595 25.539495 25.571230 25.597733 25.631744 25.659861 25.696194 25.725916 25.764599 25.795897 25.836937 25.869761 25.913143 25.947422 25.993111 26.028744 26.076675 26.113546 26.163631 26.201597 26.253723 26.292620 26.346640 26.386274 26.442022 26.482185 26.539469 26.579924 26.638523 26.679014 26.738688 26.778942 26.839422 26.879156 26.940153 26.979065 27.040272 27.078053 27.139149 27.175482 27.236132 27.270695 27.330555 27.363029 27.421749 27.451820 27.509050 27.536409 27.591797 27.616152 27.669353 27.690428 27.741108 27.758646 27.806484 27.820251 27.864948 27.874741 27.916018 27.921654 27.959259 27.960600 27.994307 27.991243 28.020861 28.013325 28.038692 28.026649 28.047647 28.031103 28.047647 28.026649 28.038692 28.013325 28.020859 27.991243 27.994305 27.960600 27.959257 27.921654 27.916018 27.874739 27.864948 27.820251 27.806482 27.758644 27.741104 27.690426 27.669350 27.616150 27.591791 27.536406 27.509043 27.451815 27.421743 27.363022 27.330545 27.270685 27.236120 27.175467 27.139133 27.078035 27.040253 26.979042 26.940126 26.879128 26.839388 26.778906 26.738646 26.678967 26.638470 26.579863 26.539402 26.482111 26.441938 26.386181 26.346533 26.292501 26.253590 26.201454 26.163467 26.113365 26.076469 26.028519 25.992857 25.947142 25.912834 25.869417 25.836559 25.795477 25.764133 25.725403 25.695625 25.659235 25.631054 25.596975 25.570395 25.538578 25.513586 25.483969 25.460533 25.433033 25.411108 25.385628 25.365152 25.341583 25.322481 25.300709 25.282892 25.262785 25.246157 25.227581 25.212032 25.194847 25.180262 25.164320 25.150572 25.135725 25.122684 25.108778 25.096313 25.083187 25.071161 25.058661 25.046926 25.034893 25.023308 25.011580 25.000000 
25.000000 25.013628 25.027433 25.041071 25.055243 25.069069 25.083803 25.097992 25.113483 25.128212 25.144653 25.160091 25.177673 25.193985 25.212900 25.230246 25.250677 25.269211 25.291342 25.311211 25.335215 25.356550 25.382601 25.405531 25.433788 25.458422 25.489037 25.515476 25.548588 25.576914 25.612646 25.642925 25.681387 25.713663 25.754944 25.789242 25.833412 25.869734 25.916840 25.955164 26.005226 26.045504 26.098518 26.140671 26.196606 26.240526 26.299318 26.344872 26.406427 26.453449 26.517639 26.565939 26.632601 26.681953 26.750893 26.801043 26.872034 26.922701 26.995485 27.046362 27.120646 27.171404 27.246868 27.297153 27.373449 27.422895 27.499647 27.547869 27.624683 27.671289 27.747753 27.792339 27.868025 27.910191 27.984663 28.024008 28.096827 28.132959 28.203684 28.236229 28.304419 28.333019 28.398249 28.422565 28.484425 28.504152 28.562250 28.577110 28.631086 28.640837 28.690353 28.694796 28.739553 28.738531 28.778267 28.771666 28.806162 28.793917 28.822996 28.805090 28.828623 28.805090 28.822996 28.793917 28.806162 28.771666 28.778267 28.738531 28.739553 28.694796 28.690353 28.640835 28.631086 28.577108 28.562250 28.504150 28.484423 28.422564 28.398245 28.333017 28.304413 28.236227 28.203676 28.132956 28.096819 28.024000 27.984653 27.910179 27.868011 27.792324 27.747736 27.671268 27.624662 27.547844 27.499619 27.422863 27.373413 27.297113 27.246820 27.171350 27.120586 27.046295 26.995409 26.922617 26.871941 26.800938 26.750774 26.681820 26.632452 26.565775 26.517454 26.453247 26.406197 26.344618 26.299032 26.240210 26.196253 26.140280 26.098087 26.045025 26.004698 25.954580 25.916193 25.869022 25.832624 25.788378 25.753988 25.712616 25.680231 25.641663 25.611256 25.575397 25.546921 25.513660 25.487045 25.456257 25.431414 25.402954 25.379786 25.353498 25.331884 25.307608 25.287418 25.264977 25.246071 25.225283 25.207510 25.188190 25.171391 25.153347 25.137354 25.120394 25.105036 25.088959 25.074060 25.058670 25.044048 25.029144 25.014618 25.000000 
25.000000 25.016533 25.032965 25.049828 25.066378 25.083803 25.100685 25.118908 25.136333 25.155588 25.173767 25.194283 25.213419 25.235428 25.255714 25.279444 25.301073 25.326742 25.349897 25.377722 25.402569 25.432760 25.459455 25.492214 25.520903 25.556416 25.587225 25.625668 25.658707 25.700241 25.735600 25.780363 25.818108 25.866220 25.906395 25.957954 26.000574 26.055649 26.100702 26.159336 26.206779 26.268980 26.318739 26.384485 26.436447 26.505680 26.559700 26.632326 26.688225 26.764109 26.821669 26.900635 26.959606 27.041441 27.101534 27.185980 27.246874 27.333641 27.394978 27.483734 27.545130 27.635502 27.696547 27.788132 27.848391 27.940752 27.999769 28.092443 28.149748 28.242247 28.297361 28.389179 28.441616 28.532228 28.581505 28.670385 28.716024 28.802637 28.844175 28.927992 28.964983 29.045481 29.077505 29.154179 29.180849 29.253214 29.274176 29.341778 29.356718 29.419136 29.427788 29.484638 29.486784 29.537727 29.533205 29.577951 29.566652 29.604961 29.586838 29.618526 29.593584 29.618526 29.586838 29.604961 29.566652 29.577951 29.533205 29.537727 29.486784 29.484636 29.427786 29.419136 29.356716 29.341778 29.274174 29.253212 29.180845 29.154175 29.077503 29.045475 28.964979 28.927984 28.844170 28.802629 28.716017 28.670374 28.581495 28.532215 28.441599 28.389160 28.297340 28.242224 28.149721 28.092413 27.999735 27.940714 27.848347 27.788082 27.696491 27.635439 27.545057 27.483654 27.394888 27.333542 27.246759 27.185854 27.101391 27.041281 26.959429 26.900434 26.821447 26.763859 26.687948 26.632015 26.559357 26.505297 26.436022 26.384012 26.318216 26.268402 26.206142 26.158628 26.099924 26.054787 25.999626 25.956905 25.905247 25.864950 25.816719 25.778831 25.733929 25.698400 25.656704 25.623466 25.584829 25.553789 25.518049 25.489090 25.456068 25.429060 25.398561 25.373354 25.345177 25.321604 25.295534 25.273422 25.249237 25.228395 25.205866 25.186100 25.164995 25.146099 25.126181 25.107946 25.088978 25.071186 25.052925 25.035358 25.017565 25.000000 
25.000000 25.019335 25.038925 25.058270 25.078384 25.097992 25.118908 25.139030 25.161018 25.181904 25.205240 25.227129 25.252083 25.275211 25.302053 25.326649 25.355640 25.381918 25.413317 25.441486 25.475542 25.505793 25.542746 25.575254 25.615334 25.650261 25.693680 25.731165 25.778120 25.818279 25.868948 25.911875 25.966408 26.012167 26.070692 26.119320 26.181934 26.233433 26.300203 26.354538 26.425493 26.482597 26.557732 26.617496 26.696762 26.759033 26.842340 26.906929 26.994143 27.060820 27.151756 27.220243 27.314676 27.384657 27.482307 27.553423 27.653973 27.725824 27.828903 27.901056 28.006252 28.078239 28.185097 28.256422 28.364447 28.434586 28.543247 28.611658 28.720398 28.786522 28.894754 28.958023 29.065145 29.124990 29.230383 29.286238 29.389278 29.440590 29.540653 29.586887 29.683353 29.724003 29.816269 29.850857 29.938341 29.966431 30.048584 30.069782 30.146086 30.160055 30.230038 30.236490 30.299728 30.298441 30.354565 30.345377 30.394075 30.376894 30.417919 30.392723 30.425892 30.392723 30.417919 30.376894 30.394075 30.345375 30.354565 30.298441 30.299726 30.236488 30.230036 30.160053 30.146084 30.069780 30.048580 29.966427 29.938337 29.850853 29.816263 29.723999 29.683346 29.586884 29.540644 29.440584 29.389267 29.286228 29.230370 29.124973 29.065126 28.958000 28.894730 28.786493 28.720367 28.611622 28.543207 28.434540 28.364395 28.256365 28.185032 28.078167 28.006168 27.900963 27.828798 27.725704 27.653839 27.553272 27.482140 27.384468 27.314465 27.220009 27.151495 27.060528 26.993816 26.906567 26.841934 26.758585 26.696260 26.616943 26.557117 26.481920 26.424742 26.353710 26.299284 26.232424 26.180815 26.118093 26.069334 26.010683 25.964767 25.910084 25.866974 25.816128 25.775753 25.728588 25.690851 25.647186 25.611963 25.571598 25.538748 25.501459 25.470814 25.436373 25.407745 25.375906 25.349098 25.319603 25.294401 25.266987 25.243164 25.217558 25.194880 25.170807 25.149029 25.126211 25.105082 25.083237 25.062500 25.041348 25.020741 25.000000 
25.000000 25.022388 25.044638 25.067476 25.089880 25.113483 25.136333 25.161018 25.184605 25.210684 25.235289 25.263075 25.288971 25.318779 25.346233 25.378365 25.407635 25.442392 25.473722 25.511396 25.545015 25.585890 25.622009 25.666353 25.705168 25.753235 25.794920 25.846947 25.891649 25.947851 25.995691 26.056257 26.107327 26.172419 26.226774 26.296520 26.354187 26.428682 26.489641 26.568939 26.633133 26.717249 26.784575 26.873476 26.943785 27.037394 27.110487 27.208673 27.284311 27.386892 27.464781 27.571518 27.651318 27.761921 27.843241 27.957367 28.039772 28.157021 28.240032 28.359957 28.443054 28.565149 28.647779 28.771502 28.853071 28.977831 29.057730 29.182898 29.260490 29.385408 29.460045 29.584026 29.655054 29.777395 29.844158 29.964142 30.025995 30.142904 30.199221 30.312338 30.362516 30.471138 30.514612 30.618053 30.654295 30.751907 30.780437 30.871605 30.892002 30.976156 30.988060 31.064682 31.067797 31.136433 31.130537 31.190794 31.175743 31.227299 31.203026 31.245630 31.212147 31.245630 31.203026 31.227299 31.175743 31.190792 31.130537 31.136431 31.067797 31.064678 30.988056 30.976152 30.892000 30.871601 30.780434 30.751904 30.654291 30.618048 30.514606 30.471130 30.362511 30.312328 30.199215 30.142893 30.025986 29.964128 29.844141 29.777376 29.655031 29.584003 29.460016 29.385376 29.260454 29.182858 29.057684 28.977779 28.853014 28.771435 28.647703 28.565065 28.442959 28.359848 28.239910 28.156885 28.039618 27.957193 27.843048 27.761703 27.651075 27.571247 27.464479 27.386553 27.283936 27.208254 27.110022 27.036875 26.943211 26.872837 26.783867 26.716465 26.632269 26.567980 26.488586 26.427511 26.352903 26.295097 26.225218 26.170696 26.105446 26.054182 25.993425 25.945358 25.888933 25.843962 25.791674 25.749674 25.701302 25.662119 25.617420 25.580873 25.539587 25.505478 25.467329 25.435431 25.400131 25.370207 25.337456 25.309250 25.278740 25.251989 25.223406 25.197834 25.170855 25.146173 25.120478 25.096397 25.071663 25.047882 25.023785 25.000000 
25.000000 25.025299 25.050934 25.076241 25.102566 25.128212 25.155588 25.181904 25.210684 25.237997 25.268536 25.297161 25.329817 25.360060 25.395182 25.427340 25.465271 25.499630 25.540707 25.577534 25.622082 25.661629 25.709961 25.752460 25.804874 25.850534 25.907310 25.956312 26.017704 26.070204 26.136442 26.192560 26.263840 26.323660 26.400150 26.463720 26.545546 26.612867 26.700113 26.771145 26.863852 26.938501 27.036657 27.114784 27.218325 27.299734 27.408543 27.492985 27.606882 27.694052 27.812799 27.902342 28.025639 28.117138 28.244625 28.337610 28.468868 28.562820 28.697367 28.791721 28.929012 29.023161 29.162603 29.255892 29.396843 29.488590 29.630358 29.719856 29.861708 29.948229 30.089401 30.172203 30.311909 30.390247 30.527678 30.600821 30.735159 30.802380 30.932816 30.993416 31.119141 31.172457 31.292686 31.338095 31.452072 31.489002 31.596006 31.623947 31.723307 31.741814 31.832912 31.841612 31.923901 31.922499 31.995491 31.983780 32.047073 32.024933 32.078201 32.045597 32.088608 32.045597 32.078201 32.024929 32.047073 31.983778 31.995487 31.922497 31.923897 31.841610 31.832909 31.741812 31.723303 31.623943 31.596003 31.488998 31.452066 31.338089 31.292679 31.172449 31.119131 30.993408 30.932804 30.802368 30.735146 30.600803 30.527660 30.390226 30.311884 30.172174 30.089369 29.948193 29.861668 29.719810 29.630304 29.488533 29.396776 29.255817 29.162518 29.023064 28.928904 28.791597 28.697227 28.562666 28.468693 28.337414 28.244406 28.116892 28.025364 27.902033 27.812456 27.693668 27.606453 27.492508 27.408010 27.299147 27.217670 27.114061 27.035852 26.937613 26.862865 26.770060 26.698908 26.611544 26.544079 26.462112 26.398373 26.321714 26.261692 26.190212 26.133856 26.067385 26.014603 25.952938 25.903605 25.846510 25.800461 25.747673 25.704723 25.655958 25.615889 25.570839 25.533411 25.491758 25.456707 25.418118 25.385162 25.349293 25.318140 25.284634 25.254976 25.223473 25.194992 25.165129 25.137493 25.108904 25.081779 25.054098 25.027140 25.000000 
25.000000 25.028540 25.056894 25.086012 25.114557 25.144653 25.173767 25.205240 25.235289 25.268536 25.299881 25.335304 25.368292 25.406286 25.441256 25.482210 25.519489 25.563784 25.603685 25.651691 25.694506 25.746582 25.792582 25.849070 25.898502 25.959726 26.012810 26.079069 26.135994 26.207561 26.268482 26.345594 26.410627 26.493492 26.562710 26.651489 26.724922 26.819736 26.897360 26.998276 27.080021 27.187052 27.272785 27.385895 27.475428 27.594511 27.687593 27.812485 27.908808 28.039272 28.138468 28.274202 28.375834 28.516468 28.620041 28.765139 28.870100 29.019150 29.124889 29.277321 29.383181 29.538353 29.643625 29.800844 29.904781 30.063297 30.165117 30.324133 30.423029 30.581705 30.676855 30.834320 30.924889 31.080246 31.165403 31.317743 31.396669 31.545076 31.616976 31.760542 31.824648 31.962479 32.018066 32.149300 32.195702 32.319508 32.356110 32.471710 32.497982 32.604652 32.620129 32.717216 32.721523 32.808445 32.801308 32.877563 32.858791 32.923977 32.893478 32.947289 32.905075 32.947289 32.893478 32.923977 32.858788 32.877560 32.801304 32.808441 32.721523 32.717213 32.620125 32.604649 32.497978 32.471706 32.356106 32.319504 32.195698 32.149296 32.018059 31.962471 31.824636 31.760532 31.616964 31.545063 31.396654 31.317724 31.165380 31.080221 30.924860 30.834288 30.676819 30.581665 30.422983 30.324080 30.165058 30.063231 29.904705 29.800758 29.643528 29.538244 29.383057 29.277182 29.124735 29.018974 28.869904 28.764917 28.619795 28.516193 28.375525 28.273857 28.138081 28.038841 27.908329 27.811949 27.687000 27.593847 27.474693 27.385078 27.271883 27.186052 27.078915 26.997051 26.896013 26.818241 26.723284 26.649675 26.560722 26.491297 26.408226 26.342947 26.265591 26.204378 26.132526 26.075260 26.008667 25.955181 25.893568 25.843668 25.786728 25.740183 25.687584 25.644138 25.595531 25.554903 25.509918 25.471802 25.430061 25.394135 25.355246 25.321167 25.284729 25.252151 25.217756 25.186314 25.153553 25.122871 25.091337 25.061033 25.030313 25.000000 
25.000000 25.031590 25.063604 25.095196 25.128078 25.160091 25.194283 25.227129 25.263075 25.297161 25.335304 25.371025 25.411804 25.449543 25.493397 25.533522 25.580877 25.623747 25.675022 25.720968 25.776569 25.825909 25.886223 25.939243 26.004644 26.061605 26.132437 26.193567 26.270147 26.335638 26.418251 26.488255 26.577145 26.651768 26.747141 26.826439 26.928452 27.012430 27.121189 27.209793 27.325342 27.418463 27.540785 27.638245 27.767263 27.868818 28.004383 28.109722 28.251610 28.360357 28.508266 28.619974 28.773535 28.887688 29.046446 29.162462 29.325891 29.443125 29.610624 29.728369 29.899265 30.016762 30.190311 30.306751 30.482151 30.596684 30.773077 30.884819 31.061291 31.169334 31.344934 31.448362 31.622108 31.719992 31.890881 31.982302 32.149315 32.233376 32.395504 32.471336 32.627575 32.694347 32.843719 32.900654 33.042225 33.088612 33.221481 33.256683 33.380020 33.403484 33.516521 33.527779 33.629833 33.628517 33.718987 33.704842 33.783222 33.756092 33.821991 33.781826 33.834949 33.781826 33.821991 33.756088 33.783222 33.704838 33.718983 33.628517 33.629829 33.527779 33.516518 33.403484 33.380016 33.256683 33.221478 33.088608 33.042221 32.900650 32.843716 32.694336 32.627567 32.471321 32.395493 32.233360 32.149300 31.982279 31.890856 31.719963 31.622078 31.448326 31.344896 31.169289 31.061237 30.884760 30.773008 30.596609 30.482067 30.306656 30.190205 30.016640 29.899128 29.728214 29.610451 29.442930 29.325672 29.162218 29.046171 28.887381 28.773190 28.619591 28.507837 28.359877 28.251074 28.109129 28.003719 27.868084 27.766445 27.637339 27.539780 27.417351 27.324108 27.208435 27.119680 27.010775 26.926619 26.824427 26.744917 26.649334 26.574459 26.485319 26.415018 26.332113 26.266270 26.189348 26.127804 26.056572 25.999128 25.933260 25.879679 25.818821 25.768829 25.712605 25.665903 25.613911 25.570175 25.521999 25.480877 25.436090 25.397215 25.355375 25.318363 25.279020 25.243473 25.206177 25.171684 25.135979 25.102116 25.067547 25.033890 25.000000 
25.000000 25.035055 25.069878 25.105648 25.140701 25.177673 25.213419 25.252083 25.288971 25.329817 25.368292 25.411804 25.452295 25.498959 25.541880 25.592173 25.637926 25.692312 25.741280 25.800215 25.852755 25.916677 25.973124 26.042452 26.103107 26.178238 26.243370 26.324667 26.394512 26.482307 26.557053 26.651638 26.731430 26.833054 26.917978 27.026842 27.116938 27.233181 27.328419 27.452129 27.552420 27.683609 27.788795 27.927414 28.037264 28.183184 28.297392 28.450407 28.568596 28.728416 28.850130 29.016386 29.141094 29.313328 29.440426 29.618097 29.746910 29.929396 30.059174 30.245771 30.375710 30.565636 30.694868 30.887270 31.014879 31.208839 31.333872 31.528412 31.649878 31.843969 31.960859 32.153439 32.264736 32.454700 32.559383 32.745628 32.842697 33.024094 33.112572 33.288010 33.366959 33.535351 33.603882 33.764168 33.821461 33.972633 34.017937 34.159042 34.191704 34.321854 34.341312 34.459709 34.465500 34.571438 34.563213 34.656086 34.633614 34.712929 34.676102 34.741474 34.690304 34.741474 34.676102 34.712925 34.633614 34.656082 34.563213 34.571434 34.465500 34.459709 34.341309 34.321850 34.191700 34.159035 34.017933 33.972626 33.821453 33.764164 33.603870 33.535343 33.366943 33.287998 33.112553 33.024075 32.842678 32.745605 32.559361 32.454670 32.264702 32.153400 31.960815 31.843920 31.649820 31.528347 31.333799 31.208757 31.014786 30.887165 30.694748 30.565502 30.375557 30.245602 30.058983 29.929180 29.746668 29.617826 29.440123 29.312986 29.140715 29.015959 28.849655 28.727884 28.568005 28.449747 28.296661 28.182369 28.036362 27.926411 27.787685 27.682377 27.551062 27.450621 27.326761 27.231342 27.114918 27.024609 26.915533 26.830353 26.728476 26.648380 26.553499 26.478394 26.390249 26.319983 26.238277 26.172649 26.097042 26.035810 25.965927 25.908812 25.844246 25.790932 25.731256 25.681395 25.626162 25.579380 25.528122 25.484024 25.436262 25.394434 25.349674 25.309683 25.267433 25.228830 25.188587 25.150913 25.112177 25.074963 25.037230 25.000000 
25.000000 25.038279 25.077076 25.115353 25.155205 25.193985 25.235428 25.275211 25.318779 25.360060 25.406286 25.449543 25.498959 25.544657 25.597788 25.646374 25.703739 25.755644 25.817749 25.873377 25.940710 26.000443 26.073475 26.137657 26.216835 26.285788 26.371525 26.445522 26.538204 26.617477 26.717442 26.802176 26.909723 27.000046 27.115417 27.211397 27.334784 27.436428 27.567951 27.675198 27.814913 27.927622 28.075506 28.193470 28.349424 28.472349 28.636192 28.763699 28.935158 29.066795 29.245506 29.380732 29.566242 29.704433 29.896196 30.036652 30.234026 30.375967 30.578226 30.720798 30.927126 31.069416 31.278913 31.419943 31.631641 31.770382 31.983242 32.118629 32.331547 32.462482 32.674313 32.799686 33.009239 33.127937 33.334003 33.444912 33.646263 33.748299 33.943714 34.035824 34.224098 34.305279 34.485233 34.554546 34.725048 34.781631 34.941601 34.984692 35.133125 35.162045 35.298016 35.312206 35.434895 35.433910 35.542591 35.526112 35.620190 35.588024 35.667015 35.619114 35.682671 35.619114 35.667015 35.588024 35.620186 35.526112 35.542591 35.433910 35.434891 35.312206 35.298012 35.162041 35.133118 34.984688 34.941597 34.781628 34.725037 34.554539 34.485226 34.305267 34.224087 34.035809 33.943699 33.748280 33.646244 33.444885 33.333973 33.127903 33.009205 32.799644 32.674263 32.462425 32.331486 32.118557 31.983160 31.770292 31.631540 31.419827 31.278784 31.069267 30.926960 30.720612 30.578014 30.375731 30.233761 30.036356 29.895861 29.704062 29.565823 29.380264 29.244984 29.066212 28.934507 28.762978 28.635386 28.471455 28.348431 28.192369 28.074284 27.926271 27.813412 27.673548 27.566122 27.434418 27.332558 27.208956 27.112719 26.997091 26.906462 26.798616 26.713518 26.613199 26.533499 26.440403 26.365904 26.279682 26.210142 26.130400 26.065535 25.991846 25.931324 25.863234 25.806692 25.743717 25.690762 25.632402 25.582609 25.528345 25.481270 25.430571 25.385746 25.338070 25.295015 25.249817 25.208033 25.164764 25.123739 25.081848 25.041065 25.000000 
25.000000 25.042007 25.083727 25.126595 25.168589 25.212900 25.255714 25.302053 25.346233 25.395182 25.441256 25.493397 25.541880 25.597788 25.649181 25.709425 25.764206 25.829344 25.887968 25.958544 26.021442 26.097977 26.165546 26.248541 26.321142 26.411070 26.489029 26.586319 26.669916 26.774965 26.864428 26.977581 27.073078 27.194633 27.296274 27.426466 27.534292 27.673290 27.787271 27.935173 28.055201 28.212023 28.337908 28.503584 28.635054 28.809425 28.946115 29.128937 29.270395 29.461319 29.607002 29.805582 29.954857 30.160543 30.312687 30.524836 30.679041 30.896904 31.052282 31.275015 31.430599 31.657269 31.812029 32.041615 32.194454 32.425861 32.575642 32.807693 32.953236 33.184711 33.324810 33.554436 33.687870 33.914337 34.039894 34.261871 34.378357 34.594509 34.700752 34.909760 35.004635 35.205193 35.287647 35.478493 35.547543 35.727474 35.782227 35.950111 35.989780 36.144558 36.168472 36.309193 36.316799 36.442627 36.433506 36.543720 36.517590 36.611603 36.568333 36.645691 36.585293 36.645691 36.568333 36.611603 36.517590 36.543720 36.433502 36.442627 36.316799 36.309193 36.168468 36.144554 35.989777 35.950104 35.782223 35.727467 35.547535 35.478485 35.287636 35.205181 35.004620 34.909744 34.700733 34.594490 34.378334 34.261848 34.039864 33.914303 33.687828 33.554390 33.324757 33.184654 32.953167 32.807617 32.575554 32.425762 32.194344 32.041489 31.811886 31.657108 31.430418 31.274811 31.052052 30.896645 30.678753 30.524509 30.312325 30.160133 29.954399 29.805069 29.606432 29.460682 29.269686 29.128147 28.945238 28.808447 28.633968 28.502377 28.336576 28.210541 28.053570 27.933361 27.785280 27.671083 27.531870 27.423786 27.293337 27.191391 27.069532 26.973671 26.860161 26.770267 26.664803 26.580698 26.482920 26.404364 26.313868 26.240574 26.156914 26.088541 26.011236 25.947411 25.875950 25.816254 25.750099 25.694088 25.632685 25.579882 25.522659 25.472569 25.418940 25.371044 25.320415 25.274179 25.225956 25.180824 25.134407 25.089823 25.044609 25.000000 
25.000000 25.045435 25.091492 25.136917 25.184227 25.230246 25.279444 25.326649 25.378365 25.427340 25.482210 25.533522 25.592173 25.646374 25.709425 25.767050 25.835114 25.896669 25.970343 26.036308 26.116173 26.187000 26.273607 26.349710 26.443590 26.525341 26.626980 26.714712 26.824562 26.918547 27.037008 27.137463 27.264889 27.371965 27.508640 27.622423 27.768568 27.889063 28.044819 28.171953 28.337383 28.470997 28.646070 28.785912 28.970509 29.116234 29.310135 29.461298 29.664179 29.820242 30.031672 30.191996 30.411430 30.575283 30.802074 30.968622 31.202011 31.370335 31.609457 31.778547 32.022438 32.191212 32.438808 32.606113 32.856266 33.020885 33.272358 33.433033 33.684528 33.839962 34.090122 34.238998 34.486420 34.627419 34.870667 35.002476 35.240108 35.361439 35.592010 35.701622 35.923706 36.020412 36.232616 36.315311 36.516300 36.583961 36.772461 36.824177 36.999004 37.033978 37.194042 37.211609 37.355942 37.355572 37.483326 37.464642 37.575108 37.537876 37.630493 37.574654 37.649010 37.574654 37.630493 37.537876 37.575108 37.464638 37.483326 37.355572 37.355942 37.211609 37.194038 37.033974 36.998997 36.824173 36.772453 36.583958 36.516289 36.315304 36.232609 36.020401 35.923691 35.701603 35.591991 35.361416 35.240082 35.002445 34.870636 34.627377 34.486378 34.238949 34.090065 33.839897 33.684456 33.432949 33.272263 33.020779 32.856144 32.605976 32.438656 32.191040 32.022243 31.778326 31.609207 31.370052 31.201694 30.968267 30.801674 30.574839 30.410931 30.191441 30.031048 29.819550 29.663406 29.460438 29.309177 29.115170 28.969326 28.784601 28.644615 28.469391 28.335600 28.169992 28.042643 27.886673 27.765921 27.619522 27.505432 27.368454 27.261013 27.133230 27.032345 26.913462 26.818968 26.708628 26.620298 26.518085 26.435633 26.341087 26.264172 26.176786 26.105019 26.024258 25.957205 25.882502 25.819695 25.750452 25.691395 25.627003 25.571161 25.510990 25.457817 25.401228 25.350147 25.296495 25.246918 25.195553 25.146872 25.097143 25.048744 25.000000 
25.000000 25.049463 25.098583 25.149063 25.198496 25.250677 25.301073 25.355640 25.407635 25.465271 25.519489 25.580877 25.637926 25.703739 25.764206 25.835114 25.899559 25.976215 26.045176 26.128216 26.202198 26.292234 26.371708 26.469324 26.554714 26.660460 26.752148 26.866533 26.964846 27.088333 27.193537 27.326529 27.438826 27.581667 27.701187 27.854149 27.980940 28.144220 28.278248 28.451956 28.593094 28.777246 28.925272 29.119787 29.274382 29.479074 29.639811 29.854383 30.020731 30.244776 30.416098 30.649084 30.824640 31.065924 31.244865 31.493685 31.675066 31.930540 32.113319 32.374458 32.557499 32.823204 33.005302 33.274376 33.454247 33.725399 33.901707 34.173565 34.344921 34.616047 34.781040 35.049946 35.207146 35.472294 35.620277 35.880108 36.017471 36.270420 36.395794 36.640308 36.752377 36.986938 37.084457 37.307583 37.389404 37.599693 37.664764 37.860878 37.908276 38.088993 38.117924 38.282127 38.291943 38.438660 38.428864 38.557247 38.527512 38.636879 38.587044 38.676865 38.606945 38.676865 38.587044 38.636879 38.527512 38.557243 38.428864 38.438656 38.291943 38.282127 38.117920 38.088985 37.908272 37.860870 37.664757 37.599682 37.389397 37.307575 37.084446 36.986923 36.752357 36.640293 36.395771 36.270397 36.017441 35.880077 35.620239 35.472252 35.207100 35.049892 34.780979 34.615978 34.344841 34.173473 33.901604 33.725281 33.454117 33.274227 33.005135 32.823017 32.557285 32.374214 32.113045 31.930233 31.674723 31.493298 31.244434 31.065439 30.824100 30.648479 30.415424 30.244022 30.019894 29.853451 29.638773 29.477921 29.273102 29.118364 28.923700 28.775499 28.591167 28.449820 28.275900 28.141617 27.978083 27.850988 27.697723 27.577843 27.434645 27.321917 27.188505 27.082792 26.958815 26.859905 26.744944 26.652555 26.546137 26.459929 26.361532 26.281111 26.190172 26.115091 26.031012 25.960785 25.882936 25.817039 25.744770 25.682642 25.615280 25.556339 25.493200 25.436836 25.377226 25.322805 25.266024 25.212902 25.158243 25.105759 25.052521 25.000000 
25.000000 25.053123 25.106983 25.160089 25.215416 25.269211 25.326742 25.381918 25.442392 25.499630 25.563784 25.623747 25.692312 25.755644 25.829344 25.896669 25.976215 26.048124 26.134212 26.211267 26.304571 26.387300 26.488462 26.577351 26.686981 26.782463 26.901136 27.003593 27.131830 27.241585 27.379850 27.497158 27.645855 27.770895 27.930357 28.063223 28.233700 28.374403 28.556061 28.704514 28.897419 29.053436 29.257553 29.420843 29.636026 29.806187 30.032175 30.208691 30.445103 30.627348 30.873674 31.060904 31.316511 31.507872 31.771999 31.966522 32.238285 32.434902 32.713287 32.910820 33.194702 33.391895 33.680035 33.875538 34.166595 34.358994 34.651531 34.839363 35.131866 35.313622 35.604507 35.778648 36.066288 36.231281 36.514000 36.668316 36.944435 37.086578 37.354420 37.482941 37.740841 37.854362 38.100708 38.197933 38.431171 38.510914 38.729565 38.790760 38.993450 39.035164 39.220631 39.242088 39.409206 39.409790 39.557579 39.536839 39.664478 39.622150 39.728989 39.664993 39.750553 39.664993 39.728989 39.622150 39.664478 39.536839 39.557575 39.409790 39.409206 39.242088 39.220627 39.035160 38.993443 38.790756 38.729557 38.510906 38.431164 38.197926 38.100697 37.854347 37.740826 37.482922 37.354397 37.086552 36.944405 36.668282 36.513962 36.231236 36.066235 35.778591 35.604443 35.313545 35.131783 34.839268 34.651421 34.358871 34.166451 33.875378 33.679852 33.391689 33.194469 32.910561 32.712990 32.434570 32.237911 31.966106 31.771532 31.507349 31.315926 31.060251 30.872944 30.626535 30.444195 30.207684 30.031054 29.804941 29.634642 29.419308 29.255850 29.051554 28.895330 28.702213 28.553511 28.371601 28.230600 28.059820 27.926598 27.766781 27.641315 27.492199 27.374388 27.235630 27.125278 26.996468 26.893311 26.773966 26.677668 26.567253 26.477413 26.375345 26.291512 26.197165 26.118834 26.031544 25.958170 25.877247 25.808245 25.732977 25.667728 25.597385 25.535246 25.469084 25.409382 25.346651 25.288698 25.228638 25.171728 25.113581 25.056993 25.000000 
25.000000 25.057489 25.114573 25.173248 25.230692 25.291342 25.349897 25.413317 25.473722 25.540707 25.603685 25.675022 25.741280 25.817749 25.887968 25.970343 26.045176 26.134212 26.214283 26.310715 26.396608 26.501144 26.593407 26.706722 26.805847 26.928576 27.035006 27.167734 27.281849 27.425110 27.547218 27.701477 27.831816 27.997465 28.136183 28.313538 28.460691 28.649975 28.805523 29.006857 29.170656 29.384056 29.555851 29.781218 29.960634 30.197750 30.384298 30.632814 30.825882 31.085318 31.284168 31.553907 31.757683 32.036972 32.244694 32.532654 32.743225 33.038826 33.251041 33.553139 33.765690 34.073009 34.284489 34.595646 34.804573 35.118069 35.322899 35.637146 35.836273 36.149609 36.341400 36.652092 36.834900 37.141171 37.313343 37.613396 37.773304 38.065331 38.211388 38.493595 38.624283 38.894909 39.008789 39.266129 39.361866 39.604294 39.680672 39.906658 39.962601 40.170723 40.205315 40.394295 40.406776 40.575485 40.565285 40.712753 40.679485 40.804928 40.748405 40.851212 40.771442 40.851212 40.748405 40.804928 40.679485 40.712753 40.565285 40.575481 40.406776 40.394291 40.205311 40.170719 39.962597 39.906651 39.680664 39.604286 39.361855 39.266121 39.008778 38.894894 38.624264 38.493576 38.211365 38.065304 37.773270 37.613361 37.313297 37.141125 36.834843 36.652031 36.341331 36.149529 35.836182 35.637043 35.322781 35.117931 34.804420 34.595470 34.284294 34.072788 33.765438 33.552856 33.250725 33.038467 32.742825 32.532204 32.244194 32.036411 31.757051 31.553202 31.283382 31.084438 30.824907 30.631725 30.383091 30.196405 29.959145 29.779560 29.554018 29.382021 29.168413 29.004368 28.802786 28.646942 28.457363 28.309858 28.132151 27.993011 27.826946 27.696108 27.541361 27.418661 27.274828 27.160017 27.026619 26.919373 26.795864 26.695787 26.581566 26.488199 26.382616 26.295443 26.197805 26.116261 26.025841 25.949316 25.865362 25.793209 25.714945 25.646484 25.573116 25.507641 25.438364 25.375141 25.309149 25.247427 25.183899 25.122911 25.061035 25.000000 
