25.000000 25.000000 25.000000 25.000000 25.000000 25.000000 25.000000 25.000000 25.000000 25.000000 25.000000 25.000000 25.000000 25.000000 25.000000 25.000000 25.000000 25.000000 25.000000 25.000000 25.000000 25.000000 25.000000 25.000000 25.000000 25.000000 25.000000 25.000000 25.000000 25.000000 25.000000 25.000000 25.000000 25.000000 25.000000 25.000000 25.000000 25.000000 25.000000 25.000000 25.000000 25.000000 25.000000 25.000000 25.000000 25.000000 25.000000 25.000000 25.000000 25.000000 25.000000 25.000000 25.000000 25.000000 25.000000 25.000000 25.000000 25.000000 25.000000 25.000000 25.000000 25.000000 25.000000 25.000000 25.000000 25.000000 25.000000 25.000000 25.000000 25.000000 25.000000 25.000000 25.000000 25.000000 25.000000 25.000000 25.000000 25.000000 25.000000 25.000000 25.000000 25.000000 25.000000 25.000000 25.000000 25.000000 25.000000 25.000000 25.000000 25.000000 25.000000 25.000000 25.000000 25.000000 25.000000 25.000000 25.000000 25.000000 25.000000 25.000000 25.000000 25.000000 25.000000 25.000000 25.000000 25.000000 25.000000 25.000000 25.000000 25.000000 25.000000 25.000000 25.000000 25.000000 25.000000 25.000000 25.000000 25.000000 25.000000 25.000000 25.000000 25.000000 25.000000 25.000000 25.000000 25.000000 25.000000 25.000000 25.000000 25.000000 25.000000 25.000000 25.000000 25.000000 25.000000 25.000000 25.000000 25.000000 25.000000 25.000000 25.000000 25.000000 25.000000 25.000000 25.000000 25.000000 25.000000 25.000000 25.000000 25.000000 25.000000 25.000000 25.000000 25.000000 25.000000 25.000000 25.000000 25.000000 25.000000 25.000000 25.000000 25.000000 25.000000 25.000000 25.000000 25.000000 25.000000 25.000000 25.000000 25.000000 25.000000 25.000000 25.000000 25.000000 25.000000 25.000000 25.000000 25.000000 25.000000 25.000000 25.000000 25.000000 25.000000 25.000000 25.000000 25.000000 25.000000 25.000000 25.000000 25.000000 25.000000 25.000000 25.000000 25.000000 25.000000 25.000000 25.000000 25.000000 25.000000 25.000000 
25.000000 25.011541 25.023182 25.034649 25.046417 25.057831 25.069756 25.081139 25.093243 25.104620 25.116930 25.128321 25.140858 25.152285 25.165070 25.176550 25.189606 25.201153 25.214495 25.226124 25.239767 25.251492 25.265448 25.277271 25.291550 25.303482 25.318089 25.330130 25.345068 25.357216 25.372484 25.384735 25.400330 25.412676 25.428587 25.441015 25.457235 25.469730 25.486240 25.498781 25.515564 25.528130 25.545160 25.557726 25.574976 25.587511 25.604952 25.617424 25.635021 25.647394 25.665110 25.677345 25.695137 25.707197 25.725021 25.736860 25.754673 25.766245 25.783995 25.795256 25.812891 25.823793 25.841263 25.851755 25.869003 25.879038 25.896011 25.905539 25.922178 25.931150 25.947403 25.955770 25.971579 25.979296 25.994604 26.001625 26.016380 26.022659 26.036808 26.042307 26.055799 26.060478 26.073263 26.077087 26.089123 26.092058 26.103300 26.105320 26.115728 26.116808 26.126348 26.126469 26.135109 26.134254 26.141966 26.140125 26.146887 26.144053 26.149847 26.146019 26.150831 26.146013 26.149836 26.144035 26.146864 26.140095 26.141930 26.134209 26.135057 26.126411 26.126282 26.116735 26.115646 26.105230 26.103201 26.091949 26.089003 26.076958 26.073122 26.060326 26.055634 26.042128 26.036615 26.022453 26.016155 26.001385 25.994345 25.979017 25.971279 25.955450 25.947058 25.930782 25.921783 25.905117 25.895557 25.878557 25.868486 25.851206 25.840673 25.823168 25.812223 25.794546 25.783236 25.765442 25.753815 25.735952 25.724052 25.706173 25.694046 25.676193 25.663881 25.646099 25.633642 25.615971 25.603407 25.585884 25.573248 25.555908 25.543232 25.526106 25.513416 25.496529 25.483854 25.467230 25.454592 25.438246 25.425661 25.409615 25.397099 25.381357 25.368921 25.353497 25.341148 25.326042 25.313787 25.299000 25.286839 25.272366 25.260296 25.246134 25.234146 25.220285 25.208376 25.194801 25.182957 25.169655 25.157862 25.144815 25.133057 25.120249 25.108507 25.095913 25.084167 25.071766 25.059998 25.047762 25.035948 25.023857 25.011974 25.000000 
25.000000 25.023182 25.046190 25.069599 25.092480 25.116173 25.138969 25.163000 25.185759 25.210176 25.232944 25.257793 25.280611 25.305937 25.328842 25.354689 25.377716 25.404119 25.427298 25.454288 25.477644 25.505249 25.528801 25.557043 25.580805 25.609697 25.633677 25.663229 25.687424 25.717640 25.742046 25.772921 25.797525 25.829044 25.853827 25.885971 25.910904 25.943647 25.968695 26.002003 26.027122 26.060951 26.086096 26.120394 26.145508 26.180218 26.205238 26.240295 26.265156 26.300488 26.325113 26.360641 26.384953 26.420591 26.444506 26.480165 26.503593 26.539177 26.562029 26.597437 26.619617 26.654745 26.676155 26.710897 26.731441 26.765686 26.785267 26.818901 26.837420 26.870333 26.887690 26.919771 26.935873 26.967010 26.981764 27.011848 27.025164 27.054087 27.065878 27.093540 27.103729 27.130026 27.138538 27.163376 27.170145 27.193438 27.198400 27.220066 27.223173 27.243135 27.244341 27.262533 27.261801 27.278164 27.275469 27.289953 27.285276 27.297840 27.291176 27.301788 27.293139 27.301777 27.291151 27.297806 27.285229 27.289892 27.275394 27.278078 27.261700 27.262417 27.244211 27.242989 27.223011 27.219887 27.198206 27.193220 27.169909 27.163116 27.138256 27.129719 27.103397 27.093182 27.065493 27.053671 27.024715 27.011366 26.981245 26.966454 26.935276 26.919128 26.887003 26.869595 26.836630 26.818054 26.784365 26.764717 26.730413 26.709793 26.674984 26.653488 26.618284 26.596012 26.560518 26.537563 26.501886 26.478340 26.442577 26.418533 26.382778 26.358324 26.322668 26.297884 26.262411 26.237375 26.202162 26.176949 26.142067 26.116743 26.082258 26.056881 26.022850 25.997477 25.963947 25.938623 25.905640 25.880405 25.848000 25.822891 25.791090 25.766132 25.734953 25.710165 25.679621 25.655014 25.625109 25.600689 25.571421 25.547184 25.518543 25.494482 25.466452 25.442553 25.415112 25.391356 25.364475 25.340836 25.314484 25.290932 25.265074 25.241573 25.216167 25.192680 25.167681 25.144169 25.119530 25.095947 25.071621 25.047924 25.023857 25.000000 
25.000000 25.034649 25.069599 25.104019 25.139357 25.173618 25.209421 25.243593 25.279938 25.314089 25.351048 25.385242 25.422886 25.457186 25.495577 25.530035 25.569235 25.603899 25.643957 25.678869 25.719831 25.755024 25.796925 25.832422 25.875292 25.911110 25.954966 25.991112 26.035961 26.072428 26.118271 26.155045 26.201868 26.238926 26.286703 26.324009 26.372705 26.410212 26.459782 26.497431 26.547815 26.585539 26.636667 26.674389 26.726181 26.763809 26.816172 26.853611 26.906441 26.943586 26.996769 27.033504 27.086918 27.123121 27.176634 27.212175 27.265648 27.300392 27.353678 27.387484 27.440428 27.473156 27.525600 27.557100 27.608881 27.639008 27.689959 27.718563 27.768518 27.795456 27.844244 27.869366 27.916822 27.939989 27.985947 28.007023 28.051317 28.070171 28.112648 28.129154 28.169659 28.183704 28.222090 28.233568 28.269697 28.278511 28.312258 28.318323 28.349569 28.352814 28.381454 28.381815 28.407753 28.405186 28.428339 28.422810 28.443111 28.434605 28.451998 28.440508 28.454952 28.440489 28.451963 28.434549 28.443039 28.422718 28.428228 28.405054 28.407600 28.381641 28.381256 28.352596 28.349325 28.318056 28.311962 28.278187 28.269341 28.233179 28.221666 28.183247 28.169161 28.128618 28.112068 28.069548 28.050644 28.006300 27.985167 27.939154 27.915922 27.868404 27.843208 27.794350 27.767330 27.717297 27.688599 27.637560 27.607328 27.555450 27.523832 27.471279 27.438419 27.385355 27.351400 27.297979 27.263071 27.209450 27.173725 27.120045 27.083641 27.030041 26.993082 26.939695 26.902300 26.849249 26.811533 26.758924 26.720993 26.668934 26.630880 26.579460 26.541372 26.490669 26.452621 26.402706 26.364767 26.315695 26.277918 26.229734 26.192165 26.144905 26.107576 26.061260 26.024197 25.978840 25.942053 25.897652 25.861147 25.817694 25.781460 25.738937 25.702957 25.661337 25.625586 25.584829 25.549274 25.509336 25.473934 25.434765 25.399467 25.361008 25.325760 25.287945 25.252691 25.215452 25.180126 25.143393 25.107925 25.071623 25.035950 25.000000 
25.000000 25.046417 25.092480 25.139357 25.185160 25.232605 25.278242 25.326363 25.371925 25.420818 25.466398 25.516157 25.561836 25.612551 25.658409 25.710161 25.756264 25.809128 25.855534 25.909576 25.956337 26.011610 26.058762 26.115309 26.162880 26.220732 26.268736 26.327911 26.376350 26.436853 26.485712 26.547533 26.596788 26.659903 26.709515 26.773878 26.823792 26.889353 26.939497 27.006186 27.056479 27.124208 27.174549 27.243221 27.293501 27.362997 27.413090 27.483280 27.533052 27.603790 27.653093 27.724224 27.772900 27.844252 27.892132 27.963524 28.010431 28.081673 28.127424 28.198315 28.242722 28.313049 28.355919 28.425472 28.466606 28.535164 28.574368 28.641706 28.678783 28.744677 28.779430 28.843658 28.875896 28.938234 28.967773 29.028002 29.054663 29.112568 29.136179 29.191553 29.211956 29.264601 29.281649 29.331373 29.344929 29.391558 29.401501 29.444870 29.451096 29.491056 29.493475 29.529892 29.528431 29.561186 29.555794 29.584787 29.575430 29.600580 29.587242 29.608484 29.591171 29.608461 29.587194 29.600508 29.575333 29.584665 29.555645 29.561012 29.528229 29.529659 29.493214 29.490763 29.450771 29.444511 29.401106 29.391123 29.344454 29.330854 29.281084 29.263988 29.211296 29.190836 29.135406 29.111732 29.053766 29.027035 28.966736 28.937117 28.874699 28.842369 28.778053 28.743196 28.677202 28.640009 28.572561 28.533224 28.464544 28.423260 28.353571 28.310534 28.240053 28.195459 28.124401 28.078440 28.007010 27.959869 27.888268 27.840130 27.768543 27.719584 27.648195 27.598574 27.527554 27.477430 27.406929 27.356449 27.286612 27.235909 27.166864 27.116060 27.047922 26.997124 26.929991 26.879292 26.813250 26.762733 26.697847 26.647581 26.583904 26.533939 26.471510 26.421885 26.360727 26.311462 26.251585 26.202694 26.144089 26.095570 26.038219 25.990051 25.933924 25.886080 25.831131 25.783573 25.729748 25.682423 25.629658 25.582506 25.530725 25.483681 25.432806 25.385788 25.335728 25.288658 25.239321 25.192110 25.143398 25.095955 25.047768 25.000000 
25.000000 25.057831 25.116173 25.173618 25.232605 25.289785 25.349548 25.406580 25.467249 25.524244 25.585939 25.643007 25.705847 25.763088 25.827175 25.884684 25.950115 26.007967 26.074833 26.133099 26.201473 26.260206 26.330149 26.389393 26.460949 26.520727 26.593929 26.654253 26.729115 26.789976 26.866495 26.927870 27.006021 27.067871 27.147617 27.209879 27.291157 27.353756 27.436489 27.499327 27.583422 27.646383 27.731718 27.794676 27.881117 27.943922 28.031315 28.093803 28.181976 28.243973 28.332735 28.394047 28.483194 28.543619 28.632931 28.692251 28.781494 28.839483 28.928413 28.984840 29.073200 29.127825 29.215349 29.267929 29.354345 29.404631 29.489662 29.537411 29.620777 29.665741 29.747162 29.789097 29.868292 29.906967 29.983660 30.018845 30.092762 30.124239 30.195118 30.222679 30.290266 30.313721 30.377771 30.396940 30.457228 30.471951 30.528261 30.538397 30.590534 30.595961 30.643745 30.644361 30.687637 30.683367 30.721994 30.712782 30.746651 30.732464 30.761482 30.742315 30.766415 30.742285 30.761423 30.732372 30.746531 30.712627 30.721809 30.683146 30.687384 30.644072 30.643419 30.595594 30.590128 30.537947 30.527767 30.471409 30.456635 30.396294 30.377066 30.312956 30.289438 30.221785 30.194149 30.123196 30.091637 30.017635 29.982357 29.905571 29.866789 29.787491 29.745432 29.663895 29.618793 29.535295 29.487392 29.402216 29.351753 29.265175 29.212397 29.124695 29.069847 28.981287 28.924612 28.835457 28.777193 28.687698 28.628073 28.538483 28.477720 28.388266 28.326576 28.237478 28.175062 28.086519 28.023569 27.935768 27.872459 27.785570 27.722059 27.636236 27.572666 27.488041 27.424541 27.341228 27.277908 27.196001 27.132954 27.052528 26.989828 26.910942 26.848644 26.771338 26.709480 26.633770 26.572374 26.498264 26.437336 26.364807 26.304333 26.233355 26.173307 26.103834 26.044168 25.976135 25.916798 25.850130 25.791048 25.725664 25.666758 25.602554 25.543734 25.480608 25.421770 25.359610 25.300652 25.239334 25.180143 25.119545 25.060005 25.000000 
25.000000 25.069756 25.138969 25.209421 25.278242 25.349548 25.418123 25.490438 25.558903 25.632381 25.700869 25.775650 25.844288 25.920506 25.989408 26.067186 26.136457 26.215906 26.285633 26.366850 26.437109 26.520174 26.591024 26.676003 26.747482 26.834421 26.906551 26.995478 27.068262 27.159184 27.232601 27.325499 27.399513 27.494352 27.568901 27.665621 27.740622 27.839140 27.914490 28.014700 28.090271 28.192045 28.267693 28.370878 28.446434 28.550858 28.626133 28.731600 28.806393 28.912683 28.986773 29.093649 29.166798 29.274006 29.345959 29.453226 29.523718 29.630758 29.699514 29.806023 29.872759 29.978424 30.042850 30.147350 30.209171 30.312172 30.371094 30.472263 30.527987 30.626987 30.679220 30.775715 30.824171 30.917824 30.962225 31.052708 31.092783 31.179773 31.215269 31.298454 31.329130 31.408213 31.433847 31.508545 31.528931 31.598978 31.613937 31.679085 31.688457 31.748480 31.752134 31.806833 31.804661 31.853855 31.845776 31.889318 31.875280 31.913048 31.893028 31.924925 31.898930 31.924889 31.892956 31.912939 31.875134 31.889135 31.845551 31.853592 31.804354 31.806486 31.751741 31.748041 31.687967 31.678543 31.613342 31.598324 31.528219 31.507765 31.433002 31.407293 31.328136 31.297379 31.214108 31.178518 31.091433 31.051250 30.960663 30.916142 30.822371 30.773777 30.677151 30.624762 30.525614 30.469713 30.368378 30.309258 30.206072 30.144026 30.039322 29.974644 29.868750 29.801731 29.694967 29.625898 29.518574 29.447733 29.340149 29.267809 29.160250 29.086672 28.979410 28.904842 28.798130 28.722807 28.616875 28.541018 28.436083 28.359890 28.256144 28.179800 28.077414 28.001080 27.900202 27.824022 27.724779 27.648874 27.551369 27.475838 27.380150 27.305071 27.211258 27.136688 27.044785 26.970760 26.880779 26.807316 26.719246 26.646338 26.560152 26.487776 26.403427 26.331539 26.248960 26.177500 26.096609 26.025499 25.946201 25.875353 25.797537 25.726847 25.650387 25.579741 25.504509 25.433779 25.359634 25.288692 25.215488 25.144196 25.071781 25.000000 
25.000000 25.081139 25.163000 25.243593 25.326363 25.406580 25.490438 25.570448 25.655577 25.735537 25.822105 25.902168 25.990339 26.070646 26.160570 26.241247 26.333057 26.414219 26.508041 26.589783 26.685717 26.768116 26.866251 26.949366 27.049765 27.133631 27.236336 27.320967 27.426001 27.511389 27.618744 27.704851 27.814499 27.901270 28.013151 28.100504 28.214535 28.302359 28.418430 28.506590 28.624567 28.712904 28.832623 28.920952 29.042219 29.130335 29.252937 29.340612 29.464304 29.551292 29.675810 29.761837 29.886892 29.971674 30.096960 30.180195 30.305382 30.386751 30.511497 30.590675 30.714619 30.791269 30.914040 30.987822 31.109035 31.179602 31.298872 31.365877 31.482811 31.545912 31.660114 31.718969 31.830048 31.884327 31.991894 32.041279 32.144951 32.189137 32.288544 32.327236 32.422024 32.454956 32.544785 32.571705 32.656254 32.676933 32.755905 32.770149 32.843262 32.850903 32.917912 32.918808 32.979485 32.973526 33.027683 33.014790 33.062275 33.042400 33.083080 33.056221 33.090000 33.056179 33.082996 33.042274 33.062103 33.014576 33.027424 32.973217 32.979130 32.918400 32.917454 32.850391 32.842693 32.769520 32.755207 32.676174 32.655418 32.570797 32.543793 32.453884 32.420860 32.325981 32.287186 32.187672 32.143372 32.039581 31.990063 31.882370 31.827936 31.716713 31.657686 31.543322 31.480028 31.362911 31.295687 31.176212 31.105398 30.983957 30.909899 30.786875 30.709913 30.585686 30.506161 30.381100 30.299345 30.173807 30.090143 29.964468 29.879210 29.753723 29.667168 29.542177 29.454603 29.330393 29.242069 29.118898 29.030071 28.908178 28.819069 28.698668 28.609478 28.490753 28.401665 28.284781 28.195944 28.081030 27.992577 27.879742 27.791775 27.681099 27.593697 27.485233 27.398451 27.292227 27.206093 27.102112 27.016632 26.914869 26.830029 26.730440 26.646198 26.548717 26.465014 26.369555 26.286308 26.192768 26.109879 26.018135 25.935493 25.845409 25.762886 25.674313 25.591770 25.504547 25.421833 25.335796 25.252752 25.167727 25.084192 25.000000 
25.000000 25.093243 25.185759 25.279938 25.371925 25.467249 25.558903 25.655577 25.747086 25.845310 25.936850 26.036818 26.128559 26.230446 26.322540 26.426512 26.519096 26.625301 26.718498 26.827065 26.920973 27.032009 27.126705 27.240297 27.335838 27.452049 27.548460 27.667326 27.764610 27.886139 27.984274 28.108442 28.207375 28.334137 28.433783 28.563057 28.663309 28.794983 28.895702 29.029638 29.130653 29.266678 29.367794 29.505705 29.606699 29.746262 29.846886 29.987837 30.087818 30.229868 30.328911 30.471743 30.569527 30.712799 30.808987 30.952337 31.046574 31.189617 31.281534 31.423866 31.513088 31.654289 31.740423 31.880064 31.962717 32.100357 32.179134 32.314323 32.388828 32.521114 32.590958 32.719891 32.784687 32.909824 32.969200 33.090096 33.143696 33.259922 33.307404 33.418541 33.459579 33.565235 33.599537 33.699329 33.726616 33.820194 33.840225 33.927258 33.939823 34.020004 34.024929 34.097992 34.095131 34.160839 34.150085 34.208237 34.189518 34.239952 34.213238 34.255821 34.221127 34.255775 34.213142 34.239803 34.189323 34.207989 34.149788 34.160488 34.094723 34.097527 34.024406 34.019417 33.939171 33.926537 33.839436 33.819321 33.725666 33.698288 33.598408 33.564007 33.458252 33.417103 33.305851 33.258244 33.141891 33.088150 32.967113 32.907574 32.782284 32.717300 32.588192 32.518135 32.385654 32.310913 32.175507 32.096458 31.958576 31.875622 31.735706 31.649235 31.507727 31.418131 31.275457 31.183119 31.039696 30.944992 30.801220 30.704514 30.560772 30.462414 30.319065 30.219387 30.076769 29.976084 29.834509 29.733109 29.592863 29.491014 29.352356 29.250307 29.113464 29.011431 28.876602 28.774773 28.642130 28.540668 28.410343 28.309383 28.181488 28.081133 27.955740 27.856068 27.733225 27.634283 27.514006 27.415813 27.298094 27.200644 27.085438 26.988699 26.875946 26.779861 26.669474 26.573961 26.465830 26.370787 26.264782 26.170088 26.066063 25.971579 25.869370 25.774942 25.674374 25.579838 25.480722 25.385900 25.288042 25.192751 25.095949 25.000000 
25.000000 25.104620 25.210176 25.314089 25.420818 25.524244 25.632381 25.735537 25.845310 25.948402 26.060034 26.163260 26.276953 26.380493 26.496445 26.600464 26.718849 26.823492 26.944468 27.049858 27.173559 27.279799 27.406332 27.513494 27.642946 27.751078 27.883501 27.992620 28.128044 28.238138 28.376553 28.487579 28.628944 28.740826 28.885071 28.997702 29.144716 29.257956 29.407598 29.521273 29.673370 29.787271 29.941610 30.055508 30.211840 30.325464 30.483513 30.596569 30.756023 30.868193 31.028708 31.139641 31.300848 31.410177 31.571676 31.679010 31.840382 31.945314 32.106113 32.208221 32.367985 32.466839 32.625084 32.720238 32.876476 32.967487 33.121220 33.207642 33.358353 33.439743 33.586933 33.662853 33.806011 33.876038 34.014668 34.078381 34.211987 34.268997 34.397106 34.447041 34.569191 34.611698 34.727451 34.762207 34.871155 34.897869 34.999626 35.018044 35.112247 35.122150 35.208481 35.209690 35.287861 35.280235 35.349998 35.333435 35.394592 35.369030 35.421413 35.386848 35.430332 35.386795 35.421303 35.368866 35.394371 35.333160 35.349663 35.279839 35.287403 35.209167 35.207890 35.121490 35.111511 35.017231 34.998726 34.896893 34.870079 34.761040 34.726173 34.610313 34.567692 34.445419 34.395355 34.267113 34.209949 34.076195 34.012306 33.873512 33.803291 33.659946 33.583801 33.436405 33.354763 33.203815 33.117107 32.963120 32.871788 32.715256 32.619743 32.461166 32.361916 32.201786 32.099232 31.938028 31.832596 31.670774 31.562885 31.400883 31.290939 31.129177 31.017563 30.856438 30.743513 30.583389 30.469500 30.310715 30.196175 30.039034 29.924133 29.768913 29.653912 29.500853 29.385979 29.235289 29.120741 28.972589 28.858538 28.713064 28.599640 28.456947 28.344254 28.204411 28.092518 27.955559 27.844503 27.710434 27.600222 27.469013 27.359625 27.231215 27.122599 26.996906 26.888985 26.765898 26.658567 26.537951 26.431084 26.312782 26.206230 26.090069 25.983671 25.869457 25.763033 25.650564 25.543917 25.432976 25.325903 25.216267 25.108559 25.000000 
25.000000 25.116930 25.232944 25.351048 25.466398 25.585939 25.700869 25.822105 25.936850 26.060034 26.174818 26.300184 26.415220 26.542992 26.658472 26.788857 26.904953 27.038136 27.155001 27.291142 27.408897 27.548134 27.666880 27.809322 27.929125 28.074846 28.195744 28.344790 28.466785 28.619167 28.742228 28.897921 29.021980 29.180920 29.305880 29.467966 29.593683 29.758780 29.885082 30.053009 30.179688 30.350229 30.477037 30.649939 30.776596 30.951565 31.077761 31.254469 31.379858 31.557941 31.682154 31.861214 31.983850 32.163460 32.284100 32.463802 32.581997 32.761311 32.876598 33.055016 33.166927 33.343925 33.451969 33.627007 33.730686 33.903210 34.002033 34.171482 34.264950 34.430759 34.518379 34.679985 34.761280 34.918121 34.992622 35.144146 35.211407 35.357067 35.416656 35.555946 35.607460 35.739868 35.782932 35.907990 35.942265 36.059525 36.084709 36.193760 36.209583 36.310043 36.316288 36.407822 36.404305 36.486618 36.473202 36.546040 36.522640 36.585804 36.552383 36.605705 36.562271 36.605644 36.552261 36.585621 36.522396 36.545734 36.472828 36.486176 36.403793 36.407238 36.315628 36.309307 36.208763 36.192852 36.083714 36.058430 35.941074 35.906681 35.781517 35.738323 35.605793 35.554138 35.414711 35.354965 35.209145 35.141701 34.990009 34.915298 34.758263 34.676731 34.514908 34.427021 34.260967 34.167202 33.997478 33.898323 33.725491 33.621433 33.446053 33.337589 33.160202 33.047825 32.868977 32.753162 32.573372 32.454590 32.274357 32.153069 31.972872 31.849514 31.669806 31.544794 31.366001 31.239727 31.062237 30.935068 30.759241 30.631516 30.457674 30.329699 30.158131 30.030174 29.861130 29.733431 29.567123 29.439886 29.276484 29.149876 28.989513 28.863668 28.706442 28.581453 28.427422 28.303349 28.152533 28.029402 27.881786 27.759588 27.615126 27.493818 27.352430 27.231943 27.093517 26.973751 26.838152 26.718973 26.586040 26.467299 26.336847 26.218370 26.090193 25.971788 25.845667 25.727125 25.602827 25.483925 25.361204 25.241713 25.120319 25.000000 
25.000000 25.128321 25.257793 25.385242 25.516157 25.643007 25.775650 25.902168 26.036818 26.163260 26.300184 26.426788 26.566242 26.693233 26.835455 26.963034 27.108238 27.236582 27.384962 27.514225 27.665941 27.796246 27.951437 28.082874 28.241642 28.374268 28.536678 28.670517 28.836599 28.971638 29.141386 29.277565 29.450930 29.588161 29.765055 29.903206 30.083492 30.222389 30.405897 30.545330 30.731840 30.871557 31.060814 31.200523 31.392221 31.531599 31.725399 31.864082 32.059601 32.197197 32.394012 32.530098 32.727757 32.861877 33.059891 33.191566 33.389416 33.518154 33.715294 33.840572 34.036438 34.157722 34.351730 34.468479 34.660023 34.771690 34.960155 35.066196 35.250961 35.350834 35.531273 35.624439 35.799931 35.885872 36.055805 36.134007 36.297779 36.367764 36.524792 36.586098 36.735821 36.788017 36.929893 36.972591 37.106117 37.138958 37.263657 37.286327 37.401764 37.413994 37.519775 37.521343 37.617119 37.607849 37.693317 37.673088 37.748001 37.716743 37.780891 37.738590 37.791828 37.738522 37.780758 37.716541 37.747730 37.672749 37.692905 37.607361 37.616554 37.520699 37.519051 37.413181 37.400860 37.285328 37.262554 37.137753 37.104794 36.971157 36.928326 36.786324 36.733978 36.584114 36.522644 36.365452 36.295280 36.131325 36.052910 35.882771 35.796593 35.620872 35.527428 35.346737 35.246555 35.061504 34.955112 34.766331 34.654266 34.462368 34.345177 34.150768 34.028996 33.832676 33.706856 33.509212 33.379864 33.181461 33.049103 32.850475 32.715599 32.517262 32.380337 32.182777 32.044250 31.847916 31.708206 31.513506 31.373003 31.180315 31.039373 30.849035 30.707972 30.520281 30.379374 30.194584 30.054081 29.872402 29.732506 29.554106 29.414984 29.239990 29.101765 28.930264 28.793020 28.625053 28.488838 28.324411 28.189234 28.028309 27.894142 27.736652 27.603434 27.449272 27.316904 27.165936 27.034294 26.886353 26.755281 26.610178 26.479494 26.337013 26.206518 26.066425 25.935898 25.797943 25.667141 25.531061 25.399736 25.265261 25.133154 25.000000 
25.000000 25.140858 25.280611 25.422886 25.561836 25.705847 25.844288 25.990339 26.128559 26.276953 26.415220 26.566242 26.704813 26.858732 26.997839 27.154902 27.294752 27.455183 27.595957 27.759951 27.901800 28.069519 28.212561 28.384138 28.528454 28.703978 28.849613 29.029139 29.176098 29.359636 29.507881 29.695402 29.844852 30.036282 30.186817 30.382032 30.533484 30.732317 30.884476 31.086716 31.239326 31.444712 31.597481 31.805702 31.958294 32.169003 32.321037 32.533836 32.684906 32.899353 33.049007 33.264629 33.412388 33.628666 33.774021 33.990402 34.132816 34.348728 34.487648 34.702477 34.837322 35.050442 35.180630 35.391384 35.516323 35.724041 35.843132 36.047146 36.159790 36.359417 36.465019 36.659580 36.757568 36.946381 37.036194 37.218601 37.299690 37.475040 37.546894 37.714558 37.776691 37.936069 37.988029 38.138550 38.179924 38.321053 38.351479 38.482716 38.501873 38.622765 38.630383 38.740528 38.736389 38.835423 38.819366 38.906990 38.878914 38.954876 38.914730 38.978844 38.926640 38.978767 38.914581 38.954655 38.878616 38.906616 38.818916 38.834888 38.735775 38.739822 38.629593 38.621876 38.500885 38.481621 38.350281 38.319733 38.178486 38.136974 37.986324 37.934208 37.774685 37.712379 37.544552 37.472504 37.296967 37.215656 37.033043 36.942982 36.753933 36.655663 36.460838 36.354916 36.154991 36.041988 35.837646 35.718151 35.510059 35.384666 35.173504 35.042801 34.829224 34.693806 34.478462 34.338909 34.122425 33.979301 33.762280 33.616142 33.399158 33.250530 33.034130 32.883511 32.668209 32.516075 32.302334 32.149128 31.937386 31.783508 31.574154 31.419975 31.213356 31.059202 30.855618 30.701777 30.501482 30.348200 30.151400 29.998880 29.805738 29.654137 29.464769 29.314199 29.128675 28.979212 28.797556 28.649227 28.471422 28.324221 28.150209 28.004082 27.833773 27.688633 27.521889 27.377617 27.214273 27.070713 26.910578 26.767546 26.610397 26.467682 26.313272 26.170647 26.018711 25.875919 25.726181 25.582952 25.435118 25.291176 25.144941 25.000000 
25.000000 25.152285 25.305937 25.457186 25.612551 25.763088 25.920506 26.070646 26.230446 26.380493 26.542992 26.693233 26.858732 27.009434 27.178213 27.329611 27.501928 27.654236 27.830318 27.983717 28.163757 28.318392 28.502550 28.658531 28.846928 29.004322 29.197037 29.355873 29.552942 29.713202 29.914614 30.076231 30.281931 30.444798 30.654678 30.818638 31.032541 31.197388 31.415108 31.580593 31.801870 31.967695 32.192223 32.358044 32.585464 32.750893 32.980801 33.145412 33.377350 33.540676 33.774147 33.935680 34.170151 34.329350 34.564240 34.720543 34.955235 35.108047 35.341892 35.490604 35.722935 35.866913 36.097031 36.235630 36.462818 36.595394 36.818924 36.944828 37.163963 37.282547 37.496548 37.607178 37.815304 37.917362 38.118889 38.211773 38.405987 38.489124 38.675331 38.748173 38.925709 38.987747 39.155968 39.206741 39.365047 39.404129 39.551964 39.578976 39.715820 39.730450 39.855839 39.857815 39.971329 39.960453 40.061733 40.037857 40.126610 40.089649 40.165634 40.115570 40.178612 40.115490 40.165474 40.089409 40.126289 40.037453 40.061245 39.959873 39.970661 39.857052 39.854973 39.729488 39.714748 39.577793 39.550655 39.402699 39.363480 39.205040 39.154110 38.985737 38.923519 38.745819 38.672775 38.486378 38.403019 38.208591 38.115456 37.913685 37.811340 37.602943 37.491985 37.277683 37.158730 36.939255 36.812939 36.589027 36.455986 36.228374 36.089252 35.858662 35.714096 35.481236 35.331871 35.097435 34.943890 34.708546 34.551430 34.315815 34.155716 33.920441 33.757915 33.523556 33.359131 33.126217 32.960396 32.729416 32.562653 32.334061 32.166775 31.940964 31.773539 31.550861 31.383627 31.164385 30.997631 30.782076 30.616045 30.404375 30.239265 30.031633 29.867588 29.664095 29.501217 29.301912 29.140257 28.945148 28.784725 28.593769 28.434547 28.247663 28.089567 27.906628 27.749544 27.570391 27.414169 27.238604 27.083059 26.910860 26.755777 26.586687 26.431829 26.265572 26.110672 25.946951 25.791729 25.630234 25.474388 25.314795 25.158020 25.000000 
25.000000 25.165070 25.328842 25.495577 25.658409 25.827175 25.989408 26.160570 26.322540 26.496445 26.658472 26.835455 26.997839 27.178213 27.341225 27.525280 27.689163 27.877163 28.042130 28.234301 28.400530 28.597061 28.764690 28.965734 29.134859 29.340525 29.511198 29.721546 29.893772 30.108818 30.282551 30.502258 30.677408 30.901688 31.078108 31.306820 31.484316 31.717262 31.895592 32.132519 32.311382 32.551991 32.731041 32.974964 33.153812 33.400642 33.578842 33.828117 34.005184 34.256386 34.431797 34.684368 34.857559 35.110897 35.281273 35.534729 35.701664 35.954559 36.117401 36.369022 36.527100 36.776711 36.929333 37.176167 37.322639 37.565918 37.705540 37.944469 38.076546 38.310326 38.434162 38.661999 38.776913 38.998016 39.103352 39.316944 39.412067 39.617386 39.701691 39.898006 39.970924 40.157520 40.218525 40.394741 40.443352 40.608559 40.644341 40.797958 40.820541 40.962036 40.971104 41.100002 41.095295 41.211178 41.192513 41.295021 41.262272 41.351124 41.304237 41.379200 41.318192 41.379116 41.304066 41.350864 41.261929 41.294586 41.191982 41.210552 41.094574 41.099174 40.970177 40.960995 40.819386 40.796677 40.642937 40.607010 40.441666 40.392895 40.216526 40.155342 39.968571 39.895451 39.698944 39.614410 39.408875 39.313496 39.099659 38.994030 38.772652 38.657406 38.429256 38.305050 38.070923 37.938423 37.699108 37.559013 37.315304 37.168297 36.920979 36.767757 36.517605 36.358860 36.106636 35.943047 35.689480 35.521713 35.267513 35.096214 34.842052 34.667839 34.414356 34.237816 33.985611 33.807293 33.556919 33.377346 33.129307 32.948948 32.703701 32.522995 32.280941 32.100273 31.861767 31.681467 31.446808 31.267166 31.036598 30.857849 30.631561 30.453892 30.232021 30.055563 29.838190 29.663029 29.450184 29.276356 29.068018 28.895512 28.691614 28.520369 28.320803 28.150717 27.955324 27.786255 27.594845 27.426613 27.238958 27.071344 26.887186 26.719946 26.538996 26.371859 26.193808 26.026474 25.850996 25.683155 25.509905 25.341227 25.169853 25.000000 
25.000000 25.176550 25.354689 25.530035 25.710161 25.884684 26.067186 26.241247 26.426512 26.600464 26.788857 26.963034 27.154902 27.329611 27.525280 27.700800 27.900564 28.077139 28.281265 28.459106 28.667816 28.847094 29.060572 29.241409 29.459795 29.642275 29.865662 30.049812 30.278240 30.464043 30.697500 30.884882 31.123301 31.312132 31.555389 31.745491 31.993404 32.184540 32.436871 32.628750 32.885193 33.077469 33.337677 33.529949 33.793503 33.985321 34.251755 34.442627 34.711407 34.900791 35.171345 35.358650 35.630356 35.814964 36.087143 36.268398 36.540344 36.717560 36.988518 37.160980 37.430176 37.597157 37.863777 38.024529 38.287750 38.441525 38.700500 38.846542 39.100414 39.237984 39.485893 39.614250 39.855350 39.973770 40.207218 40.315006 40.539970 40.636467 40.852150 40.936718 41.142342 41.214394 41.409218 41.468216 41.651543 41.696995 41.868179 41.899651 42.058094 42.075211 42.220371 42.222828 42.354229 42.341789 42.459011 42.431503 42.534199 42.491531 42.579426 42.521576 42.594467 42.521484 42.579243 42.491253 42.533829 42.431034 42.458443 42.341118 42.353455 42.221947 42.219372 42.074093 42.056847 41.898277 41.866661 41.695335 41.649723 41.466240 41.407063 41.212063 41.139805 40.933987 40.849186 40.633286 40.536530 40.311317 40.203228 39.969505 39.850750 39.609337 39.480606 39.232342 39.094345 38.840080 38.693558 38.434143 38.279831 38.016117 37.854755 37.587585 37.419926 37.150116 36.976894 36.705254 36.527191 36.254486 36.072292 35.799271 35.613617 35.340984 35.152519 34.880939 34.690281 34.420368 34.228088 33.960419 33.767048 33.502136 33.308167 33.046471 32.852341 32.594273 32.400368 32.146271 31.952927 31.703096 31.510593 31.265263 31.073826 30.833168 30.642971 30.407104 30.218262 29.987246 29.799824 29.573662 29.387672 29.166321 28.981726 28.765085 28.581797 28.369728 28.187613 27.979927 27.798813 27.595284 27.414957 27.215322 27.035534 26.839504 26.659973 26.467224 26.287647 26.097837 25.917885 25.730654 25.549978 25.364954 25.183201 25.000000 
25.000000 25.189606 25.377716 25.569235 25.756264 25.950115 26.136457 26.333057 26.519096 26.718849 26.904953 27.108238 27.294752 27.501928 27.689163 27.900564 28.088804 28.304729 28.494215 28.714926 28.905863 29.131577 29.324123 29.555014 29.749281 29.985472 30.181519 30.423082 30.620914 30.867865 31.067434 31.319731 31.520927 31.778467 31.981129 32.243748 32.447647 32.715126 32.919983 33.192024 33.397503 33.673759 33.879456 34.159519 34.364975 34.648373 34.853092 35.139282 35.342705 35.631107 35.832630 36.122593 36.321571 36.612408 36.808155 37.099121 37.290924 37.581238 37.768345 38.057186 38.238827 38.525349 38.700729 38.984058 39.152382 39.431618 39.592083 39.866318 40.018116 40.286434 40.428776 40.690262 40.822369 41.076115 41.197224 41.442337 41.551723 41.787331 41.884300 42.109562 42.193459 42.407558 42.477783 42.679955 42.735950 42.925476 42.966747 43.142960 43.169075 43.331364 43.341965 43.489784 43.484573 43.617443 43.596203 43.713722 43.676311 43.778141 43.724499 43.810383 43.740520 43.810284 43.724300 43.777843 43.675915 43.713223 43.595600 43.616730 43.483746 43.488834 43.340897 43.330166 43.167747 43.141483 42.965130 42.923695 42.734013 42.677834 42.475483 42.405056 42.190758 42.106625 41.881145 41.783913 41.548058 41.438370 41.192978 41.071529 40.817471 40.684982 40.423145 40.280373 40.011658 39.859371 39.584694 39.423683 39.143951 38.975014 38.691128 38.515060 38.227917 38.045509 37.755974 37.568008 37.276924 37.084167 36.792347 36.595539 36.303757 36.103603 35.812595 35.609768 35.320217 35.115360 34.827904 34.621605 34.336823 34.129627 33.848042 33.640450 33.362530 33.154976 32.881123 32.674000 32.404556 32.198193 31.933439 31.728106 31.468258 31.264166 31.009382 30.806686 30.557062 30.355858 30.111425 29.911755 29.672495 29.474342 29.240177 29.043476 28.814276 28.618910 28.394499 28.200302 27.980459 27.787224 27.571690 27.379168 27.167646 26.975554 26.767714 26.575737 26.371227 26.179028 25.977468 25.784685 25.585686 25.391939 25.195095 25.000000 
25.000000 25.201153 25.404119 25.603899 25.809128 26.007967 26.215906 26.414219 26.625301 26.823492 27.038136 27.236582 27.455183 27.654236 27.877163 28.077139 28.304729 28.505911 28.738461 28.941088 29.178856 29.383120 29.626312 29.832357 30.081133 30.289053 30.543516 30.753344 31.013542 31.225254 31.491173 31.704689 31.976250 32.191422 32.468487 32.685108 32.967472 33.185268 33.472656 33.691303 33.983372 34.202473 34.498817 34.717918 35.018070 35.236660 35.540077 35.757591 36.063679 36.279495 36.587597 36.801056 37.110455 37.320843 37.630779 37.837353 38.147011 38.348988 38.657513 38.854080 39.160587 39.350918 39.654480 39.837723 40.137405 40.312710 40.607544 40.774044 41.063061 41.219910 41.502132 41.648495 41.922951 42.058002 42.323730 42.446682 42.702744 42.812836 43.058311 43.154827 43.388840 43.471104 43.692814 43.760212 43.968822 44.020794 44.215565 44.251621 44.431877 44.451584 44.616711 44.619724 44.769169 44.755219 44.888512 44.857403 44.974155 44.925777 45.025669 44.959995 45.042797 44.959892 45.025459 44.925461 44.973732 44.856873 44.887871 44.754456 44.768288 44.618717 44.615570 44.450314 44.430458 44.250053 44.213837 44.018902 43.966751 43.757957 43.690357 43.468445 43.385948 43.151714 43.054935 42.809208 42.698818 42.442478 42.319183 42.053146 41.917702 41.642899 41.496101 41.213486 41.056141 40.766682 40.599628 40.304295 40.128376 39.828133 39.644199 39.340008 39.148903 38.841698 38.644260 38.334957 38.132015 37.821495 37.613850 37.302959 37.091377 36.780918 36.566139 36.256874 36.039597 35.732224 35.513107 35.208275 34.987923 34.686222 34.465187 34.167149 33.945930 33.652012 33.431053 33.141659 32.921341 32.636795 32.417439 32.138008 31.919872 31.645758 31.429035 31.160368 30.945194 30.682045 30.468493 30.210867 29.998949 29.746794 29.536465 29.289673 29.080835 28.839243 28.631746 28.395142 28.188786 27.956911 27.751453 27.524014 27.319170 27.095829 26.891283 26.671677 26.467077 26.250818 26.045792 25.832470 25.626619 25.415810 25.208729 25.000000 
25.000000 25.214495 25.427298 25.643957 25.855534 26.074833 26.285633 26.508041 26.718498 26.944468 27.155001 27.384962 27.595957 27.830318 28.042130 28.281265 28.494215 28.738461 28.952824 29.202477 29.418482 29.673788 29.891617 30.152771 30.372549 30.639688 30.861485 31.134691 31.358509 31.637802 31.863588 32.148914 32.376549 32.667797 32.897091 33.194077 33.424774 33.727245 33.959030 34.266655 34.499138 34.811523 35.044258 35.360943 35.593410 35.913853 36.145489 36.469086 36.699261 37.025345 37.253376 37.581219 37.806374 38.135193 38.356705 38.685661 38.902710 39.230919 39.442665 39.769199 39.974770 40.298668 40.497169 40.817444 41.007969 41.323608 41.505249 41.815224 41.987072 42.290344 42.451504 42.747040 42.896633 43.183403 43.320568 43.597569 43.721481 43.987724 44.097599 44.352131 44.447227 44.689137 44.768772 44.997185 45.060738 45.274837 45.321747 45.520786 45.550560 45.733852 45.746078 45.913006 45.907356 46.057373 46.033600 46.166248 46.124195 46.239101 46.178684 46.275562 46.196804 46.275448 46.178463 46.238766 46.123741 46.165688 46.032913 46.056564 45.906418 45.911934 45.744873 45.732498 45.549057 45.519119 45.319916 45.272827 45.058540 44.994785 44.766171 44.686302 44.444168 44.348808 44.094025 43.983852 43.717327 43.593079 43.315762 43.178211 42.891090 42.741062 42.445133 42.283482 41.979763 41.807362 41.496887 41.314629 40.998428 40.807205 40.486301 40.287025 39.962421 39.755981 39.428661 39.215946 38.886868 38.668736 38.338814 38.116104 37.786213 37.559727 37.230701 37.001198 36.673813 36.442017 36.116989 35.883564 35.561550 35.327118 35.008713 34.773830 34.459564 34.224731 33.915054 33.680714 33.376015 33.142532 32.843132 32.610813 32.316956 32.086048 31.797905 31.568581 31.286263 31.058630 30.782177 30.556282 30.285671 30.061497 29.796638 29.574108 29.314861 29.093843 28.840006 28.620312 28.371639 28.153034 27.909227 27.691431 27.452158 27.234850 26.999737 26.782562 26.551210 26.333784 26.105770 25.887682 25.662561 25.443386 25.220703 25.000000 
