25.000000 25.000000 25.000000 25.000000 25.000000 25.000000 25.000000 25.000000 25.000000 25.000000 25.000000 25.000000 25.000000 25.000000 25.000000 25.000000 25.000000 25.000000 25.000000 25.000000 25.000000 25.000000 25.000000 25.000000 25.000000 25.000000 25.000000 25.000000 25.000000 25.000000 25.000000 25.000000 25.000000 25.000000 25.000000 25.000000 25.000000 25.000000 25.000000 25.000000 25.000000 25.000000 25.000000 25.000000 25.000000 25.000000 25.000000 25.000000 25.000000 25.000000 25.000000 25.000000 25.000000 25.000000 25.000000 25.000000 25.000000 25.000000 25.000000 25.000000 25.000000 25.000000 25.000000 25.000000 25.000000 25.000000 25.000000 25.000000 25.000000 25.000000 25.000000 25.000000 25.000000 25.000000 25.000000 25.000000 25.000000 25.000000 25.000000 25.000000 25.000000 25.000000 25.000000 25.000000 25.000000 25.000000 25.000000 25.000000 25.000000 25.000000 25.000000 25.000000 25.000000 25.000000 25.000000 25.000000 25.000000 25.000000 25.000000 25.000000 25.000000 25.000000 25.000000 25.000000 25.000000 25.000000 25.000000 25.000000 25.000000 25.000000 25.000000 25.000000 25.000000 25.000000 25.000000 25.000000 25.000000 25.000000 25.000000 25.000000 25.000000 25.000000 25.000000 25.000000 25.000000 25.000000 25.000000 25.000000 25.000000 25.000000 25.000000 25.000000 25.000000 25.000000 25.000000 25.000000 25.000000 25.000000 25.000000 25.000000 25.000000 25.000000 25.000000 25.000000 25.000000 25.000000 25.000000 25.000000 25.000000 25.000000 25.000000 25.000000 25.000000 25.000000 25.000000 25.000000 25.000000 25.000000 25.000000 25.000000 25.000000 25.000000 25.000000 25.000000 25.000000 25.000000 25.000000 25.000000 25.000000 25.000000 25.000000 25.000000 25.000000 25.000000 25.000000 25.000000 25.000000 25.000000 25.000000 25.000000 25.000000 25.000000 25.000000 25.000000 25.000000 25.000000 25.000000 25.000000 25.000000 25.000000 25.000000 25.000000 25.000000 25.000000 25.000000 25.000000 25.000000 25.000000 25.000000 25.000000 
25.000000 25.010860 25.021816 25.032608 25.043692 25.054441 25.065685 25.076416 25.087849 25.098589 25.110239 25.121014 25.132904 25.143736 25.155893 25.166805 25.179251 25.190260 25.203016 25.214138 25.227222 25.238472 25.251900 25.263285 25.277067 25.288595 25.302742 25.314419 25.328934 25.340759 25.355642 25.367611 25.382862 25.394966 25.410580 25.422808 25.438770 25.451109 25.467405 25.479836 25.496449 25.508945 25.525850 25.538387 25.555557 25.568104 25.585508 25.598032 25.615635 25.628096 25.645859 25.658218 25.676098 25.688313 25.706263 25.718287 25.736259 25.748043 25.765987 25.777483 25.795341 25.806498 25.824217 25.834982 25.852505 25.862823 25.880089 25.889912 25.906858 25.916130 25.932701 25.941370 25.957504 25.965519 25.981157 25.988468 26.003551 26.010111 26.024586 26.030350 26.044157 26.049082 26.062172 26.066221 26.078545 26.081682 26.093191 26.095385 26.106039 26.107264 26.117023 26.117258 26.126089 26.125315 26.133188 26.131393 26.138285 26.135462 26.141350 26.137499 26.142372 26.137495 26.141342 26.135448 26.138266 26.131371 26.133160 26.125282 26.126051 26.117216 26.116976 26.107210 26.105978 26.095320 26.093117 26.081600 26.078455 26.066124 26.062067 26.048967 26.044031 26.030212 26.024439 26.009953 26.003380 25.988283 25.980957 25.965303 25.957272 25.941120 25.932432 25.915842 25.906548 25.889580 25.879730 25.862442 25.852093 25.834545 25.823746 25.805998 25.794802 25.776911 25.765371 25.747391 25.735558 25.717543 25.705467 25.687469 25.675196 25.657263 25.644836 25.627016 25.614481 25.596811 25.584209 25.566732 25.554096 25.536844 25.524210 25.507215 25.494610 25.477901 25.465353 25.448950 25.436480 25.420404 25.408031 25.392294 25.380033 25.364647 25.352509 25.337477 25.325468 25.310795 25.298918 25.284601 25.272856 25.258890 25.247272 25.233648 25.222151 25.208855 25.197468 25.184486 25.173195 25.160509 25.149296 25.136885 25.125732 25.113575 25.102461 25.090532 25.079432 25.067705 25.056597 25.045044 25.033901 25.022495 25.011290 25.000000 
25.000000 25.021816 25.043468 25.065510 25.087048 25.109377 25.130857 25.153536 25.175007 25.198092 25.219606 25.243149 25.264755 25.288807 25.310553 25.335159 25.357080 25.382290 25.404421 25.430269 25.452642 25.479162 25.501799 25.529016 25.551935 25.579874 25.603085 25.631758 25.655264 25.684675 25.708475 25.738625 25.762705 25.793583 25.817926 25.849514 25.874094 25.906368 25.931149 25.964075 25.989016 26.022551 26.047598 26.081694 26.106792 26.141388 26.166473 26.201504 26.226503 26.261892 26.286730 26.322395 26.346987 26.382841 26.407099 26.443047 26.466873 26.502815 26.526115 26.561943 26.584616 26.620220 26.642160 26.677427 26.698532 26.733345 26.753506 26.787745 26.806856 26.840401 26.858358 26.891090 26.907789 26.939589 26.954929 26.985678 26.999563 27.029144 27.041483 27.069786 27.080490 27.107409 27.116394 27.141827 27.149025 27.172874 27.178215 27.200396 27.203821 27.224251 27.225716 27.244320 27.243784 27.260500 27.257933 27.272707 27.268089 27.280878 27.274200 27.284969 27.276237 27.284960 27.274183 27.280851 27.268053 27.272661 27.257879 27.260435 27.243710 27.244236 27.225620 27.224142 27.203703 27.200262 27.178070 27.172712 27.148848 27.141634 27.116184 27.107178 27.080240 27.069515 27.041189 27.028828 26.999222 26.985306 26.954533 26.939157 26.907328 26.890589 26.857822 26.839823 26.806238 26.787077 26.752794 26.732576 26.697714 26.676546 26.641224 26.619209 26.583544 26.560789 26.524891 26.501501 26.465479 26.441551 26.405514 26.381145 26.345190 26.320473 26.284697 26.259718 26.224207 26.199053 26.163885 26.138630 26.103882 26.078594 26.044331 26.019075 25.985355 25.960188 25.927061 25.902029 25.869534 25.844681 25.812853 25.788208 25.757072 25.732664 25.702232 25.678078 25.648361 25.624470 25.595470 25.571842 25.543550 25.520184 25.492584 25.469467 25.442539 25.419653 25.393370 25.370687 25.345015 25.322508 25.297409 25.275042 25.250471 25.228201 25.204113 25.181900 25.158241 25.136032 25.112751 25.090500 25.067541 25.045193 25.022495 25.000000 
25.000000 25.032608 25.065510 25.097908 25.131195 25.163465 25.197231 25.229450 25.263783 25.296030 25.331011 25.363359 25.399067 25.431589 25.468098 25.500854 25.538233 25.571283 25.609591 25.642981 25.682274 25.716043 25.756369 25.790548 25.831938 25.866550 25.909033 25.944086 25.987675 26.023172 26.067871 26.103802 26.149599 26.185940 26.232821 26.269537 26.317467 26.354513 26.403448 26.440765 26.490650 26.528168 26.578930 26.616571 26.668129 26.705799 26.758060 26.795658 26.848516 26.885929 26.939264 26.976372 27.030058 27.066730 27.120628 27.156729 27.210693 27.246077 27.299952 27.334469 27.388092 27.421589 27.474792 27.507113 27.559723 27.590710 27.642546 27.672037 27.722923 27.750761 27.800514 27.826542 27.874987 27.899050 27.946005 27.967955 28.013245 28.032942 28.076397 28.093704 28.135160 28.149952 28.189253 28.201412 28.238409 28.247831 28.282385 28.288977 28.320963 28.324642 28.353945 28.354649 28.381163 28.378839 28.402477 28.397089 28.417778 28.409306 28.426987 28.415422 28.430052 28.415409 28.426960 28.409266 28.417725 28.397022 28.402395 28.378744 28.381050 28.354521 28.353800 28.324482 28.320782 28.288776 28.282166 28.247587 28.238142 28.201122 28.188936 28.149609 28.134787 28.093300 28.075956 28.032467 28.012732 27.967402 27.945404 27.898405 27.874289 27.825794 27.799707 27.749897 27.721991 27.671041 27.641472 27.589561 27.558489 27.505798 27.473377 27.420084 27.386473 27.332748 27.298103 27.244116 27.208590 27.154497 27.118238 27.064198 27.027346 26.973501 26.936195 26.882685 26.845051 26.791998 26.754156 26.701679 26.663740 26.611942 26.574003 26.522978 26.485132 26.434959 26.397284 26.348032 26.310591 26.262318 26.225170 26.177916 26.141104 26.094900 26.058456 26.013319 25.977264 25.933203 25.897547 25.854553 25.819294 25.777353 25.742476 25.701561 25.667044 25.627117 25.592930 25.553947 25.520044 25.481951 25.448286 25.411018 25.377533 25.341026 25.307655 25.271833 25.238510 25.203293 25.169941 25.135252 25.101793 25.067543 25.033901 25.000000 
25.000000 25.043692 25.087048 25.131195 25.174326 25.219049 25.262060 25.307482 25.350479 25.396711 25.439795 25.486946 25.530212 25.578384 25.621925 25.671213 25.715107 25.765596 25.809914 25.861681 25.906481 25.959595 26.004923 26.059437 26.105328 26.161283 26.207760 26.265186 26.312256 26.371159 26.418816 26.479195 26.527416 26.589254 26.638000 26.701263 26.750483 26.815117 26.864740 26.930679 26.980621 27.047781 27.097939 27.166218 27.216478 27.285761 27.335995 27.406143 27.456207 27.527075 27.576813 27.648235 27.697483 27.769281 27.817858 27.889843 27.937561 28.009531 28.056192 28.127937 28.173342 28.244638 28.288576 28.359198 28.401463 28.471172 28.511549 28.580109 28.618383 28.685555 28.721518 28.787060 28.820505 28.884178 28.914904 28.976471 29.004282 29.063515 29.088226 29.144899 29.166336 29.220238 29.238237 29.289160 29.303579 29.351332 29.362034 29.406443 29.413311 29.454214 29.457153 29.494402 29.493334 29.526802 29.521666 29.551247 29.542006 29.567608 29.554245 29.575802 29.558319 29.575783 29.554209 29.567554 29.541935 29.551155 29.521559 29.526672 29.493187 29.494232 29.456963 29.453999 29.413073 29.406178 29.361740 29.351009 29.303225 29.288773 29.237816 29.219774 29.165838 29.144356 29.087641 29.062878 29.003597 28.975729 28.914106 28.883314 28.819580 28.786057 28.720448 28.684397 28.617146 28.578772 28.510120 28.469633 28.399822 28.357433 28.286699 28.242617 28.171192 28.125628 28.053741 28.006899 27.934767 27.886850 27.814684 27.765884 27.693884 27.644386 27.572741 27.522722 27.451607 27.401234 27.330809 27.280235 27.210649 27.160011 27.091396 27.040821 26.973293 26.922895 26.856552 26.806427 26.741352 26.691584 26.627842 26.578493 26.516134 26.467258 26.406315 26.357946 26.298431 26.250591 26.192509 26.145199 26.088535 26.041746 25.986469 25.940180 25.886248 25.840420 25.787779 25.742359 25.690943 25.645874 25.595604 25.550816 25.501604 25.457012 25.408766 25.364283 25.316898 25.272429 25.225801 25.181242 25.135258 25.090506 25.045050 25.000000 
25.000000 25.054441 25.109377 25.163465 25.219049 25.272921 25.329304 25.383091 25.440418 25.494253 25.552662 25.606667 25.666290 25.720583 25.781544 25.836229 25.898642 25.953814 26.017780 26.073521 26.139130 26.195505 26.262835 26.319897 26.389004 26.446785 26.517715 26.576239 26.649014 26.708277 26.782904 26.842890 26.919355 26.980024 27.058296 27.119591 27.199615 27.261461 27.343163 27.405464 27.488745 27.551384 27.636131 27.698973 27.785049 27.847940 27.935188 27.997959 28.086203 28.148664 28.237705 28.299660 28.389284 28.450512 28.540491 28.600763 28.690851 28.749929 28.839865 28.897497 28.987013 29.042942 29.131756 29.185722 29.273544 29.325281 29.411814 29.461056 29.545998 29.592480 29.675535 29.718994 29.799860 29.840042 29.918421 29.955076 30.030674 30.063568 30.136103 30.165007 30.234205 30.258909 30.324509 30.344818 30.406570 30.422312 30.479984 30.491003 30.544386 30.550545 30.599447 30.600637 30.644888 30.641022 30.680471 30.671490 30.706015 30.691883 30.721386 30.702095 30.726503 30.702074 30.721340 30.691818 30.705925 30.671379 30.680334 30.640863 30.644699 30.600426 30.599207 30.550276 30.544088 30.490669 30.479618 30.421907 30.406126 30.344334 30.323978 30.258335 30.233578 30.164331 30.135366 30.062775 30.029814 29.954151 29.917418 29.838966 29.798695 29.717749 29.674187 29.591038 29.544441 29.459391 29.410019 29.323366 29.271481 29.183527 29.129393 29.040428 28.984310 28.894625 28.836781 28.746653 28.687338 28.597038 28.536501 28.446281 28.384758 28.294867 28.232582 28.143248 28.080418 27.991846 27.928671 27.841059 27.777719 27.691242 27.627905 27.542717 27.479532 27.395769 27.332869 27.250641 27.188135 27.107538 27.045523 26.966625 26.905170 26.828026 26.767185 26.691824 26.631634 26.558064 26.498539 26.426754 26.367889 26.297863 26.239639 26.171322 26.113701 26.047035 25.989960 25.924870 25.868271 25.804665 25.748463 25.686237 25.630335 25.569376 25.513666 25.453852 25.398220 25.339418 25.283739 25.225815 25.169958 25.112768 25.056604 25.000000 
25.000000 25.065685 25.130857 25.197231 25.262060 25.329304 25.393953 25.462244 25.526871 25.596380 25.661140 25.732029 25.797066 25.869490 25.934937 26.009035 26.075012 26.150919 26.217533 26.295362 26.362700 26.442551 26.510685 26.592640 26.661621 26.745741 26.815603 26.901928 26.972683 27.061230 27.132868 27.223633 27.296118 27.389076 27.462353 27.557449 27.631437 27.728596 27.803190 27.902309 27.977381 28.078335 28.153732 28.256367 28.331921 28.436060 28.511574 28.617016 28.692276 28.798796 28.873568 28.980921 29.054953 29.162870 29.235895 29.344091 29.415827 29.524000 29.594151 29.701981 29.770243 29.877398 29.943459 30.049597 30.113140 30.217907 30.278612 30.381653 30.439201 30.540152 30.594227 30.692726 30.743015 30.838705 30.884907 30.977432 31.019253 31.108267 31.145432 31.230597 31.262840 31.343836 31.370916 31.447437 31.469130 31.540888 31.556993 31.623722 31.634071 31.695526 31.699968 31.755934 31.754351 31.804634 31.796938 31.841375 31.827511 31.865967 31.845907 31.878283 31.852032 31.878256 31.845854 31.865887 31.827406 31.841240 31.796778 31.804440 31.754131 31.755678 31.699682 31.695204 31.633711 31.623323 31.556555 31.540400 31.468599 31.446852 31.370283 31.343142 31.262091 31.229778 31.144550 31.107307 31.018225 30.976315 30.883707 30.837404 30.741623 30.691219 30.592615 30.538410 30.437340 30.379642 30.276468 30.215595 30.110676 30.046944 29.940636 29.874361 29.767012 29.698511 29.590464 29.520044 29.411629 29.339592 29.231123 29.157763 29.049541 28.975132 28.867445 28.792253 28.685360 28.609636 28.503778 28.427752 28.323156 28.247036 28.143896 28.067871 27.966366 27.890606 27.790880 27.715532 27.617712 27.542898 27.447079 27.372900 27.279160 27.205688 27.114073 27.041367 26.951900 26.879988 26.792673 26.721558 26.636372 26.566042 26.482943 26.413363 26.332285 26.263395 26.184258 26.115986 26.038687 25.970942 25.895367 25.828039 25.754057 25.687029 25.614492 25.547628 25.476391 25.409544 25.339443 25.272463 25.203329 25.136061 25.067720 25.000000 
25.000000 25.076416 25.153536 25.229450 25.307482 25.383091 25.462244 25.537735 25.618210 25.693769 25.775763 25.851562 25.935261 26.011463 26.097038 26.173792 26.261404 26.338840 26.428633 26.506866 26.598965 26.678091 26.772600 26.852690 26.949694 27.030796 27.130356 27.212498 27.314648 27.397827 27.502575 27.586769 27.694096 27.779251 27.889111 27.975147 28.087465 28.174274 28.288942 28.376390 28.493279 28.581198 28.700142 28.788349 28.909155 28.997435 29.119883 29.207993 29.331835 29.419514 29.544474 29.631439 29.757217 29.843164 29.969437 30.054047 30.180468 30.263401 30.389610 30.470516 30.596132 30.674650 30.799278 30.875042 30.998276 31.070911 31.192335 31.261469 31.380663 31.445923 31.562462 31.623484 31.736950 31.793371 31.903345 31.954819 32.060890 32.107082 32.208855 32.249454 32.346539 32.381245 32.473274 32.501812 32.588444 32.610569 32.691479 32.706974 32.781860 32.790543 32.859138 32.860844 32.922909 32.917522 32.972851 32.960285 33.008698 32.988903 33.030270 33.003239 33.037453 33.003208 33.030209 32.988815 33.008572 32.960129 32.972656 32.917301 32.922646 32.860550 32.858803 32.790165 32.781445 32.706512 32.690960 32.610004 32.587818 32.501133 32.472527 32.380436 32.345657 32.248505 32.207821 32.105972 32.059681 31.953522 31.901936 31.791861 31.735313 31.621733 31.560570 31.443897 31.378475 31.259132 31.189816 31.068224 30.995380 30.871958 30.795961 30.671120 30.592339 30.466484 30.385281 30.258802 30.175539 30.048815 29.963835 29.837227 29.750862 29.624710 29.537283 29.411907 29.323713 29.199411 29.110731 28.987774 28.898865 28.777498 28.688595 28.569035 28.480347 28.362782 28.274492 28.159084 28.071352 27.958227 27.871181 27.760443 27.674185 27.565905 27.480511 27.374731 27.290251 27.186985 27.103437 27.002674 26.920055 26.821758 26.740038 26.644142 26.563267 26.469687 26.389578 26.298208 26.218771 26.129484 26.050600 25.963251 25.884789 25.799217 25.721025 25.637058 25.558975 25.476431 25.398281 25.316967 25.238571 25.158287 25.079456 25.000000 
25.000000 25.087849 25.175007 25.263783 25.350479 25.440418 25.526871 25.618210 25.704638 25.797604 25.884207 25.979019 26.065992 26.162857 26.250380 26.349483 26.437716 26.539236 26.628317 26.732409 26.822460 26.929253 27.020369 27.129971 27.222221 27.334719 27.428148 27.543592 27.638214 27.756630 27.852432 27.973814 28.070751 28.195061 28.293056 28.420225 28.519173 28.649097 28.748856 28.881399 28.981796 29.116791 29.217628 29.354866 29.455914 29.595160 29.696156 29.837143 29.937799 30.080225 30.180231 30.323767 30.422785 30.567074 30.664747 30.809406 30.905355 31.049980 31.143812 31.287975 31.379284 31.522543 31.610910 31.752808 31.837809 31.977871 32.059078 32.196827 32.273815 32.408768 32.481113 32.612785 32.680073 32.807987 32.869804 32.993488 33.049450 33.168434 33.218174 33.332008 33.375172 33.483429 33.519684 33.621956 33.651012 33.746914 33.768501 33.857677 33.871567 33.953690 33.959682 34.034462 34.032402 34.099583 34.089348 34.148708 34.130226 34.181595 34.154823 34.198063 34.163013 34.198029 34.154755 34.181488 34.130085 34.148529 34.089134 34.099323 34.032104 34.034122 33.959301 33.953259 33.871086 33.857143 33.767914 33.746262 33.650303 33.621174 33.518837 33.482498 33.374168 33.330914 33.216995 33.167152 33.048077 32.991989 32.868202 32.806248 32.678211 32.610771 32.478958 32.406441 32.271324 32.194141 32.056210 31.974777 31.834513 31.749258 31.607134 31.518480 31.374964 31.283335 31.138882 31.044689 30.899738 30.803389 30.658363 30.560242 30.415546 30.316027 30.172039 30.071474 29.928547 29.827271 29.685730 29.584047 29.444189 29.342384 29.204472 29.102797 28.967064 28.865746 28.732391 28.631624 28.500814 28.400763 28.272629 28.173424 28.048065 27.949814 27.827295 27.730064 27.610418 27.514248 27.397476 27.302374 27.188450 27.094398 26.983263 26.890211 26.781778 26.689653 26.583813 26.492514 26.389130 26.298536 26.197456 26.107420 26.008471 25.918833 25.821819 25.732399 25.637121 25.547728 25.453968 25.364397 25.271931 25.181971 25.090569 25.000000 
25.000000 25.098589 25.198092 25.296030 25.396711 25.494253 25.596380 25.693769 25.797604 25.895081 26.000872 26.098658 26.206650 26.304955 26.415365 26.514383 26.627420 26.727320 26.843168 26.944098 27.062918 27.164997 27.286928 27.390249 27.515396 27.620028 27.748468 27.854439 27.986219 28.093533 28.228661 28.337282 28.475735 28.585598 28.727316 28.838316 28.983200 29.095198 29.243114 29.355936 29.506712 29.620146 29.773571 29.887377 30.043200 30.157099 30.315037 30.428720 30.588453 30.701584 30.862755 30.974966 31.137188 31.248091 31.410946 31.520121 31.683168 31.790182 31.952953 32.057354 32.219353 32.320679 32.481403 32.579174 32.738098 32.831837 32.988419 33.077644 33.231350 33.315578 33.465858 33.544621 33.690933 33.763763 33.905567 33.972019 34.108791 34.168430 34.299652 34.352077 34.477245 34.522072 34.640724 34.677597 34.789280 34.817886 34.922188 34.942242 35.038773 35.050034 35.138447 35.140717 35.220707 35.213825 35.285122 35.268982 35.331364 35.305901 35.359188 35.324390 35.368454 35.324352 35.359112 35.305786 35.331203 35.268784 35.284874 35.213539 35.220367 35.140335 35.138012 35.049549 35.038227 34.941639 34.921516 34.817158 34.788475 34.676720 34.639763 34.521034 34.476109 34.350849 34.298313 34.166996 34.107227 33.970348 33.903748 33.761818 33.688820 33.542362 33.463417 33.312965 33.228527 33.074631 32.985168 32.828373 32.734360 32.575199 32.477123 32.316124 32.214458 32.052151 31.947365 31.784250 31.676807 31.513372 31.403717 31.240425 31.128988 30.966284 30.853476 30.691769 30.577972 30.417648 30.303226 30.144634 30.029921 29.873375 29.758671 29.604450 29.490026 29.338377 29.224470 29.075598 28.962408 28.816483 28.704180 28.561327 28.450043 28.310358 28.200191 28.063730 27.954739 27.821520 27.713734 27.583742 27.477154 27.350340 27.244911 27.121193 27.016857 26.896124 26.792778 26.674894 26.572414 26.457214 26.355450 26.242750 26.141527 26.031120 25.930246 25.821911 25.721174 25.614674 25.513855 25.408939 25.307800 25.204218 25.102514 25.000000 
25.000000 25.110239 25.219606 25.331011 25.439795 25.552662 25.661140 25.775763 25.884207 26.000872 26.109539 26.228519 26.337648 26.459202 26.569019 26.693384 26.804092 26.931486 27.043262 27.173878 27.286871 27.420874 27.535204 27.672731 27.788486 27.929642 28.046877 28.191725 28.310459 28.459034 28.579248 28.731541 28.853180 29.009146 29.132113 29.291662 29.415823 29.578827 29.704008 29.870293 29.996279 30.165634 30.292175 30.464340 30.591146 30.765827 30.892570 31.069429 31.195751 31.374413 31.499918 31.679968 31.804237 31.985228 32.107811 32.289261 32.409687 32.591087 32.708858 32.889679 33.004284 33.183968 33.294888 33.472855 33.579556 33.755215 33.857159 34.029915 34.126568 34.295811 34.386639 34.551769 34.636250 34.796658 34.874287 35.029381 35.099663 35.248863 35.311337 35.454075 35.508297 35.644039 35.689598 35.817829 35.854359 35.974594 36.001759 36.113552 36.131058 36.234005 36.241604 36.335335 36.332832 36.417030 36.404274 36.478664 36.455559 36.519920 36.486420 36.540577 36.496696 36.540535 36.486336 36.519787 36.455383 36.478436 36.404003 36.416706 36.332462 36.334908 36.241123 36.233459 36.130455 36.112877 36.001019 35.973774 35.853466 35.816849 35.688538 35.642872 35.507042 35.452702 35.309856 35.247253 35.097935 35.027500 34.872272 34.794476 34.633911 34.549236 34.383930 34.292889 34.123440 34.026543 33.853558 33.751335 33.575420 33.468403 33.290146 33.178871 32.998863 32.883854 32.702671 32.584450 32.402637 32.281708 32.099800 31.976650 31.795151 31.670252 31.489635 31.363428 31.184139 31.057039 30.879486 30.751879 30.576431 30.448673 30.275663 30.148071 29.977791 29.850647 29.683346 29.556896 29.392784 29.267233 29.106476 28.981991 28.824709 28.701422 28.547701 28.425692 28.275574 28.154898 28.008385 27.889050 27.746105 27.628088 27.488638 27.371880 27.235817 27.120222 26.987410 26.872852 26.743122 26.629448 26.502605 26.389633 26.265463 26.152988 26.031248 25.919048 25.799482 25.687315 25.569656 25.457264 25.341230 25.228346 25.113649 25.000000 
25.000000 25.121014 25.243149 25.363359 25.486946 25.606667 25.732029 25.851562 25.979019 26.098658 26.228519 26.348539 26.481094 26.601751 26.737278 26.858809 26.997555 27.120169 27.262363 27.386240 27.532082 27.657372 27.807026 27.933842 28.087440 28.215864 28.373501 28.503572 28.665302 28.797022 28.962858 29.096186 29.266098 29.400948 29.574863 29.711113 29.888910 30.026384 30.207899 30.346386 30.531404 30.670647 30.858910 30.998610 31.189812 31.329628 31.523422 31.662977 31.858967 31.997847 32.195595 32.333351 32.532387 32.668533 32.868343 33.002377 33.202412 33.333797 33.533489 33.661671 33.860416 33.984821 34.181992 34.302048 34.497002 34.612110 34.804188 34.913761 35.102303 35.205746 35.390083 35.486816 35.666283 35.755741 35.929668 36.011303 36.179050 36.252327 36.413261 36.477684 36.631195 36.686295 36.831802 36.877144 37.014099 37.049301 37.177193 37.201900 37.320255 37.334179 37.442570 37.445457 37.543510 37.535172 37.622555 37.602856 37.679302 37.648163 37.713448 37.670849 37.724815 37.670803 37.713348 37.648018 37.679104 37.602612 37.622253 37.534817 37.543098 37.444988 37.442036 37.333580 37.319588 37.201160 37.176373 37.048401 37.013115 36.876072 36.830624 36.685020 36.629799 36.476181 36.411625 36.250565 36.177132 36.009247 35.927437 35.753349 35.663689 35.484043 35.387081 35.202534 35.098839 34.910057 34.800198 34.607853 34.492416 34.297165 34.176739 33.979233 33.854404 33.655281 33.526630 33.326515 33.194603 32.994091 32.859467 32.659122 32.522316 32.322689 32.184204 31.985796 31.846100 31.649384 31.508923 31.314325 31.173510 30.981419 30.840616 30.651377 30.510920 30.324829 30.185007 30.002321 29.863384 29.684307 29.546459 29.371153 29.234558 29.063133 28.927908 28.760435 28.626657 28.463160 28.330862 28.171320 28.040493 27.884850 27.755447 27.603600 27.475536 27.327351 27.200506 27.055815 26.930033 26.788633 26.663729 26.525394 26.401154 26.265635 26.141823 26.008844 25.885204 25.754475 25.630732 25.501949 25.377811 25.250664 25.125832 25.000000 
25.000000 25.132904 25.264755 25.399067 25.530212 25.666290 25.797066 25.935261 26.065992 26.206650 26.337648 26.481094 26.612656 26.759199 26.891588 27.041519 27.174982 27.328564 27.463312 27.620775 27.756992 27.918535 28.056366 28.222153 28.361702 28.531858 28.673193 28.847797 28.990940 29.170031 29.314962 29.498529 29.645178 29.833166 29.981421 30.173723 30.323418 30.519878 30.670805 30.871216 31.023117 31.227221 31.379791 31.587278 31.740171 31.950686 32.103504 32.316639 32.468952 32.684254 32.835587 33.052555 33.202404 33.420498 33.568317 33.786961 33.932178 34.150761 34.292782 34.510658 34.648869 34.865368 34.999138 35.213562 35.342251 35.553890 35.676849 35.884983 36.001568 36.205467 36.315033 36.513966 36.615883 36.809124 36.902786 37.089615 37.174427 37.354149 37.429550 37.601482 37.666943 37.830437 37.885460 38.039898 38.084038 38.228840 38.261696 38.396317 38.417534 38.541489 38.550774 38.663620 38.660728 38.762081 38.746834 38.836365 38.808643 38.886086 38.845840 38.910984 38.858227 38.910934 38.845734 38.885925 38.808430 38.836090 38.746506 38.761692 38.660278 38.663101 38.550190 38.540833 38.416809 38.395504 38.260803 38.227852 38.082966 38.038719 37.884182 37.829033 37.665424 37.599831 37.427769 37.352211 37.172344 37.087349 36.900356 36.806488 36.613064 36.510910 36.311764 36.201939 35.997795 35.880917 35.672508 35.549213 35.337261 35.208195 34.993420 34.859219 34.642330 34.503635 34.285316 34.142754 33.923676 33.777851 33.558655 33.410152 33.191444 33.040836 32.823189 32.671005 32.454952 32.301697 32.087727 31.933867 31.722427 31.568388 31.359879 31.206043 31.000820 30.847527 30.645889 30.493435 30.295635 30.144266 29.950504 29.800423 29.610847 29.462210 29.276920 29.129829 28.948877 28.803392 28.626781 28.482916 28.310602 28.168324 28.000221 27.859459 27.695436 27.556080 27.395971 27.257866 27.101471 26.964432 26.811514 26.675322 26.525621 26.390028 26.243259 26.107996 25.963848 25.828623 25.686771 25.551275 25.411383 25.275293 25.137014 25.000000 
25.000000 25.143736 25.288807 25.431589 25.578384 25.720583 25.869490 26.011463 26.162857 26.304955 26.459202 26.601751 26.759199 26.902508 27.063477 27.207823 27.372618 27.518250 27.687136 27.834269 28.007483 28.156292 28.334030 28.484655 28.667074 28.819611 29.006819 29.161312 29.353376 29.509832 29.706766 29.865131 30.066902 30.227079 30.433598 30.595438 30.806559 30.969858 31.185385 31.349890 31.569572 31.734978 31.958504 32.124458 32.351471 32.517563 32.747646 32.913429 33.146114 33.311100 33.545868 33.709522 33.945808 34.107559 34.344761 34.504002 34.741467 34.897564 35.134613 35.286911 35.522831 35.670650 35.904694 36.047344 36.278751 36.415535 36.643520 36.773735 36.997517 37.120457 37.339237 37.454216 37.667206 37.773548 37.979958 38.077011 38.276077 38.363213 38.554184 38.630806 38.812962 38.878517 39.051163 39.105141 39.267628 39.309559 39.461281 39.490761 39.631157 39.647827 39.776394 39.779964 39.896248 39.886494 39.990108 39.966862 40.057484 40.020660 40.098026 40.047600 40.111530 40.047543 40.097912 40.020485 40.057247 39.966572 39.989746 39.886074 39.895756 39.779408 39.775757 39.647121 39.630360 39.489883 39.460308 39.308495 39.266453 39.103863 39.049767 38.876999 38.811306 38.629021 38.552238 38.361118 38.273800 38.074570 37.977306 37.770702 37.664124 37.450916 37.335670 37.116642 36.993401 36.769337 36.638783 36.410477 36.273308 36.041542 35.898453 35.664005 35.515690 35.279320 35.126465 34.888908 34.732189 34.494152 34.334213 34.096378 33.933849 33.696857 33.532330 33.296783 33.130829 32.897282 32.730419 32.499382 32.332100 32.104034 31.936771 31.712082 31.545235 31.324280 31.158190 30.941269 30.776234 30.563591 30.399851 30.191681 30.029432 29.825867 29.665247 29.466368 29.307470 29.113306 28.956165 28.766695 28.611305 28.426458 28.272760 28.092419 27.940311 27.764315 27.613655 27.441805 27.292408 27.124464 26.976110 26.811806 26.664242 26.503277 26.356220 26.198273 26.051418 25.896141 25.749165 25.596199 25.448753 25.297729 25.149460 25.000000 
25.000000 25.155893 25.310553 25.468098 25.621925 25.781544 25.934937 26.097038 26.250380 26.415365 26.569019 26.737278 26.891588 27.063477 27.218761 27.394621 27.551165 27.731298 27.889353 28.074038 28.233814 28.423279 28.584948 28.779387 28.943073 29.142628 29.308411 29.513178 29.681084 29.891106 30.061110 30.276377 30.448399 30.668842 30.842749 31.068245 31.243845 31.474209 31.651257 31.886248 32.064442 32.303753 32.482735 32.726009 32.905373 33.152187 33.331467 33.581348 33.760040 34.012451 34.189999 34.444363 34.620167 34.875843 35.049271 35.305588 35.475967 35.732204 35.898842 36.154240 36.316414 36.570190 36.727161 36.978497 37.129513 37.377579 37.521881 37.765827 37.902657 38.141632 38.270237 38.503380 38.623024 38.849483 38.959450 39.178391 39.277985 39.488579 39.577141 39.778603 39.855511 40.047070 40.111748 40.292679 40.344601 40.514229 40.552917 40.710613 40.735657 40.880840 40.891891 41.024044 41.020824 41.139496 41.121788 41.226597 41.194267 41.284897 41.237885 41.314095 41.252407 41.314034 41.237759 41.284710 41.194016 41.226276 41.121403 41.139038 41.020294 41.023438 40.891209 40.880066 40.734802 40.709660 40.551872 40.513073 40.343342 40.291298 40.110245 40.045425 39.853733 39.776665 39.575054 39.486305 39.275539 39.175732 38.956600 38.846397 38.619713 38.499798 38.266403 38.137489 37.898232 37.761055 37.516785 37.372089 37.123657 36.972198 36.720448 36.562977 36.308739 36.146000 35.890083 35.722809 35.465992 35.294899 35.037933 34.863708 34.607307 34.430614 34.175449 33.996910 33.743610 33.563816 33.312958 33.132454 32.884556 32.703842 32.459373 32.278908 32.038280 31.858454 31.622025 31.443186 31.211248 31.033684 30.806477 30.630426 30.408123 30.233765 30.016481 29.843943 29.631737 29.461084 29.253963 29.085211 28.883125 28.716238 28.519083 28.353977 28.161602 27.998142 27.810356 27.648365 27.464930 27.304190 27.124830 26.965084 26.789495 26.630453 26.458298 26.299643 26.130560 25.971951 25.805559 25.646629 25.482538 25.322912 25.160713 25.000000 
25.000000 25.166805 25.335159 25.500854 25.671213 25.836229 26.009035 26.173792 26.349483 26.514383 26.693384 26.858809 27.041519 27.207823 27.394621 27.562128 27.753359 27.922361 28.118334 28.289078 28.490068 28.662762 28.868994 29.043797 29.255453 29.432472 29.649681 29.828978 30.051813 30.233385 30.461864 30.645657 30.879740 31.065636 31.305220 31.493048 31.737965 31.927488 32.177513 32.368439 32.623268 32.815247 33.074528 33.267143 33.530464 33.723248 33.990120 34.182545 34.452431 34.643932 34.916229 35.106186 35.380241 35.567993 35.843094 36.027943 36.303345 36.484547 36.759460 36.936260 37.209850 37.381462 37.652866 37.818485 38.086823 38.245640 38.510002 38.661205 38.920677 39.063450 39.317116 39.450653 39.697594 39.821117 40.060417 40.173172 40.403942 40.505196 40.726570 40.815636 41.026775 41.103004 41.303112 41.365910 41.554226 41.603058 41.778881 41.813267 41.975945 41.995480 42.144428 42.148769 42.283466 42.272354 42.392349 42.365589 42.470509 42.427994 42.517544 42.459248 42.533207 42.459179 42.517410 42.427792 42.470238 42.365246 42.391933 42.271862 42.282898 42.148121 42.143688 41.994656 41.975021 41.812248 41.777748 41.601822 41.552864 41.364426 41.301487 41.101246 41.024857 40.813560 40.724316 40.502766 40.401302 40.170334 40.057339 39.817814 39.694016 39.446823 39.312973 39.059021 38.915901 38.656097 38.504501 38.239769 38.080502 37.811749 37.645618 37.373745 37.201557 36.927444 36.750000 36.474499 36.292572 36.016510 35.830853 35.555016 35.366352 35.091484 34.900513 34.627312 34.434685 34.163799 33.970123 33.702141 33.507980 33.243439 33.049301 32.788670 32.595020 32.338711 32.145943 31.894306 31.702765 31.456083 31.266048 31.024548 30.836246 30.600080 30.413673 30.182936 29.998529 29.773254 29.590891 29.371058 29.190723 28.976248 28.797882 28.588627 28.412107 28.207890 28.033052 27.833637 27.660267 27.465382 27.293222 27.102558 26.931314 26.744520 26.573868 26.390572 26.220156 26.039957 25.869394 25.691879 25.520773 25.345510 25.173447 25.000000 
25.000000 25.179251 25.357080 25.538233 25.715107 25.898642 26.075012 26.261404 26.437716 26.627420 26.804092 26.997555 27.174982 27.372618 27.551165 27.753359 27.933355 28.140461 28.322195 28.534523 28.718241 28.936060 29.121954 29.345484 29.533701 29.763105 29.953735 30.189123 30.382196 30.623617 30.819105 31.066547 31.264357 31.517744 31.717724 31.976908 32.178837 32.443611 32.647209 32.917290 33.122208 33.397247 33.603077 33.882660 34.088932 34.372578 34.578758 34.865921 35.071423 35.361488 35.565678 35.857979 36.060169 36.353970 36.553436 36.847958 37.043926 37.338348 37.530022 37.823475 38.010017 38.301590 38.482162 38.770924 38.944653 39.229649 39.395668 39.675915 39.833355 40.107876 40.255871 40.523682 40.661377 40.921501 41.048080 41.299545 41.414211 41.656082 41.758072 41.989433 42.078033 42.298012 42.372555 42.580315 42.640202 42.834961 42.879646 43.060680 43.089684 43.256332 43.269260 43.420929 43.417454 43.553627 43.533508 43.653740 43.616814 43.720749 43.666943 43.754307 43.683636 43.754238 43.666798 43.720535 43.616520 43.653374 43.533062 43.553101 43.416847 43.420235 43.268475 43.255444 43.088703 43.059582 42.878441 42.833630 42.638752 42.578720 42.370827 42.296116 42.075989 41.987206 41.755669 41.653465 41.411396 41.296494 41.044800 40.917946 40.657570 40.519558 40.251457 40.103115 39.828262 39.670425 39.389805 39.223335 38.937920 38.763676 38.474442 38.293293 38.001190 37.813992 37.519947 37.327541 37.032455 36.835663 36.540398 36.340012 36.045383 35.842163 35.548946 35.343613 35.052528 34.845757 34.557465 34.349884 34.064987 33.857170 33.576210 33.368671 33.092121 32.885323 32.613586 32.407928 32.141350 31.937160 31.676006 31.473562 31.218037 31.017542 30.767778 30.569376 30.325443 30.129213 29.891117 29.697075 29.464758 29.272863 29.046209 28.856363 28.635199 28.447248 28.231352 28.045092 27.834190 27.649368 27.443150 27.259472 27.057585 26.874718 26.676773 26.494350 26.299938 26.117567 25.926249 25.743509 25.554832 25.371290 25.184792 25.000000 
25.000000 25.190260 25.382290 25.571283 25.765596 25.953814 26.150919 26.338840 26.539236 26.727320 26.931486 27.120169 27.328564 27.518250 27.731298 27.922361 28.140461 28.333227 28.556730 28.751486 28.980703 29.177685 29.412872 29.612261 29.853626 30.055548 30.303238 30.507755 30.761852 30.968969 31.229496 31.439146 31.706053 31.918108 32.191277 32.405537 32.684776 32.900978 33.186028 33.403831 33.694355 33.913361 34.208954 34.428688 34.728874 34.948803 35.253033 35.472561 35.780212 35.998688 36.309082 36.525799 36.838184 37.052399 37.365967 37.576874 37.890774 38.097530 38.410862 38.612602 38.924416 39.120247 39.429554 39.618561 39.924362 40.105621 40.406879 40.579460 40.875134 41.038109 41.327148 41.479603 41.760967 41.902008 42.174656 42.303425 42.566334 42.681995 42.934185 43.035954 43.276466 43.363605 43.591534 43.663368 43.877842 43.933762 44.133984 44.173435 44.358665 44.381191 44.550762 44.555969 44.709286 44.696873 44.833427 44.803177 44.922539 44.874332 44.976166 44.909962 44.994022 44.909885 44.976013 44.874100 44.922230 44.802784 44.832951 44.696312 44.708637 44.555225 44.549919 44.380249 44.357609 44.172272 44.132690 43.932350 43.876286 43.661678 43.589676 43.361603 43.274273 43.033588 42.931606 42.679218 42.563316 42.300182 42.171139 41.898239 41.756882 41.475231 41.322422 41.033051 40.869678 40.573631 40.400600 40.098919 39.917149 39.610870 39.421284 39.111439 38.914951 38.602543 38.400063 38.086063 37.878479 37.563828 37.351994 37.037590 36.822338 36.509026 36.291149 35.979725 35.759964 35.451168 35.230217 34.924725 34.703224 34.401638 34.180172 33.883038 33.662125 33.369911 33.150013 32.863117 32.644615 32.363365 32.146587 31.871229 31.656431 31.387150 31.174515 30.911415 30.701063 30.444183 30.236166 29.985481 29.779785 29.535200 29.331749 29.093111 28.891769 28.658867 28.459444 28.232018 28.034267 27.812000 27.615633 27.398170 27.202852 26.989801 26.795156 26.586092 26.391714 26.186180 25.991638 25.789164 25.593998 25.394093 25.197834 25.000000 
25.000000 25.203016 25.404421 25.609591 25.809914 26.017780 26.217533 26.428633 26.628317 26.843168 27.043262 27.262363 27.463312 27.687136 27.889353 28.118334 28.322195 28.556730 28.762562 29.003004 29.211082 29.457735 29.668282 29.921391 30.134573 30.394325 30.610241 30.876759 31.095444 31.368784 31.590208 31.870356 32.094414 32.381279 32.607796 32.901218 33.129948 33.429688 33.660309 33.966045 34.198170 34.509510 34.742668 35.059143 35.292801 35.613869 35.847427 36.172462 36.405262 36.733574 36.964890 37.295719 37.524776 37.857296 38.083275 38.416599 38.638626 38.971821 39.188992 39.521076 39.732445 40.062393 40.267010 40.593758 40.790638 41.113106 41.301266 41.618351 41.796803 42.107395 42.275158 42.578144 42.734257 43.028526 43.172062 43.456520 43.586578 43.860161 43.975872 44.237549 44.338112 44.586891 44.671551 44.906490 44.974560 45.194775 45.245636 45.450310 45.483425 45.671806 45.686726 45.858147 45.854500 46.008369 45.985882 46.121704 46.080196 46.197563 46.136948 46.235554 46.155846 46.235474 46.136784 46.197319 46.079865 46.121288 45.985378 46.007774 45.853809 45.857353 45.685837 45.670799 45.482311 45.449062 45.244270 45.193264 44.972916 44.904682 44.669590 44.584747 44.335796 44.235023 43.973148 43.857197 43.583385 43.453060 43.168343 43.024498 42.729942 42.573471 42.270161 42.101997 41.791031 41.612129 41.294621 41.105953 40.783005 40.585545 40.258259 40.052986 39.722443 39.510326 39.177574 38.959572 38.625626 38.402664 38.068501 37.841476 37.508022 37.277802 36.945934 36.713322 36.383854 36.149620 35.823303 35.588154 35.265675 35.030262 34.712223 34.477135 34.164078 33.929832 33.622219 33.389263 33.087479 32.856190 32.560539 32.331226 32.041939 31.814840 31.532063 31.307339 31.031153 30.808891 30.539307 30.319527 30.056475 29.839130 29.582479 29.367458 29.117018 28.904144 28.659660 28.448702 28.209871 28.000544 27.767008 27.558977 27.330339 27.123230 26.899054 26.692448 26.472265 26.265718 26.049038 25.842075 25.628386 25.420513 25.209288 25.000000 
