25.000000 25.000000 25.000000 25.000000 25.000000 25.000000 25.000000 25.000000 25.000000 25.000000 25.000000 25.000000 25.000000 25.000000 25.000000 25.000000 25.000000 25.000000 25.000000 25.000000 25.000000 25.000000 25.000000 25.000000 25.000000 25.000000 25.000000 25.000000 25.000000 25.000000 25.000000 25.000000 25.000000 25.000000 25.000000 25.000000 25.000000 25.000000 25.000000 25.000000 25.000000 25.000000 25.000000 25.000000 25.000000 25.000000 25.000000 25.000000 25.000000 25.000000 25.000000 25.000000 25.000000 25.000000 25.000000 25.000000 25.000000 25.000000 25.000000 25.000000 25.000000 25.000000 25.000000 25.000000 25.000000 25.000000 25.000000 25.000000 25.000000 25.000000 25.000000 25.000000 25.000000 25.000000 25.000000 25.000000 25.000000 25.000000 25.000000 25.000000 25.000000 25.000000 25.000000 25.000000 25.000000 25.000000 25.000000 25.000000 25.000000 25.000000 25.000000 25.000000 25.000000 25.000000 25.000000 25.000000 25.000000 25.000000 25.000000 25.000000 25.000000 25.000000 25.000000 25.000000 25.000000 25.000000 25.000000 25.000000 25.000000 25.000000 25.000000 25.000000 25.000000 25.000000 25.000000 25.000000 25.000000 25.000000 25.000000 25.000000 25.000000 25.000000 25.000000 25.000000 25.000000 25.000000 25.000000 25.000000 25.000000 25.000000 25.000000 25.000000 25.000000 25.000000 25.000000 25.000000 25.000000 25.000000 25.000000 25.000000 25.000000 25.000000 25.000000 25.000000 25.000000 25.000000 25.000000 25.000000 25.000000 25.000000 25.000000 25.000000 25.000000 25.000000 25.000000 25.000000 25.000000 25.000000 25.000000 25.000000 25.000000 25.000000 25.000000 25.000000 25.000000 25.000000 25.000000 25.000000 25.000000 25.000000 25.000000 25.000000 25.000000 25.000000 25.000000 25.000000 25.000000 25.000000 25.000000 25.000000 25.000000 25.000000 25.000000 25.000000 25.000000 25.000000 25.000000 25.000000 25.000000 25.000000 25.000000 25.000000 25.000000 25.000000 25.000000 25.000000 25.000000 25.000000 25.000000 25.000000 
25.000000 25.003164 25.006363 25.009527 25.012806 25.016006 25.019405 25.022676 25.026236 25.029617 25.033377 25.036901 25.040901 25.044603 25.048883 25.052795 25.057390 25.061544 25.066494 25.070919 25.076258 25.080980 25.086740 25.091785 25.098000 25.103390 25.110086 25.115841 25.123049 25.129181 25.136923 25.143446 25.151741 25.158663 25.167528 25.174849 25.184296 25.192017 25.202051 25.210165 25.220791 25.229286 25.240496 25.249355 25.261143 25.270344 25.282694 25.292204 25.305092 25.314878 25.328279 25.338303 25.352180 25.362394 25.376707 25.387056 25.401758 25.412188 25.427221 25.437672 25.452980 25.463381 25.478899 25.489180 25.504835 25.514923 25.530643 25.540462 25.556166 25.565639 25.581244 25.590290 25.605709 25.614250 25.629400 25.637360 25.652151 25.659449 25.673798 25.680361 25.694180 25.699940 25.713144 25.718035 25.730545 25.734505 25.746246 25.749222 25.760122 25.762068 25.772064 25.772940 25.781971 25.781748 25.789762 25.788416 25.795376 25.792894 25.798761 25.795143 25.799894 25.795143 25.798761 25.792894 25.795376 25.788416 25.789762 25.781748 25.781971 25.772940 25.772062 25.762068 25.760122 25.749222 25.746246 25.734505 25.730545 25.718033 25.713142 25.699938 25.694178 25.680359 25.673796 25.659447 25.652149 25.637356 25.629398 25.614246 25.605705 25.590284 25.581238 25.565634 25.556160 25.540455 25.530636 25.514914 25.504826 25.489166 25.478884 25.463366 25.452963 25.437651 25.427200 25.412163 25.401730 25.387026 25.376673 25.362356 25.352139 25.338257 25.328228 25.314821 25.305029 25.292131 25.282614 25.270256 25.261047 25.249250 25.240381 25.229156 25.220650 25.210011 25.201880 25.191828 25.184088 25.174623 25.167278 25.158390 25.151442 25.143122 25.136566 25.128794 25.122623 25.115381 25.109583 25.102844 25.097403 25.091141 25.086039 25.080223 25.075434 25.070032 25.065531 25.060509 25.056269 25.051590 25.047579 25.043207 25.039391 25.035286 25.031635 25.027756 25.024233 25.020540 25.017109 25.013563 25.010185 25.006742 25.003382 25.000000 
25.000000 25.006363 25.012691 25.019169 25.025532 25.032211 25.038683 25.045645 25.052296 25.059618 25.066525 25.074287 25.081514 25.089798 25.097414 25.106297 25.114365 25.123917 25.132500 25.142796 25.151949 25.163055 25.172831 25.184816 25.195263 25.208187 25.219341 25.233261 25.245161 25.260130 25.272799 25.288857 25.302317 25.319500 25.333761 25.352100 25.367163 25.386673 25.402531 25.423222 25.439857 25.461727 25.479111 25.502146 25.520237 25.544415 25.563158 25.588440 25.607773 25.634108 25.653955 25.681284 25.701559 25.729801 25.750406 25.779472 25.800297 25.830088 25.851013 25.881414 25.902309 25.933195 25.953924 25.985159 26.005575 26.037014 26.056971 26.088453 26.107794 26.139164 26.157730 26.188816 26.206450 26.237082 26.253626 26.283628 26.298927 26.328127 26.342028 26.370251 26.382610 26.409687 26.420372 26.446138 26.455017 26.479317 26.486279 26.508965 26.513906 26.534843 26.537682 26.556744 26.557405 26.574484 26.572920 26.587921 26.584095 26.596941 26.590836 26.601471 26.593090 26.601471 26.590836 26.596941 26.584095 26.587921 26.572920 26.574484 26.557405 26.556742 26.537682 26.534842 26.513906 26.508965 26.486279 26.479317 26.455015 26.446136 26.420368 26.409685 26.382608 26.370247 26.342024 26.328121 26.298922 26.283623 26.253618 26.237076 26.206442 26.188807 26.157719 26.139151 26.107780 26.088438 26.056952 26.036995 26.005554 25.985134 25.953897 25.933165 25.902275 25.881376 25.850969 25.830040 25.800241 25.779411 25.750338 25.729725 25.701475 25.681190 25.653852 25.633993 25.607645 25.588297 25.563000 25.544239 25.520044 25.501936 25.478878 25.461470 25.439575 25.422909 25.402187 25.386293 25.366749 25.351643 25.333263 25.318953 25.301722 25.288200 25.272087 25.259348 25.244314 25.232334 25.218336 25.207088 25.194073 25.183521 25.171432 25.161533 25.150307 25.141010 25.130579 25.121832 25.112127 25.103870 25.094814 25.086985 25.078505 25.071037 25.063049 25.055874 25.048300 25.041346 25.034105 25.027296 25.020306 25.013567 25.006742 25.000000 
25.000000 25.009527 25.019169 25.028696 25.038576 25.048210 25.058455 25.068306 25.079033 25.089211 25.100542 25.111153 25.123207 25.134352 25.147245 25.159027 25.172873 25.185381 25.200291 25.213614 25.229696 25.243916 25.261269 25.276461 25.295181 25.311411 25.331587 25.348911 25.370625 25.389090 25.412409 25.432049 25.457035 25.477875 25.504578 25.526623 25.555075 25.578323 25.608545 25.632980 25.664978 25.690559 25.724321 25.750998 25.786497 25.814198 25.851389 25.880028 25.918840 25.948311 25.988665 26.018847 26.060635 26.091387 26.134485 26.165653 26.209917 26.241327 26.286596 26.318062 26.364155 26.395475 26.442196 26.473158 26.520294 26.550676 26.598001 26.627575 26.674849 26.703379 26.750353 26.777601 26.824022 26.849751 26.895355 26.919327 26.963854 26.985840 27.029028 27.048803 27.090395 27.107750 27.147493 27.162231 27.199884 27.211823 27.247158 27.256134 27.288939 27.294811 27.324888 27.327543 27.354717 27.354059 27.378176 27.374142 27.395075 27.387623 27.405272 27.394392 27.408680 27.394392 27.405272 27.387623 27.395075 27.374142 27.378176 27.354059 27.354715 27.327541 27.324888 27.294811 27.288937 27.256134 27.247156 27.211821 27.199883 27.162228 27.147490 27.107748 27.090389 27.048798 27.029020 26.985832 26.963844 26.919319 26.895344 26.849739 26.824009 26.777588 26.750338 26.703362 26.674828 26.627552 26.597975 26.550648 26.520260 26.473122 26.442154 26.395428 26.364103 26.318003 26.286531 26.241253 26.209835 26.165562 26.134384 26.091274 26.060509 26.018705 25.988510 25.948137 25.918648 25.879812 25.851151 25.813938 25.786207 25.750679 25.723969 25.690170 25.664549 25.632509 25.608027 25.577755 25.554447 25.525940 25.503822 25.477055 25.456133 25.431068 25.411331 25.387920 25.369343 25.347523 25.330069 25.309767 25.293386 25.274521 25.259155 25.241634 25.227215 25.210941 25.197388 25.182261 25.169489 25.155396 25.143316 25.130142 25.118656 25.106285 25.095293 25.083605 25.072996 25.061871 25.051537 25.040852 25.030680 25.020308 25.010185 25.000000 
25.000000 25.012806 25.025532 25.038576 25.051373 25.064821 25.077835 25.091850 25.105227 25.119970 25.133856 25.149487 25.164021 25.180695 25.196012 25.213886 25.230116 25.249338 25.266602 25.287319 25.305729 25.328083 25.347744 25.371862 25.392870 25.418879 25.441313 25.469324 25.493256 25.523369 25.548853 25.581158 25.608231 25.642799 25.671484 25.708374 25.738672 25.777918 25.809816 25.851435 25.884897 25.928886 25.963850 26.010185 26.046570 26.095196 26.132896 26.183743 26.222631 26.275595 26.315519 26.370474 26.411259 26.468050 26.509497 26.567947 26.609837 26.669741 26.711834 26.772961 26.814997 26.877096 26.918797 26.981596 27.022673 27.085875 27.126026 27.189322 27.228231 27.291294 27.328651 27.391142 27.426626 27.488199 27.521494 27.581799 27.612589 27.671278 27.699261 27.755983 27.780869 27.835285 27.856800 27.908579 27.926468 27.975296 27.989330 28.034910 28.044886 28.086946 28.092690 28.130981 28.132353 28.166655 28.163549 28.193672 28.186018 28.211809 28.199575 28.220917 28.204107 28.220917 28.199575 28.211809 28.186018 28.193672 28.163548 28.166653 28.132351 28.130980 28.092688 28.086945 28.044884 28.034910 27.989326 27.975294 27.926464 27.908575 27.856794 27.835279 27.780863 27.755976 27.699253 27.671267 27.612579 27.581787 27.521481 27.488184 27.426611 27.391123 27.328630 27.291269 27.228207 27.189289 27.125992 27.085835 27.022629 26.981546 26.918741 26.877033 26.814926 26.772882 26.711746 26.669643 26.609728 26.567825 26.509361 26.467899 26.411089 26.370287 26.315310 26.275362 26.222374 26.183456 26.132582 26.094845 26.046183 26.009756 25.963381 25.928366 25.884325 25.850803 25.809124 25.777155 25.737839 25.707453 25.670483 25.641697 25.607029 25.579838 25.547417 25.521797 25.491549 25.467457 25.439289 25.416668 25.390478 25.369255 25.344927 25.325016 25.302423 25.283728 25.262735 25.245144 25.225609 25.209003 25.190777 25.175032 25.157959 25.142942 25.126862 25.112432 25.097187 25.083199 25.068623 25.054928 25.040855 25.027302 25.013565 25.000000 
25.000000 25.016006 25.032211 25.048210 25.064821 25.080999 25.098219 25.114761 25.132795 25.149887 25.168934 25.186752 25.207012 25.225729 25.247398 25.267181 25.290451 25.311453 25.336510 25.358883 25.385904 25.409784 25.438940 25.464453 25.495905 25.523159 25.557056 25.586147 25.622622 25.653631 25.692801 25.725784 25.767754 25.802748 25.847595 25.884619 25.932402 25.971447 26.022200 26.063234 26.116966 26.159927 26.216623 26.261423 26.321030 26.367550 26.429993 26.478088 26.543255 26.592751 26.660496 26.711187 26.781338 26.832989 26.905334 26.957684 27.031984 27.084742 27.160725 27.213577 27.290939 27.343550 27.421961 27.473972 27.553076 27.604118 27.683533 27.733219 27.812546 27.860481 27.939301 27.985086 28.062971 28.106209 28.182720 28.223013 28.297710 28.334669 28.407116 28.440369 28.510132 28.539324 28.605980 28.630779 28.693926 28.714027 28.773279 28.788412 28.843410 28.853338 28.903757 28.908281 28.953827 28.952791 28.993204 28.986502 29.021570 29.009134 29.038685 29.020496 29.044405 29.020496 29.038685 29.009134 29.021570 28.986502 28.993204 28.952789 28.953825 28.908279 28.903755 28.853334 28.843409 28.788408 28.773277 28.714024 28.693920 28.630774 28.605974 28.539316 28.510122 28.440361 28.407104 28.334658 28.297695 28.222998 28.182703 28.106190 28.062950 27.985064 27.939274 27.860451 27.812510 27.733183 27.683487 27.604069 27.553019 27.473911 27.421890 27.343472 27.290850 27.213478 27.160614 27.084618 27.031845 26.957531 26.905163 26.832798 26.781126 26.710951 26.660234 26.592461 26.542931 26.477732 26.429594 26.367113 26.320541 26.260887 26.216028 26.159277 26.116247 26.062445 26.021328 25.970491 25.931349 25.883469 25.846329 25.801369 25.766235 25.724134 25.690990 25.651663 25.620468 25.583813 25.554502 25.520395 25.492887 25.461191 25.435387 25.405951 25.381733 25.354391 25.331631 25.306210 25.284763 25.261078 25.240793 25.218653 25.199364 25.178574 25.160110 25.140467 25.122650 25.103951 25.086596 25.068634 25.051552 25.034117 25.017117 25.000000 
25.000000 25.019405 25.038683 25.058455 25.077835 25.098219 25.117928 25.139172 25.159431 25.181776 25.202806 25.226496 25.248507 25.273775 25.296972 25.324059 25.348635 25.377764 25.403906 25.435297 25.463175 25.497042 25.526815 25.563354 25.595163 25.634563 25.668535 25.710964 25.747204 25.792814 25.831404 25.880331 25.921326 25.973679 26.017117 26.072975 26.118858 26.178282 26.226589 26.289602 26.340275 26.406874 26.459824 26.529966 26.585068 26.658678 26.715773 26.792738 26.851633 26.931797 26.992262 27.075434 27.137201 27.223150 27.285925 27.374378 27.437822 27.528471 27.592226 27.684721 27.748390 27.842350 27.905518 28.000526 28.062756 28.158369 28.219198 28.314943 28.373901 28.469288 28.525898 28.620413 28.674191 28.767311 28.817776 28.908974 28.955654 29.044395 29.086832 29.172594 29.210344 29.292610 29.325262 29.403534 29.430702 29.504505 29.525841 29.594725 29.609922 29.673473 29.682270 29.740112 29.742294 29.794100 29.789507 29.834986 29.823511 29.862434 29.844030 29.876217 29.850887 29.876217 29.844030 29.862434 29.823511 29.834984 29.789505 29.794098 29.742294 29.740110 29.682266 29.673471 29.609919 29.594723 29.525837 29.504501 29.430698 29.403528 29.325256 29.292603 29.210337 29.172583 29.086821 29.044382 28.955639 28.908955 28.817757 28.767288 28.674166 28.620382 28.525866 28.469250 28.373861 28.314894 28.219145 28.158306 28.062689 28.000452 27.905436 27.842255 27.748285 27.684601 27.592093 27.528322 27.437656 27.374191 27.285719 27.222919 27.136946 27.075148 26.991943 26.931444 26.851242 26.792303 26.715294 26.658146 26.584482 26.529318 26.459108 26.406084 26.339409 26.288645 26.225540 26.177126 26.117594 26.071581 26.015594 25.972004 25.919504 25.878330 25.829227 25.790432 25.744616 25.708134 25.665468 25.631210 25.591539 25.559399 25.522545 25.492393 25.458164 25.429852 25.398045 25.371405 25.341805 25.316658 25.289038 25.265194 25.239321 25.216576 25.192209 25.170353 25.147247 25.126062 25.103970 25.083227 25.061899 25.041368 25.020554 25.000000 
25.000000 25.022676 25.045645 25.068306 25.091850 25.114761 25.139172 25.162600 25.188162 25.212366 25.239363 25.264595 25.293308 25.319815 25.350521 25.378534 25.411507 25.441250 25.476751 25.508432 25.546715 25.580530 25.621834 25.657959 25.702511 25.741104 25.789114 25.830309 25.881966 25.925873 25.981344 26.028049 26.087477 26.137032 26.200529 26.252956 26.320608 26.375896 26.447748 26.505852 26.581915 26.642750 26.723000 26.786440 26.870806 26.936684 27.025053 27.093166 27.185383 27.255480 27.351341 27.423128 27.522387 27.595535 27.697893 27.772034 27.877150 27.951872 28.059361 28.134220 28.243650 28.318172 28.429077 28.502758 28.614634 28.686947 28.799252 28.869652 28.981821 29.049749 29.161194 29.226084 29.336197 29.397484 29.505646 29.562771 29.668358 29.720772 29.823166 29.870340 29.968929 30.010363 30.104549 30.139771 30.228985 30.257566 30.341265 30.362816 30.440495 30.454683 30.525875 30.532425 30.596716 30.595404 30.652431 30.643101 30.692564 30.675123 30.716778 30.691200 30.724873 30.691200 30.716778 30.675123 30.692564 30.643101 30.652431 30.595402 30.596714 30.532423 30.525873 30.454681 30.440491 30.362812 30.341261 30.257561 30.228981 30.139765 30.104542 30.010353 29.968918 29.870329 29.823153 29.720757 29.668339 29.562750 29.505621 29.397459 29.336164 29.226051 29.161154 29.049706 28.981771 28.869598 28.799187 28.686876 28.614553 28.502670 28.428978 28.318062 28.243525 28.134081 28.059202 27.951696 27.876955 27.771816 27.697651 27.595266 27.522085 27.422794 27.350967 27.255066 27.184923 27.092657 27.024488 26.936062 26.870115 26.785679 26.722158 26.641827 26.580894 26.504732 26.446510 26.374542 26.319113 26.251326 26.198734 26.135075 26.085327 26.025709 25.978779 25.923086 25.878912 25.826998 25.785494 25.737186 25.698233 25.653336 25.616795 25.575096 25.540802 25.502066 25.469835 25.433817 25.403446 25.369884 25.341158 25.309784 25.282467 25.253004 25.226856 25.199017 25.173784 25.147282 25.122700 25.097242 25.073046 25.048338 25.024252 25.000000 
25.000000 25.026236 25.052296 25.079033 25.105227 25.132795 25.159431 25.188162 25.215540 25.245758 25.274178 25.306211 25.335953 25.370123 25.401466 25.438087 25.471296 25.510675 25.545998 25.588434 25.626099 25.671875 25.712101 25.761486 25.804464 25.857708 25.903606 25.960941 26.009903 26.071531 26.123665 26.189768 26.245155 26.315878 26.374565 26.450018 26.512011 26.592272 26.657537 26.742641 26.811104 26.901041 26.972580 27.067295 27.141743 27.241131 27.318275 27.422184 27.501760 27.609980 27.691679 27.803951 27.887415 28.003424 28.088249 28.207628 28.293365 28.415697 28.501856 28.626667 28.712719 28.839495 28.924875 29.053057 29.137173 29.266157 29.348391 29.477541 29.557257 29.685909 29.762461 29.889925 29.962660 30.088230 30.156500 30.279463 30.342630 30.462269 30.519714 30.635317 30.686445 30.797321 30.841572 30.947048 30.983902 31.083338 31.112324 31.205114 31.225821 31.311405 31.323477 31.401350 31.404499 31.474218 31.468224 31.529404 31.514124 31.566452 31.541819 31.585054 31.551075 31.585054 31.541819 31.566452 31.514124 31.529404 31.468222 31.474216 31.404497 31.401350 31.323473 31.311403 31.225817 31.205111 31.112320 31.083332 30.983896 30.947041 30.841562 30.797312 30.686434 30.635303 30.519697 30.462250 30.342609 30.279440 30.156473 30.088200 29.962626 29.889885 29.762417 29.685860 29.557203 29.477476 29.348320 29.266075 29.137083 29.052954 28.924763 28.839367 28.712576 28.626507 28.501677 28.415495 28.293142 28.207376 28.087971 28.003113 27.887068 27.803564 27.691250 27.609503 27.501232 27.421597 27.317627 27.240412 27.140951 27.066416 26.971615 26.899971 26.809931 26.741344 26.656118 26.590706 26.510298 26.448130 26.372507 26.313614 26.242691 26.187061 26.120724 26.068306 26.006403 25.957111 25.899458 25.853174 25.799561 25.756136 25.706326 25.665586 25.619322 25.581064 25.538069 25.502073 25.462057 25.428078 25.390736 25.358515 25.323530 25.292797 25.259846 25.230312 25.199066 25.170433 25.140560 25.112522 25.083683 25.055931 25.027786 25.000000 
25.000000 25.029617 25.059618 25.089211 25.119970 25.149887 25.181776 25.212366 25.245758 25.277359 25.312626 25.345568 25.383074 25.417675 25.457783 25.494349 25.537413 25.576237 25.622597 25.663950 25.713938 25.758074 25.812002 25.859154 25.917315 25.967686 26.030355 26.084122 26.151545 26.208851 26.281246 26.342201 26.419752 26.484428 26.567282 26.635708 26.723970 26.796131 26.889866 26.965700 27.064920 27.144321 27.248989 27.331791 27.441818 27.527803 27.643044 27.731945 27.852192 27.943686 28.068670 28.162378 28.291779 28.387266 28.520695 28.617479 28.754490 28.852039 28.992130 29.089865 29.232473 29.329775 29.474291 29.570503 29.716267 29.810705 29.957012 30.048964 30.195078 30.283815 30.428968 30.513754 30.657156 30.737249 30.878094 30.952768 31.090244 31.158787 31.292082 31.353802 31.482124 31.536366 31.658937 31.705090 31.821169 31.858667 31.967546 31.995892 32.096909 32.115662 32.208218 32.217018 32.300571 32.299122 32.373203 32.361305 32.425522 32.403053 32.457088 32.424011 32.467640 32.424011 32.457088 32.403049 32.425522 32.361305 32.373203 32.299122 32.300568 32.217014 32.208218 32.115658 32.096909 31.995886 31.967543 31.858662 31.821161 31.705082 31.658928 31.536354 31.482111 31.353786 31.292065 31.158764 31.090219 30.952742 30.878063 30.737215 30.657114 30.513708 30.428919 30.283758 30.195015 30.048893 29.956930 29.810614 29.716164 29.570389 29.474161 29.329632 29.232309 29.089684 28.991926 28.851812 28.754234 28.617195 28.520378 28.386911 28.291386 28.161940 28.068184 27.943144 27.851589 27.731281 27.642305 27.526991 27.440916 27.330797 27.247889 27.143112 27.063585 26.964237 26.888247 26.794361 26.722017 26.633575 26.564934 26.481871 26.416943 26.339144 26.277893 26.205208 26.147554 26.079796 26.025623 25.962564 25.911722 25.853111 25.805416 25.750971 25.706209 25.655628 25.613558 25.566521 25.526878 25.483046 25.445547 25.404568 25.368910 25.330421 25.296288 25.259918 25.226976 25.192354 25.160259 25.127003 25.095407 25.063131 25.031677 25.000000 
25.000000 25.033377 25.066525 25.100542 25.133856 25.168934 25.202806 25.239363 25.274178 25.312626 25.348761 25.389513 25.427330 25.470798 25.510649 25.557232 25.599449 25.649538 25.694439 25.748407 25.796291 25.854500 25.905636 25.968426 26.023060 26.090750 26.149094 26.221973 26.284208 26.362541 26.428810 26.512817 26.583221 26.673088 26.747686 26.843557 26.922358 27.024326 27.107285 27.215395 27.302420 27.416656 27.507593 27.627884 27.722521 27.848736 27.946798 28.078741 28.179899 28.317301 28.421164 28.563692 28.669802 28.817060 28.924906 29.076427 29.185436 29.340687 29.450241 29.608624 29.718050 29.878908 29.987490 30.150112 30.257097 30.420719 30.525326 30.689138 30.790560 30.953718 31.051130 31.212765 31.305340 31.464552 31.551468 31.707352 31.787800 31.939444 32.012638 32.159145 32.224327 32.364819 32.421280 32.554897 32.601982 32.727921 32.765022 32.882511 32.909111 33.017445 33.033089 33.131630 33.135952 33.224129 33.216850 33.294182 33.275120 33.341213 33.310280 33.364826 33.322029 33.364826 33.310276 33.341213 33.275120 33.294182 33.216846 33.224125 33.135948 33.131626 33.033085 33.017445 32.909107 32.882507 32.765015 32.727913 32.601974 32.554890 32.421268 32.364803 32.224316 32.159126 32.012615 31.939421 31.787771 31.707319 31.551434 31.464512 31.305296 31.212713 31.051075 30.953655 30.790487 30.689058 30.525236 30.420616 30.256983 30.149982 29.987345 29.878746 29.717867 29.608419 29.450012 29.340431 29.185152 29.076107 28.924549 28.816664 28.669359 28.563200 28.420616 28.316692 28.179226 28.077991 27.945974 27.847820 27.721510 27.626766 27.506361 27.415295 27.300926 27.213745 27.105478 27.022331 26.920177 26.841156 26.745068 26.670208 26.580082 26.509371 26.425062 26.358433 26.279753 26.217096 26.143810 26.084974 26.016815 25.961617 25.898283 25.846495 25.787663 25.739029 25.684349 25.638588 25.587690 25.544493 25.496990 25.456028 25.411520 25.372444 25.330523 25.292971 25.253216 25.216806 25.178795 25.143141 25.106447 25.071150 25.035345 25.000000 
25.000000 25.036901 25.074287 25.111153 25.149487 25.186752 25.226496 25.264595 25.306211 25.345568 25.389513 25.430538 25.477272 25.520361 25.570333 25.615868 25.669516 25.717857 25.775606 25.827095 25.889355 25.944309 26.011465 26.070173 26.142595 26.205307 26.283333 26.350271 26.434204 26.505548 26.595661 26.671547 26.768064 26.848581 26.951685 27.036873 27.146694 27.236532 27.353149 27.447561 27.570990 27.669840 27.800030 27.903116 28.039957 28.147011 28.290318 28.401003 28.550518 28.664434 28.819826 28.936502 29.097364 29.216263 29.382113 29.502634 29.672916 29.794399 29.968487 30.090210 30.267406 30.388601 30.568146 30.687998 30.869070 30.986725 31.168451 31.283026 31.464485 31.575079 31.755320 31.861010 32.039051 32.138924 32.313763 32.406906 32.577538 32.663067 32.828484 32.905544 33.064754 33.132534 33.284576 33.342308 33.486263 33.533249 33.668240 33.703854 33.829060 33.852760 33.967434 33.978764 34.082241 34.080841 34.172535 34.158146 34.237568 34.210045 34.276810 34.236099 34.289928 34.236099 34.276810 34.210045 34.237568 34.158142 34.172531 34.080837 34.082237 33.978760 33.967434 33.852753 33.829056 33.703846 33.668236 33.533241 33.486256 33.342297 33.284565 33.132519 33.064739 32.905525 32.828461 32.663040 32.577507 32.406872 32.313725 32.138878 32.039001 31.860954 31.755257 31.575006 31.464407 31.282936 31.168348 30.986612 30.868940 30.687855 30.567984 30.388420 30.267204 30.089983 29.968233 29.794115 29.672600 29.502279 29.381718 29.215820 29.096872 28.935955 28.819218 28.663759 28.549768 28.400173 28.289396 28.145994 28.038832 27.901876 27.798658 27.668331 27.569323 27.445734 27.351131 27.234325 27.144258 27.034214 26.948759 26.845392 26.764559 26.667734 26.591476 26.501005 26.429226 26.344875 26.277430 26.198921 26.135620 26.062639 26.003256 25.935452 25.879719 25.816721 25.764338 25.705746 25.656384 25.601776 25.555080 25.504023 25.459618 25.411659 25.369148 25.323832 25.282801 25.239655 25.199680 25.158234 25.118876 25.078657 25.039471 25.000000 
25.000000 25.040901 25.081514 25.123207 25.164021 25.207012 25.248507 25.293308 25.335953 25.383074 25.427330 25.477272 25.523588 25.576851 25.625654 25.682726 25.734426 25.795786 25.850769 25.916874 25.975506 26.046795 26.109407 26.186298 26.253191 26.336071 26.407505 26.496727 26.572926 26.668808 26.749943 26.852760 26.938957 27.048933 27.140263 27.257570 27.354044 27.478798 27.580364 27.712614 27.819159 27.958885 28.070219 28.217337 28.333200 28.487543 28.607609 28.768932 28.892790 29.060768 29.187941 29.362167 29.492100 29.672085 29.804146 29.989319 30.122816 30.312523 30.446697 30.640205 30.774235 30.970743 31.103752 31.302389 31.433462 31.633289 31.761467 31.961500 32.085796 32.285000 32.404415 32.601727 32.715237 32.909565 33.016174 33.206402 33.305119 33.490143 33.580006 33.758728 33.838814 34.010155 34.079594 34.242516 34.300499 34.454018 34.499813 34.642986 34.675957 34.807926 34.827511 34.947495 34.953251 35.060562 35.052143 35.146191 35.123371 35.203671 35.166348 35.232536 35.180714 35.232536 35.166348 35.203671 35.123371 35.146187 35.052139 35.060558 34.953247 34.947491 34.827507 34.807922 34.675953 34.642982 34.499809 34.454006 34.300491 34.242504 34.079578 34.010139 33.838795 33.758705 33.579983 33.490116 33.305088 33.206367 33.016132 32.909515 32.715187 32.601665 32.404346 32.284924 32.085709 31.961401 31.761354 31.633163 31.433321 31.302229 31.103575 30.970541 30.774010 30.639954 30.446417 30.312208 30.122465 29.988928 29.803707 29.671597 29.491554 29.361563 29.187269 29.060022 28.891964 28.768013 28.606594 28.486420 28.331963 28.215963 28.068708 27.957214 27.817326 27.710588 27.578148 27.476349 27.351370 27.254623 27.137049 27.045397 26.935106 26.848532 26.745348 26.663769 26.567459 26.490744 26.401026 26.328989 26.245535 26.177946 26.100391 26.036978 25.964926 25.905373 25.838398 25.782358 25.720007 25.667107 25.608908 25.558741 25.504208 25.456348 25.404978 25.358980 25.310263 25.265661 25.219080 25.175400 25.130432 25.087187 25.043308 25.000000 
25.000000 25.044603 25.089798 25.134352 25.180695 25.225729 25.273775 25.319815 25.370123 25.417675 25.470798 25.520361 25.576851 25.628906 25.689301 25.744305 25.809134 25.867527 25.937302 25.999495 26.074709 26.141083 26.222204 26.293108 26.380575 26.456316 26.550537 26.631378 26.732721 26.818882 26.927670 27.019314 27.135817 27.233053 27.357491 27.460363 27.592894 27.701382 27.842093 27.956106 28.105015 28.224388 28.381435 28.505926 28.670973 28.800257 28.973082 29.106756 29.287043 29.424623 29.611971 29.752892 29.946806 30.090420 30.290323 30.435904 30.641123 30.787876 30.997652 31.144711 31.358202 31.504639 31.720928 31.865759 32.083858 32.226055 32.444908 32.583408 32.801907 32.935623 33.152618 33.280437 33.494755 33.615574 33.825996 33.938725 34.144039 34.247608 34.446609 34.539982 34.731480 34.813671 34.996506 35.066601 35.239658 35.296814 35.459045 35.502502 35.652924 35.682030 35.819736 35.833942 35.958138 35.957005 36.066986 36.050205 36.145386 36.112770 36.192688 36.144184 36.208500 36.144184 36.192688 36.112770 36.145386 36.050201 36.066982 35.957001 35.958134 35.833939 35.819733 35.682026 35.652916 35.502499 35.459034 35.296806 35.239647 35.066589 34.996490 34.813652 34.731461 34.539959 34.446587 34.247578 34.144009 33.938686 33.825951 33.615524 33.494694 33.280376 33.152546 32.935535 32.801811 32.583298 32.444786 32.225918 32.083702 31.865583 31.720732 31.504417 31.357956 31.144434 30.997343 30.787531 30.640738 30.435472 30.289845 30.089882 29.946211 29.752226 29.611233 29.423805 29.286135 29.105751 28.971966 28.799028 28.669609 28.504425 28.379774 28.222563 28.102995 27.953894 27.839649 27.698709 27.589945 27.457146 27.353949 27.229193 27.131573 27.014698 26.922604 26.813383 26.726696 26.624849 26.543394 26.448587 26.372137 26.283993 26.212269 26.130369 26.063051 25.986944 25.923670 25.852877 25.793247 25.727261 25.670851 25.609146 25.555500 25.497534 25.446173 25.391394 25.341818 25.289661 25.241356 25.191254 25.143690 25.095072 25.047709 25.000000 
25.000000 25.048883 25.097414 25.147245 25.196012 25.247398 25.296972 25.350521 25.401466 25.457783 25.510649 25.570333 25.625654 25.689301 25.747587 25.815777 25.877520 25.950821 26.016483 26.095442 26.165457 26.250595 26.325361 26.417175 26.497047 26.596001 26.681293 26.787802 26.878780 26.993223 27.090094 27.212793 27.315708 27.446932 27.555973 27.695927 27.811108 27.959925 28.081184 28.238920 28.366123 28.532757 28.665678 28.841099 28.979433 29.163445 29.306797 29.499104 29.646990 29.847202 29.999050 30.206680 30.361832 30.576294 30.733999 30.954611 31.114042 31.340023 31.500277 31.730753 31.890850 32.124863 32.283764 32.520275 32.676884 32.914776 33.067951 33.306049 33.454620 33.691692 33.834457 34.069241 34.204994 34.436176 34.563725 34.789989 34.908150 35.128181 35.235806 35.448296 35.544281 35.747952 35.831264 36.024876 36.094559 36.276928 36.332108 36.502132 36.542034 36.698685 36.722656 36.865009 36.872505 36.999744 36.990360 37.101784 37.075249 37.170284 37.126465 37.204678 37.143585 37.204678 37.126465 37.170284 37.075249 37.101784 36.990356 36.999741 36.872501 36.865005 36.722652 36.698681 36.542030 36.502125 36.332100 36.276920 36.094547 36.024860 35.831249 35.747932 35.544258 35.448269 35.235775 35.128151 34.908112 34.789951 34.563675 34.436123 34.204933 34.069168 33.834377 33.691601 33.454514 33.305931 33.067818 32.914627 32.676712 32.520084 32.283550 32.124622 31.890581 31.730452 31.499939 31.339645 31.113623 30.954142 30.733475 30.575710 30.361179 30.205956 29.998245 29.846308 29.646000 29.498005 29.305582 29.162098 28.977949 28.839457 28.663872 28.530756 28.363930 28.236496 28.078529 27.956993 27.807905 27.692400 27.552126 27.442699 27.311100 27.207733 27.084595 26.987192 26.872240 26.780642 26.673540 26.587526 26.487888 26.407183 26.314575 26.238850 26.152802 26.081684 26.001686 25.934761 25.860277 25.797096 25.727564 25.667643 25.602482 25.545315 25.483927 25.428978 25.370754 25.317472 25.261799 25.209612 25.155867 25.104193 25.051754 25.000000 
25.000000 25.052795 25.106297 25.159027 25.213886 25.267181 25.324059 25.378534 25.438087 25.494349 25.557232 25.615868 25.682726 25.744305 25.815777 25.880842 25.957550 26.026619 26.109165 26.182726 26.271694 26.350195 26.446138 26.529991 26.633423 26.722992 26.834394 26.929995 27.049797 27.151684 27.280266 27.388634 27.526318 27.641296 27.788334 27.909977 28.066553 28.194836 28.361052 28.495867 28.671741 28.812895 28.998356 29.145561 29.340443 29.493319 29.697350 29.855423 30.068233 30.230932 30.452045 30.618700 30.847532 31.017380 31.253242 31.425432 31.667528 31.841118 32.088551 32.262520 32.514297 32.687553 32.942589 33.113968 33.371098 33.539387 33.797359 33.961308 34.218822 34.377140 34.632843 34.784225 35.036713 35.179855 35.427715 35.561325 35.803120 35.925941 36.160244 36.271053 36.496464 36.594101 36.809254 36.892635 37.096226 37.164352 37.355133 37.407120 37.583935 37.618999 37.780796 37.798286 37.944122 37.943523 38.072571 38.053516 38.165089 38.127357 38.220909 38.164429 38.239567 38.164429 38.220909 38.127354 38.165089 38.053516 38.072567 37.943520 37.944118 37.798283 37.780792 37.618992 37.583931 37.407112 37.355125 37.164341 37.096210 36.892620 36.809238 36.594078 36.496437 36.271023 36.160213 35.925903 35.803078 35.561279 35.427662 35.179798 35.036644 34.784145 34.632751 34.377041 34.218712 33.961178 33.797218 33.539223 33.370911 33.113762 32.942356 32.687294 32.514008 32.262196 32.088184 31.840708 31.667070 31.424919 31.252672 31.016745 30.846825 30.617912 30.451170 30.229961 30.067156 29.854231 29.696028 29.491858 29.338825 29.143780 28.996386 28.810730 28.669350 28.493242 28.358154 28.191666 28.063059 27.906162 27.784134 27.636721 27.521286 27.383163 27.274261 27.145166 27.042654 26.922255 26.825930 26.713835 26.623425 26.519190 26.434366 26.337502 26.257883 26.167858 26.093018 26.009264 25.938732 25.860655 25.793924 25.720905 25.657438 25.588837 25.528069 25.463232 25.404572 25.342834 25.285673 25.226366 25.170076 25.112526 25.056471 25.000000 
25.000000 25.057390 25.114365 25.172873 25.230116 25.290451 25.348635 25.411507 25.471296 25.537413 25.599449 25.669516 25.734426 25.809134 25.877520 25.957550 26.029987 26.115999 26.193031 26.285669 26.367802 26.467676 26.555374 26.663063 26.756748 26.872789 26.972830 27.097712 27.204414 27.338579 27.452190 27.596012 27.716707 27.870497 27.998377 28.162371 28.297449 28.471800 28.614008 28.798782 28.947960 29.143124 29.299011 29.504436 29.666674 29.882126 30.050249 30.275381 30.448830 30.683180 30.861282 31.104279 31.286263 31.537216 31.722210 31.980316 32.167355 32.431698 32.619713 32.889275 33.077129 33.350780 33.537258 33.813786 33.997597 34.275696 34.455513 34.733803 34.908253 35.185295 35.352970 35.627281 35.786777 36.056831 36.206741 36.470997 36.609947 36.866859 36.993504 37.241543 37.354595 37.592274 37.690517 37.916389 37.998699 38.211388 38.276741 38.474949 38.522449 38.704979 38.733852 38.899624 38.909233 39.057304 39.047169 39.176716 39.146519 39.256878 39.206459 39.297127 39.226494 39.297127 39.206455 39.256878 39.146515 39.176716 39.047165 39.057301 38.909229 38.899620 38.733841 38.704975 38.522438 38.474941 38.276730 38.211372 37.998684 37.916374 37.690495 37.592251 37.354568 37.241512 36.993465 36.866821 36.609901 36.470947 36.206684 36.056763 35.786705 35.627197 35.352875 35.185184 34.908127 34.733665 34.455357 34.275520 33.997398 33.813560 33.537006 33.350502 33.076817 32.888920 32.619316 32.431252 32.166855 31.979763 31.721592 31.536528 31.285498 31.103424 30.860336 30.682127 30.447664 30.274088 30.048820 29.880543 29.664927 29.502504 29.296885 29.140772 28.945377 28.795931 28.610886 28.468355 28.293684 28.158222 27.993853 27.865520 27.711290 27.590061 27.445726 27.331490 27.196726 27.089294 26.963715 26.862829 26.745983 26.651318 26.542700 26.453873 26.352932 26.269503 26.175646 26.097132 26.009729 25.935602 25.854000 25.783691 25.707211 25.640125 25.568064 25.503580 25.435228 25.372694 25.307331 25.246077 25.182978 25.122320 25.060757 25.000000 
25.000000 25.061544 25.123917 25.185381 25.249338 25.311453 25.377764 25.441250 25.510675 25.576237 25.649538 25.717857 25.795786 25.867527 25.950821 26.026619 26.115999 26.196457 26.292627 26.378311 26.481947 26.573380 26.685120 26.782780 26.903223 27.007538 27.137239 27.248571 27.388031 27.506680 27.656334 27.782530 27.942749 28.076641 28.247719 28.389366 28.571512 28.720890 28.914221 29.071205 29.275736 29.440102 29.655746 29.827162 30.053722 30.231747 30.468908 30.652987 30.900314 31.089785 31.346722 31.540810 31.806673 32.004494 32.278477 32.479042 32.760220 32.962433 33.249763 33.452438 33.744762 33.946632 34.242691 34.442402 34.740837 34.936981 35.236347 35.427471 35.726250 35.910854 36.207470 36.384045 36.676872 36.843903 37.131294 37.287277 37.567570 37.711040 37.982582 38.112125 38.373291 38.487553 38.736759 38.834484 39.070213 39.150238 39.371052 39.432343 39.636902 39.678551 39.865627 39.886883 40.055389 40.055641 40.204632 40.183449 40.312122 40.269245 40.376976 40.312325 40.398655 40.312321 40.376976 40.269245 40.312122 40.183445 40.204628 40.055637 40.055386 39.886875 39.865623 39.678539 39.636890 39.432327 39.371040 39.150223 39.070194 38.834461 38.736736 38.487526 38.373260 38.112091 37.982548 37.710999 37.567520 37.287220 37.131229 36.843830 36.676792 36.383953 36.207363 35.910736 35.726116 35.427319 35.236179 34.936790 34.740620 34.442158 34.242416 33.946327 33.744423 33.452057 33.249332 32.961952 32.759686 32.478443 32.277809 32.003750 31.805843 31.539890 31.345697 31.088652 30.899055 30.651592 30.467363 30.230040 30.051834 29.825083 29.653446 29.437572 29.272940 29.068140 28.910837 28.717190 28.567430 28.384912 28.242815 28.071299 27.936876 27.776144 27.649326 27.499073 27.379694 27.239538 27.127357 26.996849 26.891552 26.770176 26.671379 26.558569 26.465830 26.360966 26.273787 26.176212 26.094046 26.003071 25.925327 25.840235 25.766287 25.686333 25.615522 25.539948 25.471590 25.399622 25.333004 25.263866 25.198259 25.131168 25.065828 25.000000 
25.000000 25.066494 25.132500 25.200291 25.266602 25.336510 25.403906 25.476751 25.545998 25.622597 25.694439 25.775606 25.850769 25.937302 26.016483 26.109165 26.193031 26.292627 26.381807 26.489056 26.584133 26.699739 26.801256 26.925886 27.034325 27.168600 27.284388 27.428869 27.552364 27.707558 27.839043 28.005379 28.145060 28.322895 28.470886 28.660488 28.816809 29.018353 29.182922 29.396479 29.569113 29.794641 29.975042 30.212389 30.400141 30.649031 30.843601 31.103630 31.304367 31.574999 31.781134 32.061703 32.272343 32.562050 32.776188 33.074097 33.290619 33.595680 33.813354 34.124382 34.341896 34.657593 34.873539 35.192493 35.405388 35.726097 35.934406 36.255276 36.457413 36.776779 36.971130 37.287277 37.472210 37.783386 37.957283 38.261703 38.422974 38.718861 38.865948 39.151543 39.282967 39.556549 39.670906 39.930805 40.026794 40.271431 40.347874 40.575752 40.631599 40.841347 40.875706 41.066082 41.078220 41.248131 41.237492 41.386002 41.352203 41.478554 41.421413 41.525021 41.444550 41.525021 41.421413 41.478554 41.352203 41.386002 41.237488 41.248127 41.078217 41.066078 40.875698 40.841339 40.631588 40.575741 40.347858 40.271416 40.026775 39.930786 39.670879 39.556522 39.282936 39.151508 38.865910 38.718815 38.422920 38.261642 37.957214 37.783306 37.472122 37.287178 36.971016 36.776653 36.457268 36.255112 35.934223 35.725891 35.405155 35.192230 34.873245 34.657265 34.341530 34.123970 33.812893 33.595161 33.290043 33.073456 32.775467 32.561245 32.271450 32.060711 31.780035 31.573778 31.303015 31.102127 30.841942 30.647192 30.398113 30.210146 29.972574 29.791910 29.566116 29.393167 29.179298 29.014351 28.812439 28.655672 28.465635 28.317120 28.138775 27.998474 27.831541 27.699331 27.543444 27.419104 27.273815 27.157045 27.021837 26.912262 26.786556 26.683731 26.566889 26.470308 26.361647 26.270748 26.169546 26.083717 25.989216 25.907804 25.819221 25.741535 25.658062 25.583380 25.504196 25.431767 25.356041 25.285088 25.211981 25.141716 25.070387 25.000000 
