25.000000 25.000000 25.000000 25.000000 25.000000 25.000000 25.000000 25.000000 25.000000 25.000000 25.000000 25.000000 25.000000 25.000000 25.000000 25.000000 25.000000 25.000000 25.000000 25.000000 25.000000 25.000000 25.000000 25.000000 25.000000 25.000000 25.000000 25.000000 25.000000 25.000000 25.000000 25.000000 25.000000 25.000000 25.000000 25.000000 25.000000 25.000000 25.000000 25.000000 25.000000 25.000000 25.000000 25.000000 25.000000 25.000000 25.000000 25.000000 25.000000 25.000000 25.000000 25.000000 25.000000 25.000000 25.000000 25.000000 25.000000 25.000000 25.000000 25.000000 25.000000 25.000000 25.000000 25.000000 25.000000 25.000000 25.000000 25.000000 25.000000 25.000000 25.000000 25.000000 25.000000 25.000000 25.000000 25.000000 25.000000 25.000000 25.000000 25.000000 25.000000 25.000000 25.000000 25.000000 25.000000 25.000000 25.000000 25.000000 25.000000 25.000000 25.000000 25.000000 25.000000 25.000000 25.000000 25.000000 25.000000 25.000000 25.000000 25.000000 25.000000 25.000000 25.000000 25.000000 25.000000 25.000000 25.000000 25.000000 25.000000 25.000000 25.000000 25.000000 25.000000 25.000000 25.000000 25.000000 25.000000 25.000000 25.000000 25.000000 25.000000 25.000000 25.000000 25.000000 25.000000 25.000000 25.000000 25.000000 25.000000 25.000000 25.000000 25.000000 25.000000 25.000000 25.000000 25.000000 25.000000 25.000000 25.000000 25.000000 25.000000 25.000000 25.000000 25.000000 25.000000 25.000000 25.000000 25.000000 25.000000 25.000000 25.000000 25.000000 25.000000 25.000000 25.000000 25.000000 25.000000 25.000000 25.000000 25.000000 25.000000 25.000000 25.000000 25.000000 25.000000 25.000000 25.000000 25.000000 25.000000 25.000000 25.000000 25.000000 25.000000 25.000000 25.000000 25.000000 25.000000 25.000000 25.000000 25.000000 25.000000 25.000000 25.000000 25.000000 25.000000 25.000000 25.000000 25.000000 25.000000 25.000000 25.000000 25.000000 25.000000 25.000000 25.000000 25.000000 25.000000 25.000000 25.000000 25.000000 
25.000000 25.009243 25.018572 25.027760 25.037216 25.046383 25.056005 25.065184 25.075003 25.084225 25.094280 25.103577 25.113899 25.123299 25.133919 25.143450 25.154398 25.164085 25.175386 25.185249 25.196930 25.206987 25.219069 25.229332 25.241831 25.252316 25.265245 25.275957 25.289328 25.300272 25.314089 25.325262 25.339529 25.350925 25.365637 25.377249 25.392399 25.404211 25.419786 25.431780 25.447763 25.459915 25.476284 25.488565 25.505297 25.517675 25.534733 25.547173 25.564524 25.576984 25.594585 25.607025 25.624828 25.637197 25.655159 25.667408 25.685472 25.697546 25.715654 25.727499 25.745594 25.757149 25.775171 25.786377 25.804258 25.815054 25.832731 25.843056 25.860458 25.870255 25.887314 25.896519 25.913168 25.921721 25.937893 25.945736 25.961365 25.968443 25.983461 25.989723 26.004068 26.009462 26.023073 26.027555 26.040375 26.043903 26.055880 26.058416 26.069498 26.071014 26.081156 26.081623 26.090784 26.090183 26.098331 26.096647 26.103754 26.100975 26.107019 26.103146 26.108109 26.103144 26.107016 26.100969 26.103746 26.096636 26.098320 26.090168 26.090767 26.081602 26.081131 26.070988 26.069468 26.058386 26.055843 26.043865 26.040331 26.027508 26.023020 26.009405 26.004004 25.989655 25.983387 25.968361 25.961275 25.945639 25.937788 25.921606 25.913044 25.896383 25.887167 25.870094 25.860287 25.842871 25.832529 25.814837 25.804024 25.786123 25.774897 25.756855 25.745277 25.727158 25.715286 25.697149 25.685045 25.666950 25.654667 25.636673 25.624262 25.606421 25.593933 25.576292 25.563776 25.546381 25.533880 25.516769 25.504324 25.487534 25.475178 25.458742 25.446508 25.430450 25.418365 25.402708 25.390795 25.375553 25.363829 25.349016 25.337494 25.323118 25.311808 25.297869 25.286774 25.273272 25.262392 25.249319 25.238653 25.225998 25.215536 25.203283 25.193014 25.181149 25.171055 25.159554 25.149616 25.138456 25.128654 25.117805 25.108116 25.097549 25.087942 25.077629 25.068075 25.057980 25.048450 25.038538 25.028999 25.019236 25.009655 25.000000 
25.000000 25.018572 25.037003 25.055788 25.074142 25.093222 25.111567 25.131010 25.149410 25.169287 25.187807 25.208185 25.226885 25.247829 25.266764 25.288336 25.307556 25.329811 25.349363 25.372353 25.392277 25.416046 25.436371 25.460960 25.481716 25.507154 25.528358 25.554670 25.576334 25.603537 25.625662 25.653761 25.676342 25.705336 25.728357 25.758236 25.781673 25.812418 25.836239 25.867817 25.891979 25.924355 25.948805 25.981930 26.006609 26.040421 26.065260 26.099695 26.124619 26.159595 26.184521 26.219954 26.244785 26.280581 26.305222 26.341278 26.365623 26.401829 26.425770 26.462009 26.485432 26.521582 26.544367 26.580303 26.602329 26.637920 26.659067 26.694180 26.714323 26.748819 26.767841 26.801586 26.819363 26.852219 26.868635 26.900467 26.915409 26.946085 26.959444 26.988834 27.000509 27.028492 27.038385 27.064840 27.072866 27.097683 27.103764 27.126839 27.130903 27.152143 27.154137 27.173456 27.173326 27.190653 27.188368 27.203638 27.199173 27.212336 27.205681 27.216694 27.207851 27.216690 27.205673 27.212322 27.199158 27.203617 27.188343 27.190624 27.173292 27.173416 27.154089 27.152092 27.130846 27.126774 27.103693 27.097603 27.072779 27.064745 27.038280 27.028376 27.000383 26.988697 26.959293 26.945921 26.915230 26.900272 26.868423 26.851988 26.819115 26.801313 26.767548 26.748501 26.713980 26.693806 26.658665 26.637484 26.601860 26.579794 26.543819 26.520990 26.484795 26.461323 26.425034 26.401033 26.364773 26.340359 26.304239 26.279522 26.243656 26.218737 26.183224 26.158199 26.123135 26.098099 26.063564 26.038599 26.004673 25.979853 25.946604 25.921997 25.889481 25.865145 25.833408 25.809395 25.778477 25.754826 25.724754 25.701496 25.672291 25.649446 25.621117 25.598703 25.571247 25.549267 25.522678 25.501127 25.475388 25.454254 25.429337 25.408600 25.384476 25.364107 25.340734 25.320700 25.298033 25.278294 25.256279 25.236786 25.215368 25.196070 25.175186 25.156025 25.135612 25.116531 25.096519 25.077452 25.057774 25.038654 25.019236 25.000000 
25.000000 25.027760 25.055788 25.083385 25.111795 25.139328 25.168230 25.195797 25.225300 25.252998 25.283205 25.311127 25.342136 25.370369 25.402275 25.430901 25.463791 25.492882 25.526836 25.556458 25.591549 25.621752 25.658045 25.688873 25.726419 25.757910 25.796751 25.828924 25.869089 25.901957 25.943464 25.977022 26.019876 26.054108 26.098301 26.133177 26.178684 26.214161 26.260948 26.296968 26.344982 26.381479 26.430653 26.467539 26.517792 26.554974 26.606211 26.643578 26.695690 26.733122 26.785986 26.823351 26.876831 26.913982 26.967932 27.004721 27.058979 27.095242 27.149639 27.185209 27.239567 27.274271 27.328400 27.362059 27.415768 27.448196 27.501287 27.532305 27.584574 27.613995 27.665237 27.692881 27.742891 27.768579 27.817156 27.840715 27.887653 27.908916 27.954021 27.972832 28.015913 28.032122 28.072998 28.086468 28.124966 28.135571 28.171532 28.179163 28.212437 28.216997 28.247452 28.248861 28.276375 28.274572 28.299046 28.293985 28.315331 28.306988 28.325136 28.313507 28.328407 28.313501 28.325125 28.306971 28.315306 28.293955 28.299007 28.274527 28.276323 28.248800 28.247383 28.216919 28.212351 28.179066 28.171425 28.135452 28.124836 28.086323 28.072842 28.031948 28.015724 27.972626 27.953794 27.908670 27.887384 27.840424 27.816837 27.768236 27.742516 27.692474 27.664795 27.613518 27.584055 27.531746 27.500681 27.447544 27.415060 27.361296 27.327578 27.273386 27.238609 27.184183 27.148529 27.094055 27.057695 27.003347 26.966452 26.912401 26.875126 26.821533 26.784031 26.731039 26.693449 26.641195 26.603651 26.552252 26.514872 26.464439 26.427330 26.377956 26.341213 26.292976 26.256680 26.209644 26.173862 26.128080 26.092865 26.048372 26.013765 25.970579 25.936607 25.894735 25.861416 25.820852 25.788179 25.748905 25.716871 25.678852 25.647432 25.610626 25.579782 25.544136 25.513821 25.479269 25.449425 25.415895 25.386459 25.353868 25.324764 25.293022 25.264168 25.233181 25.204491 25.174160 25.145538 25.115759 25.087112 25.057775 25.029001 25.000000 
25.000000 25.037216 25.074142 25.111795 25.148569 25.186806 25.223560 25.262526 25.299391 25.339228 25.376331 25.417173 25.454636 25.496614 25.534546 25.577780 25.616287 25.660889 25.700060 25.746134 25.786049 25.833683 25.874407 25.923681 25.965265 26.016243 26.058727 26.111454 26.154860 26.209368 26.253698 26.310003 26.355246 26.413345 26.459471 26.519342 26.566301 26.627907 26.675632 26.738913 26.787321 26.852194 26.901184 26.967554 27.017002 27.084753 27.134523 27.203516 27.253458 27.323536 27.373478 27.444473 27.494228 27.565948 27.615322 27.687563 27.736343 27.808884 27.856855 27.929462 27.976395 28.048824 28.094481 28.166479 28.210615 28.281921 28.324297 28.394640 28.435009 28.504120 28.542236 28.609838 28.645466 28.711287 28.744188 28.807957 28.837904 28.899355 28.926132 28.985008 29.008410 29.064463 29.084297 29.137291 29.153383 29.203093 29.215288 29.261509 29.269665 29.312210 29.316212 29.354910 29.354664 29.389366 29.384800 29.415382 29.406448 29.432806 29.419487 29.441540 29.423836 29.441532 29.419470 29.432781 29.406418 29.415339 29.384748 29.389305 29.354593 29.354830 29.316120 29.312105 29.269550 29.261379 29.215145 29.202934 29.153208 29.137098 29.084085 29.064232 29.008156 28.984732 28.925831 28.899027 28.837545 28.807566 28.743765 28.710825 28.644966 28.609295 28.541649 28.503479 28.434320 28.393890 28.323490 28.281046 28.209675 28.165459 28.093384 28.047638 27.975122 27.928087 27.855381 27.807291 27.734640 27.685722 27.613354 27.563828 27.491964 27.442034 27.370880 27.320742 27.250483 27.200317 27.131124 27.081100 27.013126 26.963394 26.896772 26.847469 26.782314 26.733557 26.669964 26.621849 26.559896 26.512506 26.452251 26.405649 26.347128 26.301359 26.244591 26.199680 26.144665 26.100624 26.047342 26.004164 25.952583 25.910240 25.860308 25.818762 25.770416 25.729609 25.682768 25.642630 25.597202 25.557653 25.513535 25.474480 25.431557 25.392893 25.351040 25.312653 25.271742 25.233511 25.193407 25.155205 25.115767 25.077461 25.038544 25.000000 
25.000000 25.046383 25.093222 25.139328 25.186806 25.232803 25.281103 25.327158 25.376461 25.422735 25.473215 25.519863 25.571684 25.618853 25.672171 25.719995 25.774958 25.823557 25.880297 25.929781 25.988422 26.038879 26.099525 26.151030 26.213770 26.266380 26.331282 26.385035 26.452147 26.507057 26.576412 26.632477 26.704081 26.761271 26.835110 26.893377 26.969414 27.028687 27.106857 27.167040 27.247259 27.308233 27.390390 27.452021 27.535978 27.598101 27.683702 27.746136 27.833197 27.895741 27.984056 28.046484 28.135830 28.197905 28.288033 28.349501 28.440142 28.500736 28.591608 28.651043 28.741848 28.799837 28.890261 28.946501 29.036221 29.090410 29.179094 29.230927 29.318237 29.367403 29.452997 29.499195 29.582729 29.625664 29.706797 29.746176 29.824574 29.860117 29.935452 29.966898 30.038851 30.065948 30.134218 30.156740 30.221037 30.238775 30.298832 30.311600 30.367168 30.374805 30.425661 30.428040 30.473982 30.470995 30.511856 30.503428 30.539062 30.525150 30.555445 30.536039 30.560909 30.536030 30.555424 30.525122 30.539021 30.503376 30.511791 30.470919 30.473896 30.427938 30.425547 30.374678 30.367022 30.311440 30.298651 30.238577 30.220819 30.156500 30.133955 30.065660 30.038534 29.966551 29.935074 29.859707 29.824123 29.745689 29.706266 29.625088 29.582102 29.498518 29.452257 29.366608 29.317369 29.229994 29.178082 29.089319 29.035038 28.945229 28.888884 28.798357 28.740248 28.649328 28.589754 28.498751 28.437998 28.347208 28.285559 28.195263 28.132982 28.043447 27.980787 27.892258 27.829453 27.742153 27.679422 27.593555 27.531099 27.446842 27.384840 27.302351 27.240959 27.160368 27.099724 27.021139 26.961355 26.884863 26.826029 26.751686 26.693867 26.621708 26.564953 26.494991 26.439322 26.371544 26.316957 26.251333 26.197813 26.134287 26.081791 26.020290 25.968758 25.909193 25.858545 25.800808 25.750950 25.694918 25.645741 25.591276 25.542654 25.489611 25.441406 25.389624 25.341690 25.291002 25.243187 25.193420 25.145559 25.096537 25.048460 25.000000 
25.000000 25.056005 25.111567 25.168230 25.223560 25.281103 25.336403 25.395044 25.450512 25.510462 25.566288 25.627752 25.684116 25.747288 25.804361 25.869423 25.927357 25.994478 26.053411 26.122746 26.182798 26.254480 26.315752 26.389900 26.452467 26.529175 26.593098 26.672436 26.737743 26.819759 26.886459 26.971180 27.039253 27.126671 27.196072 27.286156 27.356812 27.449501 27.521313 27.616518 27.689358 27.786963 27.860674 27.960529 28.034933 28.136860 28.211752 28.315546 28.390694 28.496122 28.571268 28.678072 28.752943 28.860836 28.935131 29.043804 29.117214 29.226336 29.298525 29.407745 29.478371 29.587324 29.656031 29.764332 29.830757 29.938013 30.001789 30.107595 30.168354 30.272303 30.329676 30.431356 30.484982 30.583979 30.633505 30.729414 30.774498 30.866919 30.907234 30.995779 31.031017 31.115313 31.145187 31.224876 31.249123 31.323874 31.342253 31.411757 31.424061 31.488031 31.494089 31.552271 31.551939 31.604107 31.597277 31.643246 31.629847 31.669460 31.649460 31.682600 31.656004 31.682587 31.649435 31.669422 31.629797 31.643183 31.597200 31.604017 31.551832 31.552149 31.493952 31.487875 31.423887 31.411560 31.342039 31.323635 31.248861 31.224588 31.144871 31.114965 31.030638 30.995363 30.906782 30.866423 30.773960 30.728827 30.632870 30.583284 30.484230 30.430536 30.328793 30.271341 30.167318 30.106470 30.000576 29.936697 29.829340 29.762796 29.654381 29.585539 29.476456 29.405676 29.296305 29.223938 29.114647 29.041035 28.932171 28.857643 28.749535 28.674404 28.567358 28.491915 28.386215 28.310732 28.206635 28.131365 28.029099 27.954269 27.854036 27.779850 27.681824 27.608458 27.512781 27.440384 27.347174 27.275867 27.185207 27.115089 27.027035 26.958170 26.872753 26.805182 26.722401 26.656136 26.575964 26.510996 26.433382 26.369671 26.294538 26.232025 26.159275 26.097876 26.027390 25.967001 25.898636 25.839134 25.772738 25.713982 25.649384 25.591211 25.528227 25.470470 25.408903 25.351381 25.291029 25.233549 25.174198 25.116560 25.057997 25.000000 
25.000000 25.065184 25.131010 25.195797 25.262526 25.327158 25.395044 25.459759 25.529051 25.594074 25.665018 25.730568 25.803396 25.869677 25.944609 26.011808 26.089052 26.157341 26.237083 26.306614 26.389023 26.459923 26.545149 26.617523 26.705687 26.779613 26.870815 26.946346 27.040653 27.117813 27.215269 27.294050 27.394665 27.475027 27.578781 27.660658 27.767496 27.850786 27.960621 28.045189 28.157900 28.243586 28.359015 28.445621 28.563580 28.650879 28.771143 28.858879 28.981192 29.069084 29.193157 29.280891 29.406406 29.493645 29.620256 29.706646 29.833977 29.919136 30.046789 30.130323 30.257877 30.339380 30.466398 30.545446 30.671471 30.747641 30.872208 30.945066 31.067699 31.136816 31.257036 31.321983 31.439308 31.499668 31.613619 31.668985 31.779087 31.829071 31.934868 31.979094 32.080139 32.118259 32.214127 32.245819 32.336102 32.361073 32.445396 32.463387 32.541405 32.552189 32.623589 32.626980 32.691475 32.687332 32.744682 32.732899 32.782906 32.763416 32.805923 32.778717 32.813599 32.778702 32.805893 32.763374 32.782848 32.732822 32.744595 32.687225 32.691349 32.626839 32.623425 32.552010 32.541199 32.463161 32.445145 32.360798 32.335793 32.245483 32.213753 32.117855 32.079693 31.978609 31.934336 31.828495 31.778456 31.668303 31.612869 31.498859 31.438425 31.321030 31.255997 31.135696 31.066483 30.943754 30.870785 30.746107 30.669809 30.543659 30.464462 30.337301 30.255629 30.127913 30.044182 29.916344 29.830963 29.703423 29.616779 29.489933 29.402405 29.276621 29.188562 29.064190 28.975929 28.853281 28.765127 28.644487 28.556719 28.438341 28.351212 28.235313 28.149044 28.035814 27.950594 27.840179 27.756168 27.648691 27.566013 27.461554 27.380308 27.278915 27.199163 27.100855 27.022627 26.927385 26.850683 26.758467 26.683260 26.593990 26.520224 26.433800 26.361385 26.277679 26.206512 26.125370 26.055313 25.976564 25.907465 25.830919 25.762600 25.688047 25.620316 25.547537 25.480185 25.408947 25.341757 25.271814 25.204557 25.135662 25.068102 25.000000 
25.000000 25.075003 25.149410 25.225300 25.299391 25.376461 25.450512 25.529051 25.603327 25.683617 25.758373 25.840691 25.916168 26.000772 26.077196 26.164331 26.241909 26.331800 26.410715 26.503569 26.583981 26.679977 26.762024 26.861317 26.945101 27.047819 27.133415 27.239655 27.327108 27.436934 27.526251 27.639692 27.730850 27.847900 27.940836 28.061455 28.156071 28.280174 28.376339 28.503809 28.601351 28.732027 28.830740 28.964428 29.064070 29.200527 29.300823 29.439775 29.540415 29.681555 29.782196 29.925171 30.025444 30.169874 30.269381 30.414852 30.513170 30.659241 30.755928 30.902126 30.996723 31.142559 31.234589 31.379547 31.468525 31.612080 31.697515 31.839127 31.920523 32.059643 32.136509 32.272587 32.344440 32.476925 32.543289 32.671635 32.732056 32.855728 32.909767 33.028248 33.075493 33.188282 33.228344 33.334969 33.367493 33.467503 33.492180 33.585159 33.601704 33.687275 33.695457 33.773277 33.772907 33.842674 33.833607 33.895073 33.877213 33.930172 33.903469 33.947762 33.912231 33.947742 33.903439 33.930119 33.877144 33.894989 33.833504 33.842556 33.772766 33.773113 33.695274 33.687065 33.601475 33.584896 33.491894 33.467182 33.367146 33.334579 33.227921 33.187813 33.074986 33.027691 32.909161 32.855064 32.731335 32.670845 32.542435 32.475990 32.343433 32.271492 32.135323 32.058357 31.919132 31.837618 31.695889 31.610317 31.466627 31.377493 31.232380 31.140167 30.994158 30.899353 30.752956 30.656029 30.509733 30.411142 30.265415 30.165598 30.020882 29.920256 29.776958 29.675919 29.534418 29.433329 29.293968 29.193165 29.056253 28.956041 28.821848 28.722502 28.591257 28.493010 28.364910 28.267962 28.143160 28.047672 27.926283 27.832384 27.714485 27.622265 27.507891 27.417406 27.306559 27.217825 27.110468 27.023470 26.919537 26.834223 26.733610 26.649900 26.552475 26.470259 26.375860 26.294998 26.203442 26.123766 26.034843 25.956163 25.869648 25.791754 25.707397 25.630060 25.547602 25.470575 25.389746 25.312773 25.233284 25.156101 25.077667 25.000000 
25.000000 25.084225 25.169287 25.252998 25.339228 25.422735 25.510462 25.594074 25.683617 25.767630 25.859304 25.943998 26.038107 26.123743 26.220570 26.307394 26.407202 26.495436 26.598473 26.688307 26.794790 26.886393 26.996510 27.090021 27.203930 27.299448 27.417278 27.514868 27.636709 27.736404 27.862310 27.964100 28.094084 28.197920 28.331953 28.437744 28.575760 28.683378 28.825262 28.934534 29.080128 29.190844 29.339947 29.451853 29.604219 29.717024 29.872362 29.985733 30.143715 30.257288 30.417540 30.530910 30.693020 30.805756 30.969275 31.080915 31.245358 31.355413 31.520267 31.628229 31.792950 31.898287 32.062309 32.164482 32.327217 32.425674 32.586521 32.680702 32.839046 32.928398 33.083622 33.167587 33.319065 33.397114 33.544228 33.615829 33.757969 33.822617 33.959194 34.016407 34.146843 34.196171 34.319916 34.360939 34.477470 34.509819 34.618649 34.641979 34.742661 34.756687 34.848816 34.853294 34.936504 34.931252 35.005234 34.990108 35.054604 35.029533 35.084335 35.049294 35.094254 35.049274 35.084297 35.029476 35.054531 34.990013 35.005119 34.931110 34.936344 34.853111 34.848606 34.756454 34.742397 34.641685 34.618320 34.509460 34.477070 34.360504 34.319431 34.195648 34.146263 34.015781 33.958504 33.821869 33.757153 33.614944 33.543262 33.396069 33.317924 33.166355 33.082279 32.926949 32.837475 32.679005 32.584682 32.423691 32.325069 32.162170 32.059807 31.895601 31.790043 31.625111 31.516899 31.351807 31.241463 31.076750 30.964781 30.800959 30.687847 30.525394 30.411600 30.250963 30.136911 29.978498 29.864586 29.708763 29.595352 29.442446 29.329861 29.180155 29.068682 28.922417 28.812302 28.669672 28.561119 28.422277 28.315453 28.180506 28.075529 27.944540 27.841494 27.714485 27.613411 27.490364 27.391262 27.272116 27.174950 27.059608 26.964300 26.852633 26.759075 26.650915 26.558966 26.454119 26.363605 26.261848 26.172571 26.073658 25.985388 25.889051 25.801538 25.707493 25.620472 25.528416 25.441603 25.351223 25.264320 25.175293 25.087999 25.000000 
25.000000 25.094280 25.187807 25.283205 25.376331 25.473215 25.566288 25.665018 25.758373 25.859304 25.953264 26.056742 26.151608 26.257956 26.354013 26.463539 26.561047 26.674034 26.773224 26.889933 26.991003 27.111658 27.214781 27.339579 27.444887 27.573986 27.681572 27.815092 27.925013 28.063036 28.175301 28.317863 28.432442 28.579535 28.696350 28.847921 28.966852 29.122799 29.243675 29.403849 29.526455 29.690655 29.814735 29.982712 30.107962 30.279415 30.405489 30.580072 30.706583 30.883905 31.010422 31.190046 31.316101 31.497547 31.622643 31.805391 31.928997 32.112492 32.234055 32.417702 32.536640 32.719826 32.835545 33.017620 33.129509 33.309814 33.417252 33.595112 33.697479 33.872204 33.968880 34.139778 34.230156 34.396534 34.480022 34.641193 34.717216 34.872513 34.940517 35.089291 35.148758 35.290375 35.340820 35.474686 35.515667 35.641216 35.672337 35.789051 35.809959 35.917358 35.927761 36.025421 36.025074 36.112617 36.101345 36.178455 36.156136 36.222553 36.189129 36.244656 36.200134 36.244637 36.189087 36.222492 36.156052 36.178352 36.101215 36.112469 36.024895 36.025215 35.927528 35.917095 35.809666 35.788719 35.671974 35.640812 35.515224 35.474194 35.340286 35.289783 35.148117 35.088585 34.939754 34.871677 34.716309 34.640202 34.478951 34.395363 34.228889 34.138397 33.967388 33.870586 33.695728 33.593216 33.415207 33.307602 33.127121 33.015038 32.832764 32.716816 32.533413 32.414211 32.230316 32.108452 31.924677 31.800724 31.617659 31.492170 31.310364 31.183865 31.003836 30.876818 30.699041 30.571964 30.396872 30.270157 30.098135 29.972168 29.803556 29.678677 29.513767 29.390268 29.229307 29.107441 28.950619 28.830593 28.678053 28.560028 28.411865 28.295954 28.152218 28.038485 27.899176 27.787645 27.652721 27.543375 27.412746 27.305519 27.179060 27.073849 26.951393 26.848057 26.729406 26.627769 26.512688 26.412544 26.300770 26.201880 26.093128 25.995224 25.889185 25.791979 25.688326 25.591511 25.489901 25.393154 25.293234 25.196220 25.097628 25.000000 
25.000000 25.103577 25.208185 25.311127 25.417173 25.519863 25.627752 25.730568 25.840691 25.943998 26.056742 26.160885 26.276617 26.381922 26.500994 26.607759 26.730495 26.838995 26.965696 27.076164 27.207100 27.319744 27.455143 27.570131 27.710192 27.827648 27.972525 28.092531 28.242334 28.364931 28.519726 28.644897 28.804701 28.932390 29.097168 29.227262 29.396931 29.529274 29.703690 29.838068 30.017040 30.153196 30.336475 30.474098 30.661381 30.800112 30.991043 31.130474 31.324650 31.464329 31.661287 31.800724 31.999958 32.138618 32.339577 32.476891 32.678978 32.814350 33.016937 33.149738 33.352154 33.481735 33.683285 33.808979 34.008938 34.130066 34.327702 34.443577 34.638130 34.748070 34.938778 35.042110 35.228207 35.324265 35.504993 35.593124 35.767735 35.847328 36.015091 36.085548 36.245758 36.306522 36.458504 36.509068 36.652180 36.692078 36.825718 36.854538 36.978161 36.995544 37.108646 37.114296 37.216434 37.210121 37.300919 37.282475 37.361607 37.330936 37.398151 37.355225 37.410339 37.355202 37.398106 37.330868 37.361515 37.282356 37.300777 37.209953 37.216240 37.114071 37.108387 36.995255 36.977833 36.854179 36.825317 36.691635 36.651688 36.508533 36.457909 36.305878 36.245045 36.084774 36.014244 35.846409 35.766731 35.592037 35.503799 35.322975 35.226803 35.040592 34.937126 34.746288 34.636192 34.441490 34.325436 34.127628 34.006298 33.806137 33.680206 33.478432 33.348576 33.145905 33.012791 32.809917 32.674187 32.471767 32.334045 32.132713 31.993591 31.793938 31.653978 31.456549 31.316278 31.121574 30.981478 30.789951 30.650475 30.462526 30.324070 30.140049 30.002960 29.823162 29.687746 29.512413 29.378920 29.208237 29.076870 28.910967 28.781878 28.620836 28.494122 28.337969 28.213678 28.062391 27.940525 27.794029 27.674545 27.532724 27.415525 27.278217 27.163172 27.030174 26.917107 26.788177 26.676876 26.551744 26.441961 26.320324 26.211779 26.093307 25.985697 25.870039 25.763031 25.649818 25.543066 25.431915 25.325052 25.215567 25.108219 25.000000 
25.000000 25.113899 25.226885 25.342136 25.454636 25.571684 25.684116 25.803396 25.916168 26.038107 26.151608 26.276617 26.391216 26.519690 26.635727 26.768038 26.885826 27.022314 27.142134 27.283113 27.405207 27.550949 27.675522 27.826262 27.953476 28.109404 28.239372 28.400635 28.533422 28.700119 28.835739 29.007914 29.146328 29.323969 29.465088 29.648129 29.791803 29.980124 30.126150 30.319567 30.467690 30.665958 30.815865 31.018686 31.170010 31.377022 31.529341 31.740128 31.892977 32.107063 32.259922 32.476780 32.629089 32.848137 32.999290 33.219902 33.369263 33.590767 33.737663 33.959347 34.103077 34.324196 34.464039 34.683811 34.819035 35.036659 35.166512 35.381180 35.504913 35.715782 35.832653 36.038891 36.148167 36.348938 36.449894 36.644379 36.736320 36.923702 37.005970 37.185463 37.257427 37.428276 37.489353 37.650833 37.700481 37.851925 37.889668 38.030434 38.055851 38.185368 38.198097 38.315849 38.315605 38.421143 38.407707 38.500641 38.473869 38.553890 38.513706 38.580574 38.526997 38.580551 38.513657 38.553814 38.473763 38.500515 38.407551 38.420956 38.315392 38.315601 38.197819 38.185047 38.055496 38.030037 37.889229 37.851437 37.699951 37.650242 37.488705 37.427567 37.256653 37.184612 37.005043 36.922691 36.735226 36.643177 36.448597 36.347523 36.146637 36.037224 35.830853 35.713825 35.502800 35.378883 35.164043 35.033981 34.816151 34.680687 34.460682 34.320560 34.099178 33.955128 33.733147 33.585884 33.364044 33.214264 32.993267 32.841637 32.622158 32.469311 32.251965 32.098495 31.883863 31.730328 31.518927 31.365833 31.158133 31.005945 30.802355 30.651484 30.452356 30.303158 30.108788 29.961565 29.772186 29.627190 29.442976 29.300396 29.121464 28.981438 28.807846 28.670452 28.502203 28.367472 28.204510 28.072416 27.914639 27.785107 27.632359 27.505262 27.357347 27.232517 27.089191 26.966415 26.827398 26.706425 26.571398 26.451939 26.320560 26.202291 26.074188 25.956764 25.831541 25.714588 25.591831 25.474960 25.354244 25.237049 25.117939 25.000000 
25.000000 25.123299 25.247829 25.370369 25.496614 25.618853 25.747288 25.869677 26.000772 26.123743 26.257956 26.381922 26.519690 26.645039 26.786779 26.913864 27.059963 27.189112 27.339924 27.471420 27.627266 27.761353 27.922506 28.059383 28.226078 28.365896 28.538315 28.681168 28.859446 29.005381 29.189592 29.338594 29.528759 29.680759 29.876837 30.031706 30.233591 30.391136 30.598663 30.758638 30.971579 31.133671 31.351727 31.515568 31.738380 31.903542 32.130688 32.296688 32.527679 32.693981 32.928272 33.094292 33.331284 33.496384 33.735420 33.898922 34.139294 34.300488 34.541443 34.699581 34.940327 35.094639 35.334343 35.484032 35.721836 35.866096 36.101124 36.239143 36.470497 36.601460 36.828228 36.951332 37.172607 37.287064 37.501938 37.606972 37.814564 37.909435 38.108871 38.192883 38.383324 38.455814 38.636456 38.696808 38.866894 38.914558 39.073372 39.107857 39.254745 39.275631 39.409996 39.416927 39.538246 39.530941 39.638763 39.617031 39.710972 39.674690 39.754452 39.703590 39.768955 39.703564 39.754398 39.674606 39.710861 39.616890 39.638596 39.530743 39.538010 39.416656 39.409691 39.275288 39.254360 39.107430 39.072895 38.914032 38.866310 38.696171 38.635754 38.455044 38.382481 38.191963 38.107864 37.908340 37.813366 37.605675 37.500519 37.285526 37.170937 36.949528 36.826263 36.599339 36.468193 36.236660 36.098427 35.863194 35.718685 35.480644 35.330673 35.090698 34.936066 34.695015 34.536503 34.295204 34.133587 33.892818 33.728836 33.489353 33.323708 33.086212 32.919575 32.684715 32.517712 32.286087 32.119293 31.891439 31.725389 31.501785 31.336952 31.118011 30.954811 30.740887 30.579679 30.371058 30.212145 30.009047 29.852667 29.655252 29.501583 29.309946 29.159103 28.973278 28.825325 28.645279 28.500216 28.325867 28.183636 28.014843 27.875336 27.711910 27.574965 27.416662 27.282074 27.128611 26.996122 26.847176 26.716496 26.571703 26.442497 26.301470 26.173376 26.035694 25.908319 25.773546 25.646473 25.514153 25.386948 25.256613 25.128826 25.000000 
25.000000 25.133919 25.266764 25.402275 25.534546 25.672171 25.804361 25.944609 26.077196 26.220570 26.354013 26.500994 26.635727 26.786779 26.923203 27.078758 27.217241 27.377705 27.518578 27.684313 27.827860 27.999187 28.145653 28.322847 28.472418 28.655704 28.808514 28.998066 29.154188 29.350121 29.509575 29.711937 29.874680 30.083456 30.249382 30.464497 30.633429 30.854738 31.026440 31.253727 31.427896 31.660879 31.837151 32.075470 32.253410 32.496647 32.675762 32.923420 33.103165 33.354691 33.534451 33.789223 33.968342 34.225677 34.403446 34.662609 34.838272 35.098473 35.271248 35.531651 35.700706 35.960434 36.124928 36.383064 36.542130 36.797737 36.950500 37.202618 37.348194 37.595840 37.733360 37.975552 38.104153 38.339909 38.458740 38.687096 38.795345 39.015347 39.112228 39.322952 39.407734 39.608292 39.680283 39.869827 39.928398 40.106133 40.150715 40.315907 40.346004 40.497971 40.513168 40.651302 40.651257 40.775036 40.759487 40.868454 40.837234 40.931023 40.884052 40.962383 40.899670 40.962357 40.883995 40.930935 40.837116 40.868305 40.759304 40.774815 40.651005 40.651012 40.512840 40.497597 40.345592 40.315437 40.150204 40.105564 39.927769 39.869137 39.679523 39.607460 39.406822 39.321957 39.111141 39.014156 38.794052 38.685684 38.457211 38.338242 38.102348 37.973591 37.731243 37.593536 37.345711 37.199917 36.947594 36.794582 36.538738 36.379383 36.120975 35.956154 35.696117 35.526688 35.265930 35.092731 34.832127 34.655979 34.396358 34.218037 33.960186 33.780437 33.525085 33.344616 33.092442 32.911892 32.663509 32.483486 32.239437 32.060482 31.821255 31.643852 31.409861 31.234428 31.006016 30.832911 30.610355 30.439869 30.223375 30.055731 29.845436 29.680798 29.476770 29.315231 29.117474 28.959064 28.767515 28.612207 28.426744 28.274448 28.094891 27.945461 27.771578 27.624813 27.456320 27.311970 27.148535 27.006304 26.847557 26.707106 26.552645 26.413595 26.262978 26.124922 25.977688 25.840185 25.695850 25.558443 25.416506 25.278715 25.138668 25.000000 
25.000000 25.143450 25.288336 25.430901 25.577780 25.719995 25.869423 26.011808 26.164331 26.307394 26.463539 26.607759 26.768038 26.913864 27.078758 27.226610 27.396566 27.546818 27.722252 27.875235 28.056517 28.212513 28.399963 28.559206 28.753094 28.915758 29.116297 29.282494 29.489838 29.659620 29.873856 30.047211 30.268358 30.445204 30.673218 30.853401 31.088160 31.271463 31.512772 31.698902 31.946493 32.135094 32.388622 32.579262 32.838306 33.030487 33.294559 33.487720 33.756252 33.949772 34.222134 34.415325 34.690815 34.882942 35.160797 35.351070 35.630466 35.818062 36.098125 36.282173 36.561981 36.741581 37.020168 37.194405 37.470768 37.638702 37.911823 38.072506 38.341343 38.493824 38.757317 38.900673 39.157764 39.291069 39.540710 39.663067 39.904224 40.014778 40.246445 40.344372 40.565571 40.650105 40.859901 40.930336 41.127846 41.183533 41.367931 41.408298 41.578823 41.603378 41.759342 41.767677 41.908466 41.900249 42.025341 42.000351 42.109299 42.067394 42.159855 42.101002 42.176720 42.100967 42.159790 42.067303 42.109169 42.000187 42.025143 41.900017 41.908192 41.767365 41.758987 41.602982 41.578377 41.407803 41.367374 41.182922 41.127171 40.929592 40.859085 40.649212 40.564587 40.343300 40.245270 40.013500 39.902832 39.661556 39.539059 39.289280 39.155819 38.898571 38.755028 38.491356 38.338654 38.069611 37.908680 37.635319 37.467098 37.190464 37.015896 36.737000 36.557018 36.276855 36.092377 35.811909 35.623821 35.343964 35.153130 34.874756 34.681992 34.405914 34.212006 33.938984 33.744652 33.475380 33.281300 33.016399 32.823189 32.563217 32.371426 32.116863 31.926979 31.678240 31.490677 31.248093 31.063200 30.827030 30.645086 30.415516 30.236729 30.013868 29.838373 29.622259 29.450127 29.240728 29.071957 28.869175 28.703703 28.507374 28.345072 28.154976 27.995655 27.811514 27.654934 27.476416 27.322281 27.149008 26.996975 26.828533 26.678217 26.514149 26.365126 26.204947 26.056759 25.899961 25.752125 25.598179 25.450188 25.298550 25.149879 25.000000 
25.000000 25.154398 25.307556 25.463791 25.616287 25.774958 25.927357 26.089052 26.241909 26.407202 26.561047 26.730495 26.885826 27.059963 27.217241 27.396566 27.556221 27.741196 27.903605 28.094646 28.260143 28.457623 28.626480 28.830717 29.003155 29.214405 29.390577 29.609039 29.789034 30.014835 30.198675 30.431875 30.619509 30.860092 31.051395 31.299273 31.494045 31.749046 31.947018 32.208897 32.409718 32.678143 32.881390 33.155952 33.361130 33.641346 33.847881 34.133183 34.340446 34.630192 34.837479 35.130951 35.337505 35.633919 35.838921 36.137428 36.340012 36.639702 36.838959 37.138866 37.333851 37.632965 37.822701 38.119968 38.303459 38.597797 38.774036 39.064331 39.232300 39.517433 39.676128 39.954964 40.103382 40.374794 40.511967 40.774834 40.899826 41.153057 41.264961 41.507492 41.605457 41.836262 41.919498 42.137608 42.205387 42.409878 42.461552 42.651577 42.686565 42.861351 42.879177 43.038021 43.038288 43.180580 43.162991 43.288216 43.252571 43.360310 43.306515 43.396446 43.324509 43.396412 43.306450 43.360207 43.252434 43.288044 43.162777 43.180332 43.037994 43.037685 42.878796 42.860924 42.686089 42.651039 42.460957 42.409222 42.204662 42.136806 41.918625 41.835300 41.604404 41.506340 41.263706 41.151688 40.898335 40.773209 40.510204 40.372871 40.101303 39.952702 39.673683 39.514774 39.229435 39.061214 38.770679 38.594154 38.299545 38.115723 37.818146 37.628029 37.328560 37.133141 36.832825 36.633076 36.332920 36.129776 35.830742 35.625103 35.328094 35.120815 34.826679 34.618568 34.328075 34.119884 33.833748 33.626163 33.345013 33.138668 32.863056 32.658504 32.388908 32.186634 31.923460 31.723871 31.467432 31.270866 31.021400 30.828115 30.585783 30.395964 30.160841 29.974598 29.746691 29.564058 29.343296 29.164242 28.950483 28.774902 28.567944 28.395668 28.195238 28.026035 27.831812 27.665394 27.476994 27.313019 27.130018 26.968096 26.790026 26.629721 26.456081 26.296919 26.127174 25.968651 25.802248 25.643831 25.480192 25.321331 25.159870 25.000000 
25.000000 25.164085 25.329811 25.492882 25.660889 25.823557 25.994478 26.157341 26.331800 26.495436 26.674034 26.838995 27.022314 27.189112 27.377705 27.546818 27.741196 27.913054 28.113686 28.288670 28.495979 28.674412 28.888767 29.070913 29.292620 29.478682 29.707981 29.898087 30.135157 30.329363 30.574303 30.772596 31.025429 31.227716 31.488386 31.694498 31.962864 32.172546 32.448387 32.661308 32.944317 33.160065 33.449848 33.667934 33.964008 34.183865 34.485672 34.706654 35.013550 35.234943 35.546200 35.767223 36.082043 36.301857 36.619362 36.837067 37.156322 37.370972 37.690971 37.901577 38.221264 38.426796 38.745071 38.944481 39.260201 39.452412 39.764408 39.948341 40.255421 40.429996 40.730949 40.895100 41.188721 41.341389 41.626484 41.766647 42.042030 42.168709 42.433228 42.545483 42.798027 42.894981 43.134480 43.215321 43.440762 43.504757 43.715202 43.761692 43.956272 43.984692 44.162621 44.172504 44.333076 44.324051 44.466675 44.438473 44.562641 44.515114 44.620434 44.553528 44.639709 44.553490 44.620361 44.515007 44.562496 44.438290 44.466446 44.323784 44.332764 44.172146 44.162212 43.984238 43.955757 43.761124 43.714565 43.504055 43.439987 43.214470 43.133541 42.893955 42.796902 42.544254 42.431885 42.167248 42.040436 41.764915 41.624596 41.339344 41.186497 40.892689 40.728333 40.427166 40.252346 39.945030 39.760811 39.448544 39.256004 38.939972 38.740185 38.421551 38.215588 37.895489 37.684391 37.363930 37.148712 36.828934 36.610588 36.292484 36.071945 35.756454 35.534603 35.222591 35.000267 34.692528 34.470497 34.167744 33.946709 33.649574 33.430168 33.139206 32.921982 32.637661 32.423100 32.145802 31.934299 31.664322 31.456196 31.193748 30.989235 30.734446 30.533703 30.286613 30.089720 29.850298 29.657251 29.425383 29.236111 29.011612 28.825964 28.608583 28.426350 28.215767 28.036669 27.832508 27.656208 27.458040 27.284143 27.091492 26.919561 26.731907 26.561453 26.378242 26.208744 26.029398 25.860300 25.684214 25.514936 25.341488 25.171436 25.000000 
25.000000 25.175386 25.349363 25.526836 25.700060 25.880297 26.053411 26.237083 26.410715 26.598473 26.773224 26.965696 27.142134 27.339924 27.518578 27.722252 27.903605 28.113686 28.298170 28.515133 28.703123 28.927387 29.119196 29.351124 29.547001 29.786880 29.987001 30.235056 30.439522 30.695900 30.904736 31.169500 31.382647 31.655781 31.873098 32.154499 32.375763 32.665237 32.890137 33.187405 33.415546 33.720230 33.951130 34.262772 34.495865 34.813908 35.048553 35.372353 35.607834 35.936657 36.172173 36.505211 36.739899 37.076263 37.309193 37.647919 37.878117 38.218163 38.444592 38.784866 39.006458 39.345810 39.561455 39.898697 40.107262 40.441154 40.641499 40.970787 41.161755 41.485165 41.665615 41.981857 42.150654 42.458454 42.614494 42.912582 43.054802 43.341934 43.469311 43.744282 43.855846 44.117493 44.212345 44.459568 44.536884 44.768639 44.827679 45.043003 45.083115 45.281128 45.301762 45.481670 45.482380 45.643497 45.623940 45.765678 45.725628 45.847515 45.786865 45.888531 45.807289 45.888493 45.786785 45.847397 45.725471 45.765480 45.623695 45.643211 45.482044 45.481293 45.301327 45.280640 45.082569 45.042393 44.827003 44.767891 44.536060 44.458656 44.211349 44.116398 43.854649 43.742970 43.467884 43.340374 43.053108 42.910732 42.612492 42.456268 42.148293 41.979286 41.662830 41.482143 41.158493 40.967247 40.637684 40.437019 40.102814 39.893871 39.556278 39.340202 39.000443 38.778358 38.437622 38.210629 37.870056 37.639217 37.299900 37.066238 36.729202 36.493690 36.159893 35.923443 35.593769 35.357239 35.032486 34.796654 34.477551 34.243122 33.930294 33.697910 33.391899 33.162106 32.863365 32.636627 32.345520 32.122219 31.839012 31.619442 31.344320 31.128691 30.861742 30.650177 30.391407 30.183947 29.933275 29.729881 29.487152 29.287704 29.052685 28.856993 28.629377 28.437178 28.216599 28.027563 27.813591 27.627331 27.419483 27.235554 27.033300 26.851206 26.653978 26.473183 26.280375 26.100306 25.911287 25.731340 25.545462 25.365007 25.181601 25.000000 
